0.0429745 0.0429745 0.0429746 0.0429746 0.0429746 0.0429746 0.0429746 0.0429746 0.0429746 0.0429746 0.0429746 0.0429746 0.0429746 0.0429746 0.0429746 0.0429746 0.0429746 0.0429746 0.0429746 0.0429746 0.0429746 0.0429746 0.0429746 0.0429746 0.0429746 0.0429746 0.0429746 0.0429746 0.0429746 0.0429746 0.0429746 0.0429746 0.0429746 0.0429746 0.0429746 0.0429746 0.0429746 0.0429746 0.0429746 0.0429746 0.0429746 0.0429746 0.0429746 0.0429746 0.0429745 0.0429745 0.0429745 0.0429745 0.0429745 0.0429745 0.0429745 0.0429745 0.0429745 0.0429745 0.0429745 0.0429745 0.0429745 0.0429745 0.0429745 0.0429745 0.0429745 0.0429745 
0.128412 0.128412 0.128412 0.128412 0.128412 0.128412 0.128412 0.128412 0.128412 0.128412 0.128412 0.128412 0.128412 0.128412 0.128412 0.128412 0.128412 0.128412 0.128412 0.128412 0.128412 0.128412 0.128412 0.128412 0.128412 0.128412 0.128412 0.128412 0.128412 0.128412 0.128412 0.128412 0.128412 0.128412 0.128412 0.128412 0.128412 0.128412 0.128412 0.128412 0.128412 0.128412 0.128412 0.128412 0.128412 0.128412 0.128412 0.128412 0.128412 0.128412 0.128412 0.128412 0.128412 0.128412 0.128412 0.128412 0.128412 0.128412 0.128412 0.128412 0.128412 0.128412 
0.212325 0.212325 0.212325 0.212325 0.212325 0.212325 0.212325 0.212325 0.212325 0.212325 0.212325 0.212325 0.212325 0.212325 0.212325 0.212325 0.212325 0.212325 0.212325 0.212325 0.212325 0.212325 0.212325 0.212325 0.212325 0.212325 0.212325 0.212325 0.212325 0.212325 0.212325 0.212325 0.212325 0.212325 0.212325 0.212325 0.212325 0.212325 0.212325 0.212325 0.212325 0.212325 0.212325 0.212325 0.212325 0.212325 0.212325 0.212325 0.212325 0.212325 0.212325 0.212325 0.212325 0.212325 0.212325 0.212325 0.212325 0.212325 0.212325 0.212325 0.212325 0.212325 
0.293738 0.293738 0.293738 0.293738 0.293738 0.293738 0.293738 0.293738 0.293738 0.293738 0.293738 0.293738 0.293738 0.293738 0.293738 0.293738 0.293738 0.293738 0.293738 0.293738 0.293738 0.293738 0.293738 0.293738 0.293738 0.293738 0.293738 0.293738 0.293738 0.293738 0.293738 0.293738 0.293738 0.293738 0.293738 0.293738 0.293738 0.293738 0.293738 0.293738 0.293738 0.293738 0.293738 0.293738 0.293738 0.293738 0.293738 0.293738 0.293738 0.293738 0.293738 0.293738 0.293738 0.293738 0.293738 0.293738 0.293738 0.293738 0.293738 0.293738 0.293738 0.293738 
0.371732 0.371732 0.371732 0.371732 0.371732 0.371732 0.371732 0.371732 0.371732 0.371732 0.371732 0.371732 0.371732 0.371732 0.371732 0.371732 0.371732 0.371732 0.371732 0.371732 0.371732 0.371732 0.371732 0.371732 0.371732 0.371732 0.371732 0.371732 0.371732 0.371732 0.371732 0.371732 0.371732 0.371732 0.371732 0.371732 0.371732 0.371732 0.371732 0.371732 0.371732 0.371732 0.371732 0.371732 0.371732 0.371732 0.371732 0.371732 0.371732 0.371732 0.371732 0.371732 0.371732 0.371732 0.371732 0.371732 0.371732 0.371732 0.371732 0.371732 0.371732 0.371732 
0.44546 0.44546 0.44546 0.44546 0.44546 0.44546 0.44546 0.44546 0.44546 0.44546 0.44546 0.44546 0.44546 0.44546 0.44546 0.44546 0.44546 0.44546 0.44546 0.44546 0.44546 0.44546 0.44546 0.44546 0.44546 0.44546 0.44546 0.44546 0.44546 0.44546 0.44546 0.44546 0.44546 0.44546 0.44546 0.44546 0.44546 0.44546 0.44546 0.44546 0.44546 0.44546 0.44546 0.44546 0.44546 0.44546 0.44546 0.44546 0.44546 0.44546 0.44546 0.44546 0.44546 0.44546 0.44546 0.44546 0.44546 0.44546 0.44546 0.44546 0.44546 0.44546 
0.514164 0.514164 0.514164 0.514164 0.514165 0.514165 0.514165 0.514165 0.514165 0.514165 0.514165 0.514164 0.514164 0.514164 0.514164 0.514164 0.514164 0.514164 0.514164 0.514164 0.514164 0.514164 0.514164 0.514164 0.514164 0.514163 0.514163 0.514163 0.514163 0.514163 0.514163 0.514163 0.514163 0.514163 0.514163 0.514163 0.514163 0.514163 0.514163 0.514163 0.514163 0.514163 0.514163 0.514163 0.514163 0.514163 0.514163 0.514163 0.514163 0.514163 0.514163 0.514163 0.514164 0.514164 0.514164 0.514164 0.514164 0.514164 0.514164 0.514164 0.514164 0.514164 
0.577178 0.577178 0.577178 0.577178 0.577179 0.577179 0.577179 0.577179 0.577179 0.577179 0.577179 0.577179 0.577179 0.577179 0.577179 0.577179 0.577179 0.577179 0.577179 0.577179 0.577178 0.577178 0.577178 0.577178 0.577178 0.577178 0.577177 0.577177 0.577177 0.577177 0.577177 0.577177 0.577176 0.577176 0.577176 0.577176 0.577176 0.577176 0.577176 0.577176 0.577176 0.577176 0.577176 0.577176 0.577176 0.577176 0.577176 0.577176 0.577176 0.577176 0.577176 0.577176 0.577176 0.577176 0.577177 0.577177 0.577177 0.577177 0.577177 0.577177 0.577178 0.577178 
0.633931 0.633931 0.633932 0.633932 0.633932 0.633933 0.633933 0.633933 0.633933 0.633933 0.633934 0.633934 0.633934 0.633934 0.633934 0.633934 0.633934 0.633934 0.633934 0.633934 0.633934 0.633934 0.633934 0.633933 0.633933 0.633933 0.633933 0.633932 0.633932 0.633932 0.633932 0.633931 0.633931 0.633931 0.63393 0.63393 0.63393 0.63393 0.633929 0.633929 0.633929 0.633929 0.633929 0.633929 0.633928 0.633928 0.633928 0.633928 0.633928 0.633928 0.633929 0.633929 0.633929 0.633929 0.633929 0.633929 0.63393 0.63393 0.63393 0.63393 0.633931 0.633931 
0.683949 0.683949 0.683949 0.68395 0.68395 0.683951 0.683951 0.683951 0.683952 0.683952 0.683952 0.683953 0.683953 0.683953 0.683954 0.683954 0.683954 0.683954 0.683954 0.683954 0.683954 0.683954 0.683954 0.683954 0.683954 0.683954 0.683953 0.683953 0.683953 0.683953 0.683952 0.683952 0.683951 0.683951 0.683951 0.68395 0.68395 0.683949 0.683949 0.683949 0.683948 0.683948 0.683948 0.683947 0.683947 0.683947 0.683947 0.683947 0.683946 0.683946 0.683946 0.683946 0.683946 0.683946 0.683946 0.683947 0.683947 0.683947 0.683947 0.683948 0.683948 0.683948 
0.726844 0.726845 0.726845 0.726845 0.726846 0.726846 0.726847 0.726847 0.726848 0.726848 0.726849 0.726849 0.72685 0.72685 0.72685 0.726851 0.726851 0.726851 0.726852 0.726852 0.726852 0.726852 0.726852 0.726852 0.726852 0.726852 0.726852 0.726852 0.726852 0.726851 0.726851 0.726851 0.72685 0.72685 0.72685 0.726849 0.726849 0.726848 0.726848 0.726847 0.726847 0.726846 0.726846 0.726845 0.726845 0.726845 0.726844 0.726844 0.726844 0.726843 0.726843 0.726843 0.726843 0.726843 0.726843 0.726843 0.726843 0.726843 0.726843 0.726843 0.726844 0.726844 
0.762313 0.762314 0.762314 0.762314 0.762315 0.762315 0.762316 0.762316 0.762317 0.762317 0.762318 0.762318 0.762319 0.762319 0.762319 0.76232 0.76232 0.762321 0.762321 0.762321 0.762322 0.762322 0.762322 0.762322 0.762322 0.762322 0.762322 0.762322 0.762322 0.762322 0.762322 0.762322 0.762321 0.762321 0.762321 0.76232 0.76232 0.76232 0.762319 0.762319 0.762318 0.762318 0.762317 0.762317 0.762316 0.762316 0.762315 0.762315 0.762314 0.762314 0.762314 0.762314 0.762313 0.762313 0.762313 0.762313 0.762313 0.762313 0.762313 0.762313 0.762313 0.762313 
0.790123 0.790123 0.790123 0.790124 0.790124 0.790124 0.790125 0.790125 0.790125 0.790126 0.790126 0.790127 0.790127 0.790127 0.790128 0.790128 0.790128 0.790129 0.790129 0.790129 0.79013 0.79013 0.79013 0.79013 0.790131 0.790131 0.790131 0.790131 0.790131 0.790131 0.790131 0.79013 0.79013 0.79013 0.79013 0.79013 0.790129 0.790129 0.790129 0.790128 0.790128 0.790127 0.790127 0.790127 0.790126 0.790126 0.790125 0.790125 0.790125 0.790124 0.790124 0.790124 0.790124 0.790123 0.790123 0.790123 0.790123 0.790123 0.790123 0.790123 0.790123 0.790123 
0.810103 0.810103 0.810103 0.810103 0.810103 0.810103 0.810103 0.810104 0.810104 0.810104 0.810104 0.810105 0.810105 0.810105 0.810105 0.810105 0.810106 0.810106 0.810106 0.810106 0.810106 0.810106 0.810107 0.810107 0.810107 0.810107 0.810107 0.810107 0.810107 0.810107 0.810107 0.810107 0.810106 0.810106 0.810106 0.810106 0.810106 0.810106 0.810105 0.810105 0.810105 0.810105 0.810104 0.810104 0.810104 0.810104 0.810104 0.810103 0.810103 0.810103 0.810103 0.810103 0.810103 0.810102 0.810102 0.810102 0.810102 0.810102 0.810102 0.810102 0.810102 0.810102 
0.822136 0.822136 0.822136 0.822136 0.822136 0.822136 0.822136 0.822137 0.822137 0.822137 0.822137 0.822137 0.822137 0.822137 0.822137 0.822137 0.822137 0.822136 0.822136 0.822136 0.822136 0.822136 0.822136 0.822136 0.822136 0.822136 0.822136 0.822136 0.822135 0.822135 0.822135 0.822135 0.822135 0.822135 0.822135 0.822135 0.822135 0.822135 0.822135 0.822134 0.822134 0.822134 0.822134 0.822134 0.822134 0.822134 0.822134 0.822134 0.822135 0.822135 0.822135 0.822135 0.822135 0.822135 0.822135 0.822135 0.822135 0.822135 0.822135 0.822136 0.822136 0.822136 
0.826156 0.826156 0.826156 0.826156 0.826156 0.826156 0.826156 0.826156 0.826156 0.826156 0.826156 0.826155 0.826155 0.826155 0.826155 0.826154 0.826154 0.826154 0.826153 0.826153 0.826153 0.826152 0.826152 0.826152 0.826151 0.826151 0.826151 0.826151 0.826151 0.82615 0.82615 0.82615 0.82615 0.82615 0.82615 0.82615 0.82615 0.82615 0.82615 0.82615 0.826151 0.826151 0.826151 0.826151 0.826151 0.826152 0.826152 0.826152 0.826153 0.826153 0.826153 0.826154 0.826154 0.826154 0.826155 0.826155 0.826155 0.826155 0.826156 0.826156 0.826156 0.826156 
0.822141 0.822141 0.822141 0.822141 0.822141 0.82214 0.82214 0.82214 0.822139 0.822139 0.822139 0.822138 0.822138 0.822137 0.822137 0.822136 0.822136 0.822135 0.822134 0.822134 0.822133 0.822133 0.822133 0.822132 0.822132 0.822131 0.822131 0.822131 0.822131 0.822131 0.82213 0.82213 0.82213 0.822131 0.822131 0.822131 0.822131 0.822131 0.822132 0.822132 0.822132 0.822133 0.822133 0.822134 0.822134 0.822135 0.822135 0.822136 0.822136 0.822137 0.822137 0.822138 0.822138 0.822139 0.822139 0.82214 0.82214 0.82214 0.82214 0.822141 0.822141 0.822141 
0.810111 0.810111 0.810111 0.81011 0.81011 0.810109 0.810109 0.810108 0.810108 0.810107 0.810107 0.810106 0.810105 0.810105 0.810104 0.810103 0.810103 0.810102 0.810102 0.810101 0.8101 0.8101 0.8101 0.810099 0.810099 0.810099 0.810099 0.810098 0.810098 0.810098 0.810098 0.810099 0.810099 0.810099 0.810099 0.8101 0.8101 0.810101 0.810101 0.810102 0.810102 0.810103 0.810104 0.810104 0.810105 0.810106 0.810106 0.810107 0.810108 0.810108 0.810109 0.810109 0.81011 0.81011 0.81011 0.810111 0.810111 0.810111 0.810111 0.810111 0.810111 0.810111 
0.790133 0.790132 0.790132 0.790131 0.790131 0.79013 0.790129 0.790129 0.790128 0.790127 0.790127 0.790126 0.790125 0.790125 0.790124 0.790123 0.790123 0.790122 0.790122 0.790121 0.790121 0.790121 0.790121 0.79012 0.79012 0.79012 0.79012 0.79012 0.790121 0.790121 0.790121 0.790122 0.790122 0.790123 0.790123 0.790124 0.790124 0.790125 0.790126 0.790126 0.790127 0.790128 0.790129 0.790129 0.79013 0.790131 0.790131 0.790132 0.790132 0.790133 0.790133 0.790133 0.790134 0.790134 0.790134 0.790134 0.790134 0.790134 0.790134 0.790134 0.790133 0.790133 
0.762321 0.762321 0.76232 0.762319 0.762319 0.762318 0.762317 0.762317 0.762316 0.762315 0.762315 0.762314 0.762314 0.762313 0.762313 0.762312 0.762312 0.762312 0.762312 0.762312 0.762312 0.762312 0.762312 0.762312 0.762312 0.762312 0.762313 0.762313 0.762313 0.762314 0.762315 0.762315 0.762316 0.762316 0.762317 0.762318 0.762318 0.762319 0.76232 0.76232 0.762321 0.762322 0.762322 0.762323 0.762323 0.762324 0.762324 0.762324 0.762324 0.762325 0.762325 0.762325 0.762325 0.762325 0.762325 0.762324 0.762324 0.762324 0.762323 0.762323 0.762322 0.762322 
0.726848 0.726847 0.726847 0.726846 0.726846 0.726845 0.726845 0.726844 0.726844 0.726843 0.726843 0.726843 0.726843 0.726842 0.726842 0.726842 0.726842 0.726842 0.726843 0.726843 0.726843 0.726843 0.726844 0.726844 0.726845 0.726845 0.726846 0.726846 0.726847 0.726847 0.726848 0.726848 0.726849 0.72685 0.72685 0.726851 0.726851 0.726852 0.726852 0.726853 0.726853 0.726853 0.726854 0.726854 0.726854 0.726854 0.726854 0.726854 0.726854 0.726854 0.726854 0.726853 0.726853 0.726853 0.726852 0.726852 0.726851 0.726851 0.72685 0.72685 0.726849 0.726849 
0.683948 0.683948 0.683947 0.683947 0.683947 0.683947 0.683946 0.683946 0.683946 0.683946 0.683946 0.683946 0.683946 0.683946 0.683947 0.683947 0.683947 0.683947 0.683948 0.683948 0.683949 0.683949 0.683949 0.68395 0.68395 0.683951 0.683951 0.683952 0.683952 0.683953 0.683953 0.683954 0.683954 0.683954 0.683955 0.683955 0.683955 0.683955 0.683956 0.683956 0.683956 0.683956 0.683956 0.683956 0.683955 0.683955 0.683955 0.683955 0.683954 0.683954 0.683954 0.683953 0.683953 0.683952 0.683952 0.683951 0.683951 0.68395 0.68395 0.683949 0.683949 0.683949 
0.633928 0.633928 0.633928 0.633928 0.633928 0.633928 0.633928 0.633928 0.633929 0.633929 0.633929 0.633929 0.633929 0.63393 0.63393 0.63393 0.633931 0.633931 0.633932 0.633932 0.633932 0.633933 0.633933 0.633933 0.633934 0.633934 0.633934 0.633935 0.633935 0.633935 0.633935 0.633935 0.633936 0.633936 0.633936 0.633936 0.633936 0.633936 0.633935 0.633935 0.633935 0.633935 0.633935 0.633934 0.633934 0.633934 0.633933 0.633933 0.633933 0.633932 0.633932 0.633932 0.633931 0.633931 0.633931 0.63393 0.63393 0.63393 0.633929 0.633929 0.633929 0.633929 
0.577175 0.577176 0.577176 0.577176 0.577176 0.577176 0.577176 0.577176 0.577177 0.577177 0.577177 0.577177 0.577178 0.577178 0.577178 0.577178 0.577179 0.577179 0.577179 0.577179 0.57718 0.57718 0.57718 0.57718 0.57718 0.57718 0.577181 0.577181 0.577181 0.577181 0.577181 0.577181 0.57718 0.57718 0.57718 0.57718 0.57718 0.57718 0.57718 0.577179 0.577179 0.577179 0.577179 0.577178 0.577178 0.577178 0.577177 0.577177 0.577177 0.577177 0.577176 0.577176 0.577176 0.577176 0.577176 0.577176 0.577176 0.577175 0.577175 0.577175 0.577175 0.577175 
0.514163 0.514163 0.514163 0.514164 0.514164 0.514164 0.514164 0.514164 0.514164 0.514165 0.514165 0.514165 0.514165 0.514165 0.514165 0.514165 0.514166 0.514166 0.514166 0.514166 0.514166 0.514166 0.514166 0.514166 0.514166 0.514166 0.514166 0.514166 0.514166 0.514166 0.514166 0.514165 0.514165 0.514165 0.514165 0.514165 0.514165 0.514165 0.514164 0.514164 0.514164 0.514164 0.514164 0.514164 0.514163 0.514163 0.514163 0.514163 0.514163 0.514163 0.514163 0.514163 0.514163 0.514163 0.514163 0.514163 0.514163 0.514163 0.514163 0.514163 0.514163 0.514163 
0.44546 0.44546 0.445461 0.445461 0.445461 0.445461 0.445461 0.445461 0.445461 0.445461 0.445461 0.445461 0.445461 0.445461 0.445461 0.445461 0.445461 0.445461 0.445461 0.445461 0.445461 0.445461 0.445461 0.445461 0.445461 0.445461 0.445461 0.445461 0.445461 0.445461 0.445461 0.445461 0.445461 0.44546 0.44546 0.44546 0.44546 0.44546 0.44546 0.44546 0.44546 0.44546 0.44546 0.44546 0.44546 0.44546 0.44546 0.44546 0.44546 0.44546 0.44546 0.44546 0.44546 0.44546 0.44546 0.44546 0.44546 0.44546 0.44546 0.44546 0.44546 0.44546 
0.371732 0.371732 0.371732 0.371732 0.371732 0.371732 0.371732 0.371732 0.371732 0.371732 0.371733 0.371733 0.371733 0.371733 0.371733 0.371733 0.371733 0.371732 0.371732 0.371732 0.371732 0.371732 0.371732 0.371732 0.371732 0.371732 0.371732 0.371732 0.371732 0.371732 0.371732 0.371732 0.371732 0.371732 0.371732 0.371732 0.371732 0.371732 0.371732 0.371732 0.371732 0.371732 0.371732 0.371732 0.371732 0.371732 0.371732 0.371732 0.371732 0.371732 0.371732 0.371732 0.371732 0.371732 0.371732 0.371732 0.371732 0.371732 0.371732 0.371732 0.371732 0.371732 
0.293739 0.293739 0.293739 0.293739 0.293739 0.293739 0.293739 0.293739 0.293739 0.293739 0.293739 0.293739 0.293739 0.293739 0.293739 0.293739 0.293739 0.293739 0.293739 0.293739 0.293739 0.293739 0.293739 0.293739 0.293739 0.293739 0.293739 0.293739 0.293738 0.293738 0.293738 0.293738 0.293738 0.293738 0.293738 0.293738 0.293738 0.293738 0.293738 0.293738 0.293738 0.293738 0.293738 0.293738 0.293738 0.293738 0.293738 0.293738 0.293738 0.293738 0.293738 0.293738 0.293738 0.293738 0.293738 0.293738 0.293738 0.293738 0.293739 0.293739 0.293739 0.293739 
0.212325 0.212325 0.212325 0.212325 0.212325 0.212325 0.212325 0.212325 0.212325 0.212325 0.212325 0.212325 0.212325 0.212325 0.212325 0.212325 0.212325 0.212325 0.212325 0.212325 0.212325 0.212325 0.212325 0.212325 0.212325 0.212325 0.212325 0.212325 0.212325 0.212325 0.212325 0.212325 0.212325 0.212325 0.212325 0.212325 0.212325 0.212325 0.212325 0.212325 0.212325 0.212325 0.212325 0.212325 0.212325 0.212325 0.212325 0.212325 0.212325 0.212325 0.212325 0.212325 0.212325 0.212325 0.212325 0.212325 0.212325 0.212325 0.212325 0.212325 0.212325 0.212325 
0.128412 0.128412 0.128412 0.128412 0.128412 0.128412 0.128412 0.128412 0.128412 0.128412 0.128412 0.128412 0.128412 0.128412 0.128412 0.128412 0.128412 0.128412 0.128412 0.128412 0.128412 0.128412 0.128412 0.128412 0.128412 0.128412 0.128412 0.128412 0.128412 0.128412 0.128412 0.128412 0.128412 0.128412 0.128412 0.128412 0.128412 0.128412 0.128412 0.128412 0.128412 0.128412 0.128412 0.128412 0.128412 0.128412 0.128412 0.128412 0.128412 0.128412 0.128412 0.128412 0.128412 0.128412 0.128412 0.128412 0.128412 0.128412 0.128412 0.128412 0.128412 0.128412 
0.0429746 0.0429746 0.0429746 0.0429746 0.0429746 0.0429746 0.0429746 0.0429746 0.0429746 0.0429746 0.0429746 0.0429746 0.0429746 0.0429746 0.0429747 0.0429747 0.0429747 0.0429747 0.0429747 0.0429747 0.0429747 0.0429747 0.0429747 0.0429747 0.0429747 0.0429747 0.0429747 0.0429747 0.0429747 0.0429747 0.0429747 0.0429747 0.0429747 0.0429747 0.0429747 0.0429747 0.0429747 0.0429747 0.0429747 0.0429747 0.0429747 0.0429747 0.0429747 0.0429746 0.0429746 0.0429746 0.0429746 0.0429746 0.0429746 0.0429746 0.0429746 0.0429746 0.0429746 0.0429746 0.0429746 0.0429746 0.0429746 0.0429746 0.0429746 0.0429746 0.0429746 0.0429746 
