0.0410929 0.0410929 0.0410929 0.0410929 0.0410929 0.0410929 0.0410929 0.0410929 0.0410929 0.0410928 0.0410928 0.0410928 0.0410928 0.0410928 0.0410928 0.0410928 0.0410928 0.0410928 0.0410928 0.0410928 0.0410928 0.0410928 0.0410928 0.0410928 0.0410928 0.0410928 0.0410928 0.0410928 0.0410928 0.0410928 0.0410928 0.0410928 0.0410928 0.0410928 0.0410928 0.0410928 0.0410928 0.0410928 0.0410928 0.0410928 0.0410928 0.0410928 0.0410928 0.0410928 0.0410928 0.0410928 0.0410928 0.0410929 0.0410929 0.0410929 0.0410929 0.0410929 0.0410929 0.0410929 0.0410929 0.0410929 0.0410929 0.0410929 0.0410929 0.0410929 0.0410929 0.0410929 
0.122808 0.122808 0.122808 0.122808 0.122808 0.122808 0.122808 0.122808 0.122808 0.122808 0.122808 0.122808 0.122808 0.122808 0.122808 0.122808 0.122808 0.122808 0.122808 0.122808 0.122808 0.122808 0.122808 0.122808 0.122808 0.122808 0.122808 0.122808 0.122808 0.122808 0.122808 0.122808 0.122808 0.122808 0.122808 0.122808 0.122808 0.122808 0.122808 0.122808 0.122808 0.122808 0.122808 0.122808 0.122808 0.122808 0.122808 0.122808 0.122808 0.122808 0.122808 0.122808 0.122808 0.122808 0.122808 0.122808 0.122808 0.122808 0.122808 0.122808 0.122808 0.122808 
0.20312 0.20312 0.20312 0.20312 0.20312 0.20312 0.20312 0.20312 0.20312 0.20312 0.20312 0.20312 0.20312 0.20312 0.20312 0.20312 0.20312 0.20312 0.20312 0.20312 0.20312 0.20312 0.20312 0.20312 0.20312 0.20312 0.20312 0.20312 0.20312 0.20312 0.20312 0.20312 0.20312 0.20312 0.20312 0.20312 0.20312 0.20312 0.20312 0.20312 0.20312 0.20312 0.20312 0.20312 0.20312 0.20312 0.20312 0.20312 0.20312 0.20312 0.20312 0.20312 0.20312 0.20312 0.20312 0.20312 0.20312 0.20312 0.20312 0.20312 0.20312 0.20312 
0.281124 0.281124 0.281124 0.281124 0.281124 0.281124 0.281124 0.281124 0.281124 0.281124 0.281124 0.281124 0.281124 0.281124 0.281124 0.281124 0.281124 0.281124 0.281124 0.281124 0.281124 0.281124 0.281124 0.281124 0.281124 0.281124 0.281124 0.281124 0.281124 0.281124 0.281124 0.281124 0.281124 0.281124 0.281124 0.281124 0.281124 0.281124 0.281124 0.281124 0.281124 0.281124 0.281124 0.281124 0.281124 0.281124 0.281124 0.281124 0.281124 0.281124 0.281124 0.281124 0.281124 0.281124 0.281124 0.281124 0.281124 0.281124 0.281124 0.281124 0.281124 0.281124 
0.355962 0.355962 0.355962 0.355962 0.355962 0.355962 0.355962 0.355962 0.355962 0.355962 0.355962 0.355962 0.355962 0.355962 0.355962 0.355962 0.355962 0.355962 0.355962 0.355962 0.355962 0.355962 0.355962 0.355962 0.355962 0.355962 0.355962 0.355962 0.355962 0.355962 0.355962 0.355962 0.355962 0.355962 0.355962 0.355962 0.355962 0.355962 0.355962 0.355962 0.355962 0.355962 0.355962 0.355962 0.355962 0.355962 0.355962 0.355962 0.355962 0.355962 0.355962 0.355962 0.355962 0.355962 0.355962 0.355962 0.355962 0.355962 0.355962 0.355962 0.355962 0.355962 
0.426833 0.426833 0.426833 0.426833 0.426833 0.426833 0.426833 0.426833 0.426833 0.426833 0.426833 0.426833 0.426833 0.426833 0.426833 0.426833 0.426833 0.426833 0.426833 0.426833 0.426833 0.426833 0.426833 0.426833 0.426833 0.426833 0.426833 0.426833 0.426833 0.426833 0.426833 0.426833 0.426833 0.426833 0.426833 0.426833 0.426833 0.426833 0.426833 0.426833 0.426833 0.426833 0.426833 0.426833 0.426833 0.426833 0.426833 0.426833 0.426833 0.426833 0.426833 0.426833 0.426833 0.426833 0.426833 0.426833 0.426833 0.426833 0.426833 0.426833 0.426833 0.426833 
0.493006 0.493006 0.493006 0.493006 0.493006 0.493006 0.493006 0.493006 0.493006 0.493005 0.493005 0.493005 0.493005 0.493005 0.493006 0.493006 0.493006 0.493006 0.493006 0.493006 0.493006 0.493006 0.493006 0.493006 0.493006 0.493006 0.493006 0.493006 0.493006 0.493006 0.493006 0.493006 0.493006 0.493006 0.493006 0.493006 0.493006 0.493006 0.493006 0.493006 0.493006 0.493006 0.493006 0.493006 0.493006 0.493006 0.493006 0.493006 0.493006 0.493006 0.493006 0.493006 0.493006 0.493006 0.493006 0.493006 0.493006 0.493006 0.493006 0.493006 0.493006 0.493006 
0.553828 0.553828 0.553828 0.553828 0.553828 0.553828 0.553828 0.553828 0.553828 0.553827 0.553827 0.553827 0.553827 0.553827 0.553827 0.553827 0.553827 0.553827 0.553827 0.553827 0.553827 0.553827 0.553827 0.553827 0.553828 0.553828 0.553828 0.553828 0.553828 0.553828 0.553828 0.553828 0.553828 0.553828 0.553828 0.553829 0.553829 0.553829 0.553829 0.553829 0.553829 0.553829 0.553829 0.553829 0.553829 0.553829 0.553829 0.553829 0.553829 0.553829 0.553829 0.553829 0.553829 0.553829 0.553829 0.553829 0.553829 0.553829 0.553829 0.553828 0.553828 0.553828 
0.608729 0.608729 0.608729 0.608729 0.608728 0.608728 0.608728 0.608728 0.608728 0.608728 0.608728 0.608727 0.608727 0.608727 0.608727 0.608727 0.608727 0.608727 0.608727 0.608727 0.608727 0.608727 0.608727 0.608727 0.608727 0.608727 0.608727 0.608727 0.608727 0.608727 0.608727 0.608728 0.608728 0.608728 0.608728 0.608728 0.608728 0.608729 0.608729 0.608729 0.608729 0.608729 0.608729 0.608729 0.608729 0.60873 0.60873 0.60873 0.60873 0.60873 0.60873 0.60873 0.60873 0.60873 0.60873 0.60873 0.60873 0.60873 0.608729 0.608729 0.608729 0.608729 
0.657219 0.657219 0.657219 0.657218 0.657218 0.657218 0.657218 0.657218 0.657217 0.657217 0.657217 0.657217 0.657217 0.657216 0.657216 0.657216 0.657216 0.657216 0.657216 0.657215 0.657215 0.657215 0.657215 0.657215 0.657215 0.657215 0.657215 0.657215 0.657215 0.657215 0.657215 0.657216 0.657216 0.657216 0.657216 0.657216 0.657216 0.657217 0.657217 0.657217 0.657217 0.657218 0.657218 0.657218 0.657218 0.657218 0.657219 0.657219 0.657219 0.657219 0.657219 0.657219 0.657219 0.657219 0.657219 0.657219 0.657219 0.657219 0.657219 0.657219 0.657219 0.657219 
0.698889 0.698889 0.698889 0.698889 0.698888 0.698888 0.698888 0.698888 0.698887 0.698887 0.698887 0.698887 0.698886 0.698886 0.698886 0.698886 0.698885 0.698885 0.698885 0.698885 0.698884 0.698884 0.698884 0.698884 0.698884 0.698884 0.698884 0.698884 0.698884 0.698884 0.698884 0.698884 0.698884 0.698884 0.698884 0.698884 0.698885 0.698885 0.698885 0.698885 0.698886 0.698886 0.698886 0.698886 0.698887 0.698887 0.698887 0.698887 0.698888 0.698888 0.698888 0.698888 0.698888 0.698889 0.698889 0.698889 0.698889 0.698889 0.698889 0.698889 0.698889 0.698889 
0.733406 0.733406 0.733406 0.733406 0.733406 0.733406 0.733405 0.733405 0.733405 0.733405 0.733405 0.733404 0.733404 0.733404 0.733404 0.733403 0.733403 0.733403 0.733402 0.733402 0.733402 0.733402 0.733401 0.733401 0.733401 0.733401 0.733401 0.733401 0.7334 0.7334 0.7334 0.7334 0.7334 0.7334 0.733401 0.733401 0.733401 0.733401 0.733401 0.733401 0.733402 0.733402 0.733402 0.733402 0.733403 0.733403 0.733403 0.733403 0.733404 0.733404 0.733404 0.733405 0.733405 0.733405 0.733405 0.733405 0.733406 0.733406 0.733406 0.733406 0.733406 0.733406 
0.760509 0.760509 0.760509 0.760509 0.760509 0.760509 0.760509 0.760509 0.760509 0.760508 0.760508 0.760508 0.760508 0.760508 0.760507 0.760507 0.760507 0.760507 0.760506 0.760506 0.760506 0.760506 0.760505 0.760505 0.760505 0.760505 0.760505 0.760505 0.760504 0.760504 0.760504 0.760504 0.760504 0.760504 0.760504 0.760504 0.760504 0.760504 0.760504 0.760505 0.760505 0.760505 0.760505 0.760505 0.760506 0.760506 0.760506 0.760506 0.760507 0.760507 0.760507 0.760507 0.760508 0.760508 0.760508 0.760508 0.760508 0.760509 0.760509 0.760509 0.760509 0.760509 
0.780002 0.780002 0.780002 0.780002 0.780002 0.780002 0.780002 0.780002 0.780002 0.780002 0.780002 0.780002 0.780002 0.780001 0.780001 0.780001 0.780001 0.780001 0.780001 0.78 0.78 0.78 0.78 0.78 0.78 0.78 0.78 0.779999 0.779999 0.779999 0.779999 0.779999 0.779999 0.779999 0.779999 0.779999 0.779999 0.779999 0.779999 0.779999 0.78 0.78 0.78 0.78 0.78 0.78 0.78 0.78 0.780001 0.780001 0.780001 0.780001 0.780001 0.780001 0.780002 0.780002 0.780002 0.780002 0.780002 0.780002 0.780002 0.780002 
0.79175 0.79175 0.79175 0.79175 0.79175 0.79175 0.79175 0.79175 0.79175 0.79175 0.79175 0.79175 0.79175 0.79175 0.79175 0.79175 0.79175 0.79175 0.79175 0.79175 0.79175 0.79175 0.79175 0.79175 0.79175 0.79175 0.79175 0.79175 0.79175 0.79175 0.79175 0.79175 0.79175 0.79175 0.79175 0.79175 0.79175 0.79175 0.79175 0.79175 0.79175 0.79175 0.79175 0.79175 0.79175 0.79175 0.79175 0.79175 0.79175 0.79175 0.79175 0.79175 0.791751 0.791751 0.791751 0.79175 0.791751 0.791751 0.791751 0.79175 0.791751 0.791751 
0.795674 0.795674 0.795674 0.795674 0.795674 0.795674 0.795674 0.795674 0.795674 0.795674 0.795674 0.795674 0.795674 0.795674 0.795674 0.795674 0.795674 0.795675 0.795675 0.795675 0.795675 0.795675 0.795675 0.795675 0.795675 0.795676 0.795676 0.795676 0.795676 0.795676 0.795676 0.795676 0.795676 0.795676 0.795677 0.795677 0.795677 0.795677 0.795677 0.795677 0.795677 0.795677 0.795677 0.795677 0.795676 0.795676 0.795676 0.795676 0.795676 0.795676 0.795676 0.795676 0.795676 0.795676 0.795675 0.795675 0.795675 0.795675 0.795675 0.795675 0.795675 0.795675 
0.791748 0.791748 0.791748 0.791748 0.791748 0.791748 0.791748 0.791748 0.791748 0.791748 0.791748 0.791748 0.791748 0.791748 0.791749 0.791749 0.791749 0.791749 0.79175 0.79175 0.79175 0.79175 0.791751 0.791751 0.791751 0.791751 0.791752 0.791752 0.791752 0.791752 0.791752 0.791752 0.791753 0.791753 0.791753 0.791753 0.791753 0.791753 0.791753 0.791753 0.791753 0.791752 0.791752 0.791752 0.791752 0.791752 0.791752 0.791751 0.791751 0.791751 0.791751 0.79175 0.79175 0.79175 0.79175 0.791749 0.791749 0.791749 0.791749 0.791748 0.791748 0.791748 
0.779998 0.779998 0.779998 0.779998 0.779998 0.779998 0.779998 0.779998 0.779998 0.779998 0.779998 0.779999 0.779999 0.779999 0.78 0.78 0.78 0.780001 0.780001 0.780001 0.780002 0.780002 0.780002 0.780003 0.780003 0.780003 0.780003 0.780004 0.780004 0.780004 0.780004 0.780004 0.780004 0.780004 0.780004 0.780004 0.780004 0.780004 0.780004 0.780004 0.780004 0.780003 0.780003 0.780003 0.780003 0.780002 0.780002 0.780002 0.780001 0.780001 0.780001 0.78 0.78 0.78 0.779999 0.779999 0.779999 0.779999 0.779998 0.779998 0.779998 0.779998 
0.760503 0.760503 0.760503 0.760504 0.760504 0.760504 0.760504 0.760504 0.760505 0.760505 0.760505 0.760505 0.760506 0.760506 0.760507 0.760507 0.760507 0.760508 0.760508 0.760508 0.760509 0.760509 0.760509 0.76051 0.76051 0.76051 0.76051 0.76051 0.76051 0.760511 0.760511 0.760511 0.760511 0.760511 0.76051 0.76051 0.76051 0.76051 0.76051 0.760509 0.760509 0.760509 0.760508 0.760508 0.760508 0.760507 0.760507 0.760507 0.760506 0.760506 0.760506 0.760505 0.760505 0.760505 0.760504 0.760504 0.760504 0.760504 0.760504 0.760503 0.760503 0.760503 
0.733401 0.733401 0.733401 0.733401 0.733401 0.733402 0.733402 0.733402 0.733403 0.733403 0.733403 0.733404 0.733404 0.733404 0.733405 0.733405 0.733405 0.733406 0.733406 0.733406 0.733406 0.733407 0.733407 0.733407 0.733407 0.733407 0.733407 0.733407 0.733407 0.733407 0.733407 0.733407 0.733407 0.733407 0.733406 0.733406 0.733406 0.733405 0.733405 0.733405 0.733404 0.733404 0.733404 0.733403 0.733403 0.733403 0.733402 0.733402 0.733402 0.733401 0.733401 0.733401 0.733401 0.733401 0.7334 0.7334 0.7334 0.7334 0.7334 0.7334 0.7334 0.7334 
0.698885 0.698885 0.698886 0.698886 0.698886 0.698886 0.698887 0.698887 0.698887 0.698888 0.698888 0.698888 0.698889 0.698889 0.698889 0.698889 0.698889 0.69889 0.69889 0.69889 0.69889 0.69889 0.69889 0.69889 0.69889 0.69889 0.69889 0.69889 0.698889 0.698889 0.698889 0.698889 0.698889 0.698888 0.698888 0.698888 0.698887 0.698887 0.698887 0.698886 0.698886 0.698886 0.698886 0.698885 0.698885 0.698885 0.698885 0.698884 0.698884 0.698884 0.698884 0.698884 0.698884 0.698884 0.698884 0.698884 0.698884 0.698884 0.698884 0.698884 0.698885 0.698885 
0.657218 0.657218 0.657218 0.657218 0.657219 0.657219 0.657219 0.657219 0.657219 0.65722 0.65722 0.65722 0.65722 0.65722 0.65722 0.65722 0.65722 0.65722 0.65722 0.65722 0.65722 0.65722 0.65722 0.65722 0.65722 0.657219 0.657219 0.657219 0.657219 0.657219 0.657218 0.657218 0.657218 0.657218 0.657217 0.657217 0.657217 0.657217 0.657216 0.657216 0.657216 0.657216 0.657216 0.657216 0.657216 0.657215 0.657215 0.657215 0.657215 0.657215 0.657215 0.657216 0.657216 0.657216 0.657216 0.657216 0.657216 0.657216 0.657217 0.657217 0.657217 0.657217 
0.60873 0.60873 0.60873 0.60873 0.60873 0.60873 0.608731 0.608731 0.608731 0.608731 0.608731 0.608731 0.608731 0.608731 0.608731 0.608731 0.608731 0.60873 0.60873 0.60873 0.60873 0.60873 0.60873 0.60873 0.608729 0.608729 0.608729 0.608729 0.608729 0.608728 0.608728 0.608728 0.608728 0.608728 0.608728 0.608727 0.608727 0.608727 0.608727 0.608727 0.608727 0.608727 0.608727 0.608727 0.608727 0.608727 0.608727 0.608727 0.608727 0.608728 0.608728 0.608728 0.608728 0.608728 0.608728 0.608729 0.608729 0.608729 0.608729 0.608729 0.608729 0.60873 
0.55383 0.55383 0.55383 0.55383 0.55383 0.55383 0.55383 0.55383 0.55383 0.55383 0.55383 0.55383 0.55383 0.55383 0.55383 0.553829 0.553829 0.553829 0.553829 0.553829 0.553829 0.553829 0.553829 0.553828 0.553828 0.553828 0.553828 0.553828 0.553828 0.553828 0.553828 0.553828 0.553828 0.553828 0.553828 0.553828 0.553827 0.553828 0.553828 0.553828 0.553828 0.553828 0.553828 0.553828 0.553828 0.553828 0.553828 0.553828 0.553828 0.553829 0.553829 0.553829 0.553829 0.553829 0.553829 0.553829 0.553829 0.55383 0.55383 0.55383 0.55383 0.55383 
0.493007 0.493007 0.493007 0.493007 0.493007 0.493007 0.493007 0.493007 0.493007 0.493007 0.493007 0.493007 0.493007 0.493007 0.493007 0.493006 0.493006 0.493006 0.493006 0.493006 0.493006 0.493006 0.493006 0.493006 0.493006 0.493006 0.493006 0.493006 0.493006 0.493006 0.493006 0.493006 0.493006 0.493006 0.493006 0.493006 0.493006 0.493006 0.493006 0.493006 0.493006 0.493006 0.493006 0.493006 0.493006 0.493007 0.493007 0.493007 0.493007 0.493007 0.493007 0.493007 0.493007 0.493007 0.493007 0.493007 0.493007 0.493007 0.493007 0.493007 0.493007 0.493007 
0.426834 0.426834 0.426834 0.426834 0.426834 0.426834 0.426834 0.426834 0.426834 0.426834 0.426833 0.426833 0.426833 0.426833 0.426833 0.426833 0.426833 0.426833 0.426833 0.426833 0.426833 0.426833 0.426833 0.426833 0.426833 0.426833 0.426833 0.426833 0.426833 0.426833 0.426833 0.426833 0.426833 0.426833 0.426833 0.426833 0.426833 0.426833 0.426833 0.426834 0.426834 0.426834 0.426834 0.426834 0.426834 0.426834 0.426834 0.426834 0.426834 0.426834 0.426834 0.426834 0.426834 0.426834 0.426834 0.426834 0.426834 0.426834 0.426834 0.426834 0.426834 0.426834 
0.355963 0.355963 0.355963 0.355963 0.355963 0.355963 0.355963 0.355963 0.355963 0.355963 0.355963 0.355963 0.355963 0.355963 0.355963 0.355963 0.355963 0.355963 0.355963 0.355963 0.355963 0.355963 0.355963 0.355963 0.355963 0.355963 0.355963 0.355963 0.355963 0.355963 0.355963 0.355963 0.355963 0.355963 0.355963 0.355963 0.355963 0.355963 0.355963 0.355963 0.355963 0.355963 0.355963 0.355963 0.355963 0.355963 0.355963 0.355963 0.355963 0.355963 0.355963 0.355963 0.355963 0.355963 0.355963 0.355963 0.355963 0.355963 0.355963 0.355963 0.355963 0.355963 
0.281125 0.281125 0.281125 0.281125 0.281125 0.281125 0.281125 0.281125 0.281125 0.281125 0.281125 0.281125 0.281125 0.281125 0.281125 0.281125 0.281125 0.281125 0.281125 0.281125 0.281125 0.281125 0.281125 0.281125 0.281125 0.281125 0.281125 0.281125 0.281125 0.281125 0.281125 0.281125 0.281125 0.281125 0.281125 0.281125 0.281125 0.281125 0.281125 0.281125 0.281125 0.281125 0.281125 0.281125 0.281125 0.281125 0.281125 0.281125 0.281125 0.281125 0.281125 0.281125 0.281125 0.281125 0.281125 0.281125 0.281125 0.281125 0.281125 0.281125 0.281125 0.281125 
0.20312 0.20312 0.20312 0.20312 0.20312 0.20312 0.20312 0.20312 0.20312 0.20312 0.20312 0.20312 0.20312 0.20312 0.20312 0.20312 0.20312 0.20312 0.20312 0.20312 0.20312 0.20312 0.20312 0.20312 0.20312 0.20312 0.20312 0.20312 0.20312 0.20312 0.20312 0.20312 0.20312 0.20312 0.20312 0.20312 0.20312 0.20312 0.20312 0.20312 0.20312 0.20312 0.20312 0.20312 0.20312 0.20312 0.20312 0.20312 0.20312 0.20312 0.20312 0.20312 0.20312 0.20312 0.20312 0.20312 0.20312 0.20312 0.20312 0.20312 0.20312 0.20312 
0.122808 0.122808 0.122808 0.122808 0.122808 0.122808 0.122808 0.122808 0.122808 0.122808 0.122808 0.122808 0.122808 0.122808 0.122808 0.122808 0.122808 0.122808 0.122808 0.122808 0.122808 0.122808 0.122808 0.122808 0.122808 0.122808 0.122808 0.122808 0.122808 0.122808 0.122808 0.122808 0.122808 0.122808 0.122808 0.122808 0.122808 0.122808 0.122808 0.122808 0.122808 0.122808 0.122808 0.122808 0.122808 0.122808 0.122808 0.122808 0.122808 0.122808 0.122808 0.122808 0.122808 0.122808 0.122808 0.122808 0.122808 0.122808 0.122808 0.122808 0.122808 0.122808 
0.0410929 0.0410929 0.0410929 0.0410929 0.0410929 0.0410929 0.0410929 0.0410929 0.0410929 0.0410929 0.0410929 0.0410929 0.0410929 0.0410929 0.0410929 0.0410929 0.0410929 0.0410929 0.0410929 0.0410929 0.0410929 0.0410929 0.0410929 0.0410929 0.0410929 0.0410929 0.0410929 0.0410929 0.0410929 0.0410929 0.0410929 0.0410929 0.0410929 0.0410929 0.0410929 0.0410929 0.0410929 0.0410929 0.0410929 0.0410929 0.0410929 0.0410929 0.0410929 0.0410929 0.0410929 0.0410929 0.0410929 0.0410929 0.0410929 0.0410929 0.0410929 0.0410929 0.0410929 0.0410929 0.0410929 0.0410929 0.0410929 0.0410929 0.0410929 0.0410929 0.0410929 0.0410929 
