0.0518177 0.0518178 0.0518179 0.0518181 0.0518182 0.0518183 0.0518185 0.0518186 0.0518187 0.0518189 0.051819 0.0518191 0.0518192 0.0518194 0.0518194 0.0518195 0.0518196 0.0518197 0.0518197 0.0518197 0.0518197 0.0518197 0.0518197 0.0518197 0.0518197 0.0518196 0.0518195 0.0518195 0.0518194 0.0518193 0.0518192 0.051819 0.0518189 0.0518188 0.0518187 0.0518185 0.0518184 0.0518182 0.0518181 0.051818 0.0518178 0.0518177 0.0518176 0.0518175 0.0518174 0.0518173 0.0518172 0.0518171 0.0518171 0.051817 0.051817 0.051817 0.051817 0.051817 0.051817 0.0518171 0.0518171 0.0518172 0.0518173 0.0518174 0.0518175 0.0518176 
0.154585 0.154585 0.154586 0.154586 0.154586 0.154586 0.154586 0.154586 0.154586 0.154587 0.154587 0.154587 0.154587 0.154587 0.154587 0.154587 0.154587 0.154588 0.154588 0.154588 0.154588 0.154588 0.154588 0.154588 0.154588 0.154588 0.154588 0.154588 0.154587 0.154587 0.154587 0.154587 0.154587 0.154587 0.154587 0.154587 0.154586 0.154586 0.154586 0.154586 0.154586 0.154586 0.154585 0.154585 0.154585 0.154585 0.154585 0.154585 0.154585 0.154585 0.154585 0.154585 0.154585 0.154585 0.154585 0.154585 0.154585 0.154585 0.154585 0.154585 0.154585 0.154585 
0.254807 0.254807 0.254807 0.254807 0.254807 0.254807 0.254807 0.254807 0.254807 0.254807 0.254807 0.254807 0.254807 0.254807 0.254807 0.254807 0.254807 0.254807 0.254807 0.254807 0.254807 0.254807 0.254807 0.254807 0.254807 0.254807 0.254807 0.254807 0.254807 0.254807 0.254807 0.254807 0.254807 0.254807 0.254807 0.254807 0.254807 0.254807 0.254807 0.254807 0.254806 0.254806 0.254806 0.254806 0.254806 0.254806 0.254806 0.254806 0.254806 0.254806 0.254806 0.254806 0.254807 0.254807 0.254807 0.254807 0.254807 0.254807 0.254807 0.254807 0.254807 0.254807 
0.35097 0.35097 0.35097 0.35097 0.35097 0.35097 0.35097 0.35097 0.35097 0.35097 0.35097 0.35097 0.35097 0.35097 0.350969 0.350969 0.350969 0.350969 0.350969 0.350969 0.350969 0.350968 0.350968 0.350968 0.350968 0.350968 0.350968 0.350967 0.350967 0.350967 0.350967 0.350967 0.350967 0.350967 0.350967 0.350967 0.350967 0.350967 0.350967 0.350967 0.350967 0.350967 0.350967 0.350967 0.350967 0.350967 0.350967 0.350967 0.350968 0.350968 0.350968 0.350968 0.350968 0.350968 0.350969 0.350969 0.350969 0.350969 0.350969 0.35097 0.35097 0.35097 
0.441801 0.441801 0.441801 0.441801 0.441801 0.441801 0.441801 0.441801 0.441801 0.441801 0.441801 0.441801 0.441801 0.441801 0.441801 0.4418 0.4418 0.4418 0.4418 0.4418 0.4418 0.441799 0.441799 0.441799 0.441799 0.441799 0.441799 0.441798 0.441798 0.441798 0.441798 0.441798 0.441798 0.441798 0.441798 0.441797 0.441797 0.441797 0.441797 0.441797 0.441797 0.441797 0.441798 0.441798 0.441798 0.441798 0.441798 0.441798 0.441798 0.441798 0.441799 0.441799 0.441799 0.441799 0.441799 0.4418 0.4418 0.4418 0.4418 0.4418 0.4418 0.441801 
0.526305 0.526305 0.526305 0.526305 0.526304 0.526304 0.526304 0.526303 0.526303 0.526302 0.526302 0.526301 0.526301 0.5263 0.5263 0.526299 0.526299 0.526298 0.526298 0.526297 0.526297 0.526297 0.526296 0.526296 0.526296 0.526296 0.526296 0.526296 0.526296 0.526296 0.526296 0.526296 0.526296 0.526297 0.526297 0.526297 0.526298 0.526298 0.526299 0.526299 0.5263 0.5263 0.526301 0.526301 0.526302 0.526302 0.526303 0.526303 0.526304 0.526304 0.526304 0.526305 0.526305 0.526305 0.526306 0.526306 0.526306 0.526306 0.526306 0.526306 0.526306 0.526306 
0.603757 0.603757 0.603757 0.603756 0.603755 0.603755 0.603754 0.603752 0.603751 0.60375 0.603748 0.603747 0.603745 0.603743 0.603741 0.60374 0.603738 0.603736 0.603734 0.603733 0.603731 0.603729 0.603728 0.603726 0.603725 0.603724 0.603723 0.603723 0.603722 0.603722 0.603721 0.603721 0.603722 0.603722 0.603722 0.603723 0.603724 0.603725 0.603726 0.603727 0.603729 0.60373 0.603732 0.603734 0.603735 0.603737 0.603739 0.603741 0.603743 0.603744 0.603746 0.603748 0.603749 0.603751 0.603752 0.603753 0.603754 0.603755 0.603756 0.603756 0.603757 0.603757 
0.673641 0.673643 0.673644 0.673645 0.673646 0.673647 0.673647 0.673646 0.673646 0.673644 0.673643 0.673641 0.673639 0.673637 0.673634 0.673631 0.673628 0.673624 0.673621 0.673617 0.673613 0.67361 0.673606 0.673602 0.673598 0.673595 0.673592 0.673588 0.673585 0.673583 0.67358 0.673578 0.673576 0.673574 0.673573 0.673573 0.673572 0.673572 0.673572 0.673573 0.673574 0.673576 0.673578 0.67358 0.673582 0.673585 0.673588 0.673591 0.673595 0.673598 0.673602 0.673605 0.673609 0.673613 0.673617 0.67362 0.673624 0.673627 0.67363 0.673633 0.673636 0.673639 
0.735608 0.735613 0.735618 0.735623 0.735627 0.735631 0.735634 0.735637 0.735639 0.735641 0.735642 0.735643 0.735643 0.735643 0.735641 0.73564 0.735637 0.735635 0.735631 0.735627 0.735623 0.735619 0.735614 0.735608 0.735603 0.735597 0.735591 0.735585 0.735579 0.735574 0.735568 0.735562 0.735557 0.735552 0.735547 0.735543 0.735539 0.735536 0.735533 0.735531 0.735529 0.735528 0.735527 0.735527 0.735528 0.735529 0.735531 0.735533 0.735536 0.735539 0.735543 0.735547 0.735552 0.735557 0.735562 0.735568 0.735573 0.735579 0.735585 0.735591 0.735597 0.735602 
0.789456 0.789463 0.78947 0.789478 0.789485 0.789492 0.789499 0.789505 0.789511 0.789517 0.789522 0.789527 0.789531 0.789534 0.789537 0.789539 0.78954 0.789541 0.789541 0.78954 0.789538 0.789536 0.789533 0.789529 0.789525 0.78952 0.789514 0.789508 0.789502 0.789495 0.789488 0.789481 0.789474 0.789466 0.789459 0.789452 0.789445 0.789438 0.789432 0.789426 0.78942 0.789415 0.78941 0.789406 0.789403 0.7894 0.789398 0.789397 0.789396 0.789397 0.789398 0.789399 0.789402 0.789405 0.789409 0.789413 0.789418 0.789423 0.789429 0.789436 0.789442 0.789449 
0.835099 0.835105 0.835111 0.835117 0.835124 0.835131 0.835138 0.835146 0.835153 0.83516 0.835167 0.835174 0.835181 0.835187 0.835193 0.835198 0.835203 0.835207 0.835211 0.835214 0.835216 0.835218 0.835218 0.835218 0.835218 0.835216 0.835214 0.835212 0.835208 0.835204 0.835199 0.835194 0.835189 0.835182 0.835176 0.835169 0.835162 0.835155 0.835148 0.83514 0.835133 0.835126 0.835119 0.835113 0.835107 0.835101 0.835095 0.835091 0.835086 0.835083 0.83508 0.835078 0.835076 0.835075 0.835075 0.835076 0.835077 0.835079 0.835082 0.835086 0.83509 0.835094 
0.872507 0.872509 0.872511 0.872513 0.872516 0.87252 0.872524 0.872528 0.872533 0.872538 0.872543 0.872548 0.872553 0.872559 0.872564 0.872569 0.872575 0.87258 0.872584 0.872589 0.872593 0.872597 0.872601 0.872604 0.872607 0.872609 0.87261 0.872611 0.872612 0.872612 0.872611 0.87261 0.872609 0.872607 0.872604 0.872601 0.872597 0.872594 0.872589 0.872585 0.87258 0.872575 0.872569 0.872564 0.872559 0.872553 0.872548 0.872543 0.872538 0.872533 0.872528 0.872524 0.87252 0.872517 0.872513 0.872511 0.872509 0.872507 0.872506 0.872505 0.872505 0.872506 
0.901654 0.901652 0.90165 0.901648 0.901647 0.901645 0.901644 0.901644 0.901643 0.901643 0.901644 0.901644 0.901645 0.901646 0.901648 0.90165 0.901652 0.901654 0.901656 0.901659 0.901661 0.901664 0.901667 0.90167 0.901673 0.901676 0.901679 0.901682 0.901685 0.901688 0.90169 0.901693 0.901695 0.901697 0.901699 0.9017 0.901701 0.901702 0.901703 0.901703 0.901703 0.901703 0.901702 0.901702 0.9017 0.901699 0.901697 0.901695 0.901693 0.901691 0.901688 0.901685 0.901682 0.901679 0.901676 0.901673 0.90167 0.901667 0.901664 0.901662 0.901659 0.901656 
0.922506 0.922502 0.922498 0.922493 0.922488 0.922483 0.922478 0.922473 0.922468 0.922463 0.922458 0.922454 0.922449 0.922445 0.922441 0.922438 0.922435 0.922432 0.92243 0.922428 0.922427 0.922426 0.922426 0.922426 0.922427 0.922428 0.92243 0.922432 0.922435 0.922438 0.922441 0.922445 0.92245 0.922454 0.922459 0.922464 0.922469 0.922474 0.922479 0.922484 0.922489 0.922494 0.922498 0.922503 0.922507 0.922511 0.922514 0.922517 0.92252 0.922522 0.922524 0.922525 0.922526 0.922526 0.922526 0.922525 0.922524 0.922522 0.92252 0.922517 0.922514 0.92251 
0.935033 0.935028 0.935023 0.935017 0.93501 0.935003 0.934995 0.934987 0.934978 0.93497 0.934961 0.934952 0.934944 0.934935 0.934927 0.934919 0.934912 0.934905 0.934898 0.934892 0.934887 0.934883 0.934879 0.934876 0.934874 0.934873 0.934873 0.934874 0.934876 0.934878 0.934881 0.934885 0.93489 0.934896 0.934902 0.934909 0.934916 0.934924 0.934932 0.93494 0.934949 0.934958 0.934966 0.934975 0.934984 0.934992 0.935 0.935007 0.935014 0.935021 0.935026 0.935031 0.935036 0.935039 0.935042 0.935044 0.935045 0.935045 0.935044 0.935043 0.93504 0.935037 
0.939215 0.939209 0.939202 0.939195 0.939187 0.939178 0.939169 0.939159 0.939148 0.939138 0.939127 0.939116 0.939105 0.939095 0.939084 0.939074 0.939065 0.939056 0.939048 0.93904 0.939033 0.939028 0.939023 0.939019 0.939016 0.939014 0.939014 0.939014 0.939016 0.939019 0.939022 0.939027 0.939033 0.939039 0.939047 0.939055 0.939064 0.939073 0.939083 0.939094 0.939104 0.939115 0.939126 0.939137 0.939147 0.939158 0.939168 0.939177 0.939186 0.939194 0.939202 0.939208 0.939214 0.939219 0.939223 0.939225 0.939227 0.939228 0.939227 0.939226 0.939223 0.939219 
0.935041 0.935034 0.935026 0.935017 0.935007 0.934997 0.934987 0.934976 0.934965 0.934955 0.934944 0.934933 0.934923 0.934913 0.934903 0.934894 0.934886 0.934878 0.934872 0.934866 0.934861 0.934857 0.934854 0.934853 0.934852 0.934853 0.934854 0.934857 0.934861 0.934866 0.934872 0.934878 0.934886 0.934894 0.934903 0.934912 0.934922 0.934933 0.934944 0.934954 0.934965 0.934976 0.934987 0.934997 0.935007 0.935017 0.935026 0.935034 0.935041 0.935048 0.935054 0.935058 0.935062 0.935065 0.935066 0.935067 0.935066 0.935065 0.935062 0.935058 0.935054 0.935048 
0.922513 0.922504 0.922494 0.922484 0.922474 0.922465 0.922455 0.922445 0.922436 0.922428 0.922419 0.922412 0.922405 0.922398 0.922393 0.922388 0.922385 0.922382 0.92238 0.92238 0.92238 0.922381 0.922383 0.922386 0.922391 0.922396 0.922401 0.922408 0.922415 0.922423 0.922432 0.922441 0.92245 0.92246 0.922469 0.922479 0.922489 0.922499 0.922508 0.922517 0.922526 0.922534 0.922542 0.922549 0.922555 0.92256 0.922565 0.922569 0.922571 0.922573 0.922574 0.922574 0.922572 0.92257 0.922567 0.922563 0.922558 0.922552 0.922545 0.922538 0.92253 0.922522 
0.901643 0.901634 0.901626 0.901618 0.90161 0.901603 0.901597 0.901592 0.901588 0.901584 0.901581 0.90158 0.901579 0.901579 0.901581 0.901583 0.901586 0.90159 0.901595 0.901601 0.901607 0.901615 0.901622 0.901631 0.90164 0.901649 0.901658 0.901668 0.901678 0.901687 0.901697 0.901706 0.901715 0.901723 0.901731 0.901739 0.901746 0.901752 0.901757 0.901761 0.901765 0.901768 0.901769 0.90177 0.90177 0.901768 0.901766 0.901763 0.901759 0.901754 0.901748 0.901741 0.901734 0.901726 0.901718 0.901709 0.9017 0.901691 0.901681 0.901671 0.901662 0.901652 
0.872467 0.872462 0.872458 0.872456 0.872454 0.872453 0.872454 0.872455 0.872458 0.872462 0.872466 0.872472 0.872479 0.872486 0.872494 0.872503 0.872513 0.872522 0.872533 0.872543 0.872554 0.872565 0.872576 0.872586 0.872597 0.872607 0.872616 0.872625 0.872633 0.872641 0.872647 0.872653 0.872658 0.872662 0.872664 0.872666 0.872667 0.872666 0.872665 0.872662 0.872658 0.872653 0.872648 0.872641 0.872634 0.872626 0.872617 0.872607 0.872597 0.872587 0.872576 0.872566 0.872555 0.872544 0.872533 0.872523 0.872513 0.872504 0.872495 0.872487 0.872479 0.872473 
0.835034 0.835036 0.83504 0.835044 0.835049 0.835056 0.835063 0.835071 0.835081 0.83509 0.835101 0.835111 0.835123 0.835134 0.835146 0.835157 0.835169 0.83518 0.835191 0.835202 0.835212 0.835221 0.83523 0.835238 0.835245 0.83525 0.835255 0.835259 0.835262 0.835263 0.835263 0.835262 0.83526 0.835257 0.835252 0.835247 0.83524 0.835233 0.835225 0.835216 0.835206 0.835195 0.835185 0.835173 0.835162 0.83515 0.835138 0.835127 0.835116 0.835105 0.835094 0.835084 0.835075 0.835066 0.835058 0.835052 0.835046 0.835041 0.835037 0.835035 0.835033 0.835033 
0.78939 0.789398 0.789406 0.789416 0.789426 0.789436 0.789447 0.789457 0.789468 0.789479 0.78949 0.789501 0.789512 0.789522 0.789531 0.78954 0.789548 0.789555 0.789562 0.789567 0.789572 0.789575 0.789578 0.789579 0.789579 0.789578 0.789576 0.789573 0.789568 0.789563 0.789557 0.78955 0.789542 0.789533 0.789524 0.789514 0.789504 0.789493 0.789482 0.789471 0.78946 0.789449 0.789438 0.789428 0.789418 0.789409 0.7894 0.789392 0.789384 0.789378 0.789373 0.789368 0.789365 0.789362 0.789361 0.789361 0.789362 0.789364 0.789368 0.789372 0.789377 0.789383 
0.735569 0.735578 0.735587 0.735596 0.735605 0.735613 0.735622 0.73563 0.735637 0.735644 0.735651 0.735657 0.735662 0.735666 0.735669 0.735672 0.735674 0.735675 0.735675 0.735674 0.735672 0.735669 0.735666 0.735661 0.735656 0.73565 0.735644 0.735636 0.735629 0.735621 0.735612 0.735604 0.735595 0.735586 0.735577 0.735568 0.735559 0.735551 0.735543 0.735535 0.735528 0.735522 0.735516 0.735511 0.735507 0.735503 0.735501 0.735499 0.735498 0.735498 0.735499 0.735501 0.735504 0.735508 0.735512 0.735517 0.735523 0.73553 0.735537 0.735544 0.735552 0.735561 
0.673637 0.673642 0.673647 0.673652 0.673656 0.67366 0.673663 0.673666 0.673668 0.673669 0.67367 0.67367 0.67367 0.673669 0.673668 0.673666 0.673663 0.67366 0.673656 0.673652 0.673647 0.673642 0.673637 0.673631 0.673626 0.67362 0.673614 0.673607 0.673601 0.673595 0.67359 0.673584 0.673579 0.673574 0.673569 0.673565 0.673561 0.673558 0.673555 0.673553 0.673552 0.673551 0.673551 0.673551 0.673552 0.673554 0.673556 0.673558 0.673562 0.673565 0.67357 0.673574 0.673579 0.673584 0.67359 0.673596 0.673602 0.673608 0.673614 0.67362 0.673626 0.673631 
0.603769 0.60377 0.603771 0.603772 0.603772 0.603772 0.603772 0.603771 0.60377 0.603769 0.603767 0.603765 0.603763 0.603761 0.603758 0.603756 0.603753 0.60375 0.603746 0.603743 0.60374 0.603737 0.603734 0.60373 0.603727 0.603724 0.603722 0.603719 0.603717 0.603715 0.603713 0.603711 0.60371 0.603709 0.603708 0.603708 0.603708 0.603709 0.603709 0.60371 0.603712 0.603713 0.603715 0.603717 0.60372 0.603722 0.603725 0.603728 0.603731 0.603734 0.603737 0.603741 0.603744 0.603747 0.60375 0.603753 0.603756 0.603759 0.603761 0.603764 0.603766 0.603768 
0.526313 0.526313 0.526312 0.526312 0.526311 0.526311 0.52631 0.526309 0.526308 0.526307 0.526306 0.526305 0.526304 0.526303 0.526302 0.5263 0.526299 0.526298 0.526297 0.526296 0.526295 0.526294 0.526293 0.526293 0.526292 0.526291 0.526291 0.526291 0.52629 0.52629 0.52629 0.52629 0.526291 0.526291 0.526292 0.526292 0.526293 0.526294 0.526294 0.526295 0.526296 0.526297 0.526299 0.5263 0.526301 0.526302 0.526303 0.526304 0.526305 0.526306 0.526307 0.526308 0.526309 0.52631 0.526311 0.526311 0.526312 0.526312 0.526313 0.526313 0.526313 0.526313 
0.441801 0.441801 0.441801 0.441801 0.441802 0.441802 0.441802 0.441802 0.441802 0.441802 0.441802 0.441801 0.441801 0.441801 0.441801 0.441801 0.441801 0.441801 0.441801 0.4418 0.4418 0.4418 0.4418 0.4418 0.441799 0.441799 0.441799 0.441799 0.441799 0.441799 0.441799 0.441799 0.441798 0.441798 0.441798 0.441798 0.441798 0.441798 0.441798 0.441798 0.441798 0.441798 0.441798 0.441799 0.441799 0.441799 0.441799 0.441799 0.441799 0.441799 0.441799 0.4418 0.4418 0.4418 0.4418 0.4418 0.4418 0.441801 0.441801 0.441801 0.441801 0.441801 
0.350971 0.350971 0.350972 0.350972 0.350972 0.350972 0.350972 0.350973 0.350973 0.350973 0.350973 0.350973 0.350973 0.350972 0.350972 0.350972 0.350972 0.350972 0.350971 0.350971 0.350971 0.35097 0.35097 0.35097 0.350969 0.350969 0.350969 0.350968 0.350968 0.350967 0.350967 0.350967 0.350966 0.350966 0.350966 0.350966 0.350965 0.350965 0.350965 0.350965 0.350965 0.350965 0.350965 0.350965 0.350965 0.350965 0.350965 0.350966 0.350966 0.350966 0.350966 0.350967 0.350967 0.350967 0.350968 0.350968 0.350969 0.350969 0.350969 0.35097 0.35097 0.350971 
0.25481 0.25481 0.25481 0.25481 0.25481 0.25481 0.25481 0.25481 0.25481 0.254809 0.254809 0.254809 0.254809 0.254809 0.254808 0.254808 0.254808 0.254808 0.254807 0.254807 0.254807 0.254806 0.254806 0.254806 0.254806 0.254806 0.254805 0.254805 0.254805 0.254805 0.254805 0.254805 0.254805 0.254804 0.254804 0.254804 0.254804 0.254805 0.254805 0.254805 0.254805 0.254805 0.254805 0.254805 0.254806 0.254806 0.254806 0.254806 0.254807 0.254807 0.254807 0.254807 0.254808 0.254808 0.254808 0.254809 0.254809 0.254809 0.254809 0.254809 0.25481 0.25481 
0.154587 0.154587 0.154587 0.154587 0.154587 0.154587 0.154587 0.154587 0.154586 0.154586 0.154586 0.154586 0.154586 0.154586 0.154586 0.154586 0.154586 0.154586 0.154586 0.154586 0.154586 0.154586 0.154586 0.154586 0.154586 0.154586 0.154586 0.154586 0.154586 0.154586 0.154586 0.154586 0.154586 0.154586 0.154586 0.154586 0.154586 0.154586 0.154586 0.154586 0.154586 0.154586 0.154586 0.154587 0.154587 0.154587 0.154587 0.154587 0.154587 0.154587 0.154587 0.154587 0.154587 0.154587 0.154587 0.154587 0.154587 0.154587 0.154587 0.154587 0.154587 0.154587 
0.0518179 0.051818 0.051818 0.051818 0.051818 0.0518181 0.0518181 0.0518182 0.0518182 0.0518183 0.0518183 0.0518184 0.0518184 0.0518185 0.0518185 0.0518186 0.0518187 0.0518187 0.0518188 0.0518188 0.0518188 0.0518189 0.0518189 0.0518189 0.0518189 0.051819 0.051819 0.051819 0.051819 0.051819 0.0518189 0.0518189 0.0518189 0.0518189 0.0518188 0.0518188 0.0518188 0.0518187 0.0518187 0.0518186 0.0518186 0.0518185 0.0518184 0.0518184 0.0518183 0.0518183 0.0518182 0.0518182 0.0518181 0.0518181 0.051818 0.051818 0.051818 0.0518179 0.0518179 0.0518179 0.0518179 0.0518179 0.0518179 0.0518179 0.0518179 0.0518179 
