0.0516105 0.0516106 0.0516107 0.0516108 0.0516109 0.051611 0.0516111 0.0516112 0.0516114 0.0516115 0.0516116 0.0516118 0.0516119 0.051612 0.0516122 0.0516123 0.0516124 0.0516126 0.0516127 0.0516128 0.0516128 0.0516129 0.051613 0.051613 0.0516131 0.0516131 0.0516131 0.0516131 0.0516131 0.0516131 0.051613 0.0516129 0.0516129 0.0516128 0.0516127 0.0516126 0.0516125 0.0516124 0.0516122 0.0516121 0.051612 0.0516118 0.0516117 0.0516116 0.0516114 0.0516113 0.0516112 0.051611 0.0516109 0.0516108 0.0516107 0.0516106 0.0516105 0.0516105 0.0516104 0.0516104 0.0516104 0.0516104 0.0516104 0.0516104 0.0516104 0.0516105 
0.153979 0.153979 0.153979 0.153979 0.153979 0.153979 0.153979 0.153979 0.15398 0.15398 0.15398 0.15398 0.15398 0.153981 0.153981 0.153981 0.153981 0.153981 0.153981 0.153982 0.153982 0.153982 0.153982 0.153982 0.153982 0.153982 0.153982 0.153982 0.153982 0.153982 0.153982 0.153982 0.153982 0.153982 0.153982 0.153981 0.153981 0.153981 0.153981 0.153981 0.153981 0.15398 0.15398 0.15398 0.15398 0.15398 0.15398 0.153979 0.153979 0.153979 0.153979 0.153979 0.153979 0.153979 0.153979 0.153978 0.153978 0.153978 0.153978 0.153978 0.153978 0.153978 
0.25384 0.25384 0.25384 0.25384 0.25384 0.25384 0.25384 0.25384 0.25384 0.25384 0.25384 0.25384 0.253841 0.253841 0.253841 0.253841 0.253841 0.253841 0.253841 0.253841 0.253841 0.253841 0.253841 0.253841 0.253842 0.253842 0.253842 0.253842 0.253842 0.253842 0.253842 0.253841 0.253841 0.253841 0.253841 0.253841 0.253841 0.253841 0.253841 0.253841 0.253841 0.253841 0.253841 0.25384 0.25384 0.25384 0.25384 0.25384 0.25384 0.25384 0.25384 0.25384 0.25384 0.25384 0.25384 0.25384 0.25384 0.25384 0.253839 0.25384 0.25384 0.25384 
0.349698 0.349698 0.349698 0.349699 0.349699 0.349699 0.349699 0.349699 0.349699 0.349699 0.349699 0.349699 0.349699 0.349699 0.349699 0.349699 0.349699 0.349699 0.349699 0.349699 0.349699 0.349699 0.349699 0.349699 0.349699 0.349699 0.349699 0.349698 0.349698 0.349698 0.349698 0.349698 0.349698 0.349698 0.349698 0.349698 0.349698 0.349698 0.349698 0.349697 0.349697 0.349697 0.349697 0.349697 0.349697 0.349697 0.349697 0.349697 0.349697 0.349697 0.349697 0.349697 0.349697 0.349697 0.349698 0.349698 0.349698 0.349698 0.349698 0.349698 0.349698 0.349698 
0.44029 0.44029 0.440291 0.440291 0.440291 0.440291 0.440291 0.440291 0.440291 0.440291 0.440291 0.440291 0.440291 0.440291 0.440291 0.440291 0.44029 0.44029 0.44029 0.44029 0.44029 0.44029 0.44029 0.44029 0.440289 0.440289 0.440289 0.440289 0.440289 0.440289 0.440289 0.440289 0.440288 0.440288 0.440288 0.440288 0.440288 0.440288 0.440288 0.440288 0.440288 0.440288 0.440288 0.440288 0.440288 0.440288 0.440288 0.440288 0.440288 0.440289 0.440289 0.440289 0.440289 0.440289 0.440289 0.440289 0.440289 0.44029 0.44029 0.44029 0.44029 0.44029 
0.524619 0.524619 0.52462 0.52462 0.52462 0.524619 0.524619 0.524619 0.524619 0.524619 0.524618 0.524618 0.524618 0.524617 0.524617 0.524616 0.524616 0.524615 0.524614 0.524614 0.524613 0.524613 0.524612 0.524612 0.524611 0.524611 0.52461 0.52461 0.52461 0.524609 0.524609 0.524609 0.524609 0.524609 0.524609 0.524609 0.524609 0.524609 0.524609 0.524609 0.52461 0.52461 0.52461 0.524611 0.524611 0.524612 0.524612 0.524613 0.524613 0.524614 0.524614 0.524615 0.524615 0.524616 0.524616 0.524617 0.524617 0.524618 0.524618 0.524618 0.524619 0.524619 
0.601942 0.601943 0.601944 0.601945 0.601946 0.601946 0.601947 0.601947 0.601947 0.601946 0.601946 0.601946 0.601945 0.601944 0.601943 0.601942 0.601941 0.601939 0.601938 0.601936 0.601935 0.601933 0.601931 0.601929 0.601928 0.601926 0.601924 0.601923 0.601921 0.60192 0.601919 0.601917 0.601916 0.601915 0.601915 0.601914 0.601914 0.601913 0.601913 0.601913 0.601913 0.601914 0.601914 0.601915 0.601916 0.601917 0.601918 0.601919 0.601921 0.601922 0.601924 0.601925 0.601927 0.601929 0.601931 0.601932 0.601934 0.601935 0.601937 0.601939 0.60194 0.601941 
0.671729 0.671733 0.671736 0.671739 0.671742 0.671744 0.671747 0.671749 0.67175 0.671752 0.671753 0.671754 0.671754 0.671755 0.671754 0.671754 0.671753 0.671752 0.67175 0.671748 0.671746 0.671744 0.671741 0.671738 0.671735 0.671732 0.671728 0.671725 0.671722 0.671718 0.671715 0.671711 0.671708 0.671705 0.671702 0.671699 0.671697 0.671694 0.671692 0.67169 0.671689 0.671688 0.671687 0.671687 0.671686 0.671687 0.671687 0.671688 0.671689 0.671691 0.671693 0.671695 0.671697 0.6717 0.671703 0.671706 0.671709 0.671713 0.671716 0.671719 0.671723 0.671726 
0.733631 0.733636 0.733641 0.733647 0.733652 0.733657 0.733663 0.733668 0.733673 0.733677 0.733682 0.733685 0.733689 0.733692 0.733695 0.733697 0.733699 0.7337 0.7337 0.733701 0.7337 0.733699 0.733698 0.733695 0.733693 0.73369 0.733686 0.733683 0.733678 0.733674 0.733669 0.733664 0.733659 0.733653 0.733648 0.733643 0.733637 0.733632 0.733627 0.733622 0.733618 0.733613 0.733609 0.733606 0.733603 0.7336 0.733598 0.733596 0.733595 0.733595 0.733595 0.733595 0.733596 0.733598 0.7336 0.733602 0.733605 0.733609 0.733613 0.733617 0.733621 0.733626 
0.787452 0.787457 0.787462 0.787467 0.787473 0.787479 0.787485 0.787492 0.787499 0.787505 0.787512 0.787519 0.787525 0.787531 0.787537 0.787543 0.787548 0.787553 0.787557 0.78756 0.787563 0.787566 0.787568 0.787569 0.787569 0.787569 0.787568 0.787566 0.787564 0.787561 0.787558 0.787554 0.787549 0.787544 0.787539 0.787533 0.787527 0.78752 0.787514 0.787507 0.7875 0.787494 0.787487 0.787481 0.787475 0.787469 0.787463 0.787458 0.787453 0.787449 0.787445 0.787442 0.78744 0.787438 0.787437 0.787437 0.787437 0.787438 0.78744 0.787442 0.787445 0.787448 
0.833101 0.833102 0.833104 0.833107 0.83311 0.833114 0.833118 0.833123 0.833129 0.833134 0.83314 0.833147 0.833153 0.83316 0.833166 0.833173 0.83318 0.833186 0.833192 0.833198 0.833204 0.833209 0.833214 0.833218 0.833222 0.833225 0.833228 0.83323 0.833231 0.833232 0.833232 0.833231 0.83323 0.833228 0.833225 0.833222 0.833218 0.833213 0.833208 0.833203 0.833197 0.833191 0.833185 0.833179 0.833172 0.833165 0.833159 0.833152 0.833146 0.833139 0.833133 0.833128 0.833122 0.833118 0.833113 0.83311 0.833106 0.833104 0.833102 0.833101 0.8331 0.8331 
0.870525 0.870524 0.870522 0.870522 0.870521 0.870521 0.870522 0.870523 0.870525 0.870527 0.87053 0.870533 0.870536 0.87054 0.870544 0.870548 0.870552 0.870557 0.870562 0.870567 0.870572 0.870577 0.870582 0.870586 0.870591 0.870595 0.870599 0.870603 0.870607 0.87061 0.870612 0.870615 0.870616 0.870618 0.870619 0.870619 0.870619 0.870618 0.870617 0.870615 0.870613 0.87061 0.870607 0.870604 0.8706 0.870596 0.870592 0.870587 0.870583 0.870578 0.870573 0.870568 0.870563 0.870558 0.870553 0.870549 0.870545 0.87054 0.870537 0.870533 0.87053 0.870528 
0.89968 0.899678 0.899675 0.899672 0.89967 0.899668 0.899665 0.899663 0.899662 0.89966 0.899658 0.899657 0.899656 0.899656 0.899655 0.899655 0.899655 0.899655 0.899656 0.899657 0.899658 0.899659 0.899661 0.899663 0.899665 0.899667 0.899669 0.899671 0.899674 0.899676 0.899679 0.899682 0.899684 0.899687 0.899689 0.899692 0.899694 0.899696 0.899698 0.8997 0.899702 0.899703 0.899705 0.899706 0.899706 0.899707 0.899707 0.899707 0.899706 0.899706 0.899705 0.899704 0.899703 0.899701 0.899699 0.899697 0.899695 0.899693 0.89969 0.899688 0.899685 0.899683 
0.920526 0.920525 0.920524 0.920522 0.92052 0.920517 0.920514 0.92051 0.920507 0.920503 0.920498 0.920494 0.92049 0.920485 0.92048 0.920476 0.920471 0.920467 0.920462 0.920458 0.920454 0.920451 0.920448 0.920445 0.920442 0.92044 0.920438 0.920437 0.920436 0.920436 0.920436 0.920437 0.920438 0.920439 0.920441 0.920444 0.920446 0.920449 0.920453 0.920457 0.920461 0.920465 0.920469 0.920474 0.920478 0.920483 0.920488 0.920492 0.920497 0.920501 0.920505 0.920509 0.920512 0.920516 0.920519 0.920521 0.920523 0.920525 0.920526 0.920527 0.920527 0.920527 
0.933043 0.933044 0.933044 0.933044 0.933042 0.93304 0.933037 0.933034 0.933029 0.933024 0.933018 0.933012 0.933005 0.932998 0.932991 0.932983 0.932975 0.932967 0.932959 0.932951 0.932943 0.932935 0.932928 0.93292 0.932914 0.932908 0.932902 0.932897 0.932893 0.93289 0.932887 0.932885 0.932884 0.932884 0.932885 0.932886 0.932888 0.932891 0.932895 0.932899 0.932905 0.93291 0.932917 0.932923 0.932931 0.932938 0.932946 0.932954 0.932962 0.93297 0.932978 0.932986 0.932994 0.933001 0.933008 0.933015 0.933021 0.933026 0.933031 0.933035 0.933039 0.933041 
0.937224 0.937225 0.937226 0.937226 0.937224 0.937222 0.937218 0.937214 0.937208 0.937202 0.937195 0.937188 0.937179 0.937171 0.937161 0.937152 0.937142 0.937132 0.937121 0.937111 0.937101 0.937091 0.937082 0.937073 0.937065 0.937057 0.93705 0.937044 0.937038 0.937034 0.93703 0.937027 0.937026 0.937025 0.937026 0.937027 0.93703 0.937033 0.937038 0.937043 0.937049 0.937056 0.937064 0.937072 0.937081 0.93709 0.9371 0.93711 0.93712 0.93713 0.93714 0.93715 0.93716 0.937169 0.937178 0.937187 0.937194 0.937202 0.937208 0.937213 0.937218 0.937221 
0.933066 0.933065 0.933064 0.933061 0.933058 0.933053 0.933048 0.933042 0.933034 0.933027 0.933018 0.933009 0.933 0.93299 0.93298 0.93297 0.93296 0.932949 0.932939 0.932929 0.93292 0.932911 0.932903 0.932895 0.932888 0.932881 0.932876 0.932872 0.932868 0.932865 0.932864 0.932863 0.932864 0.932866 0.932868 0.932872 0.932876 0.932882 0.932888 0.932895 0.932903 0.932911 0.93292 0.93293 0.93294 0.93295 0.93296 0.93297 0.93298 0.93299 0.933 0.93301 0.933019 0.933027 0.933035 0.933042 0.933048 0.933053 0.933058 0.933061 0.933064 0.933065 
0.920564 0.920559 0.920554 0.920547 0.92054 0.920533 0.920525 0.920517 0.920508 0.920499 0.920489 0.92048 0.920471 0.920462 0.920453 0.920444 0.920436 0.920428 0.920421 0.920414 0.920408 0.920403 0.920399 0.920395 0.920393 0.920391 0.920391 0.920391 0.920392 0.920394 0.920397 0.920401 0.920406 0.920411 0.920418 0.920425 0.920432 0.92044 0.920449 0.920457 0.920466 0.920476 0.920485 0.920494 0.920503 0.920512 0.920521 0.920529 0.920537 0.920544 0.920551 0.920557 0.920562 0.920566 0.920569 0.920572 0.920573 0.920574 0.920574 0.920573 0.920571 0.920568 
0.899715 0.899707 0.899698 0.899689 0.89968 0.899671 0.899662 0.899653 0.899644 0.899636 0.899629 0.899622 0.899615 0.899609 0.899604 0.8996 0.899597 0.899594 0.899593 0.899592 0.899592 0.899593 0.899596 0.899598 0.899602 0.899607 0.899612 0.899619 0.899625 0.899633 0.899641 0.899649 0.899658 0.899667 0.899676 0.899685 0.899694 0.899703 0.899712 0.89972 0.899728 0.899736 0.899743 0.899749 0.899755 0.89976 0.899764 0.899767 0.89977 0.899771 0.899772 0.899772 0.89977 0.899768 0.899765 0.899761 0.899757 0.899751 0.899745 0.899738 0.899731 0.899723 
0.870538 0.870528 0.870519 0.870511 0.870503 0.870496 0.87049 0.870485 0.87048 0.870476 0.870474 0.870472 0.870471 0.870472 0.870473 0.870476 0.870479 0.870483 0.870489 0.870495 0.870502 0.870509 0.870518 0.870526 0.870536 0.870545 0.870555 0.870565 0.870575 0.870586 0.870595 0.870605 0.870615 0.870623 0.870632 0.87064 0.870647 0.870653 0.870658 0.870663 0.870666 0.870669 0.870671 0.870671 0.870671 0.870669 0.870667 0.870663 0.870659 0.870654 0.870648 0.870641 0.870633 0.870625 0.870616 0.870607 0.870597 0.870587 0.870577 0.870567 0.870557 0.870547 
0.833078 0.833073 0.833068 0.833065 0.833062 0.833061 0.83306 0.833061 0.833063 0.833066 0.83307 0.833075 0.833081 0.833088 0.833095 0.833104 0.833113 0.833122 0.833132 0.833143 0.833153 0.833164 0.833175 0.833186 0.833196 0.833207 0.833217 0.833226 0.833235 0.833243 0.83325 0.833257 0.833262 0.833267 0.83327 0.833273 0.833274 0.833274 0.833274 0.833272 0.833269 0.833265 0.83326 0.833254 0.833247 0.833239 0.833231 0.833222 0.833212 0.833202 0.833192 0.833181 0.83317 0.833159 0.833148 0.833138 0.833128 0.833118 0.833108 0.8331 0.833092 0.833084 
0.787404 0.787404 0.787406 0.787409 0.787413 0.787417 0.787423 0.787429 0.787437 0.787444 0.787453 0.787462 0.787471 0.787481 0.787491 0.787502 0.787512 0.787522 0.787532 0.787542 0.787551 0.78756 0.787568 0.787576 0.787582 0.787589 0.787594 0.787598 0.787601 0.787604 0.787605 0.787605 0.787604 0.787603 0.7876 0.787596 0.787591 0.787586 0.787579 0.787572 0.787564 0.787555 0.787546 0.787537 0.787527 0.787517 0.787507 0.787497 0.787486 0.787476 0.787467 0.787458 0.787449 0.787441 0.787433 0.787426 0.78742 0.787415 0.787411 0.787407 0.787405 0.787404 
0.733584 0.733589 0.733595 0.733601 0.733608 0.733615 0.733623 0.733631 0.733639 0.733647 0.733656 0.733664 0.733672 0.73368 0.733687 0.733694 0.733701 0.733707 0.733712 0.733717 0.733721 0.733725 0.733727 0.733729 0.73373 0.73373 0.733729 0.733728 0.733726 0.733722 0.733719 0.733714 0.733709 0.733703 0.733696 0.733689 0.733682 0.733674 0.733666 0.733658 0.73365 0.733642 0.733634 0.733626 0.733618 0.73361 0.733603 0.733597 0.733591 0.733585 0.73358 0.733576 0.733573 0.73357 0.733569 0.733568 0.733568 0.733568 0.73357 0.733572 0.733575 0.733579 
0.671706 0.671711 0.671717 0.671722 0.671728 0.671733 0.671739 0.671744 0.671749 0.671753 0.671758 0.671762 0.671765 0.671769 0.671771 0.671773 0.671775 0.671776 0.671777 0.671777 0.671776 0.671775 0.671773 0.671771 0.671768 0.671765 0.671761 0.671757 0.671753 0.671748 0.671743 0.671738 0.671732 0.671727 0.671721 0.671715 0.67171 0.671705 0.671699 0.671694 0.67169 0.671685 0.671681 0.671678 0.671675 0.671672 0.67167 0.671668 0.671667 0.671667 0.671667 0.671667 0.671669 0.67167 0.671673 0.671675 0.671679 0.671682 0.671686 0.671691 0.671696 0.671701 
0.601941 0.601944 0.601946 0.601949 0.601951 0.601953 0.601955 0.601957 0.601958 0.601959 0.60196 0.601961 0.601961 0.601961 0.60196 0.60196 0.601959 0.601957 0.601956 0.601954 0.601952 0.60195 0.601947 0.601945 0.601942 0.601939 0.601936 0.601933 0.60193 0.601927 0.601924 0.601921 0.601918 0.601916 0.601913 0.601911 0.601909 0.601907 0.601905 0.601904 0.601903 0.601902 0.601901 0.601901 0.601901 0.601902 0.601902 0.601903 0.601905 0.601906 0.601908 0.60191 0.601912 0.601915 0.601918 0.60192 0.601923 0.601926 0.601929 0.601932 0.601935 0.601938 
0.524624 0.524624 0.524625 0.524625 0.524626 0.524626 0.524626 0.524626 0.524626 0.524626 0.524626 0.524625 0.524625 0.524624 0.524624 0.524623 0.524622 0.524621 0.52462 0.524619 0.524618 0.524617 0.524615 0.524614 0.524613 0.524612 0.524611 0.52461 0.524609 0.524608 0.524607 0.524606 0.524605 0.524605 0.524604 0.524604 0.524604 0.524603 0.524603 0.524603 0.524604 0.524604 0.524604 0.524605 0.524606 0.524606 0.524607 0.524608 0.524609 0.52461 0.524611 0.524612 0.524613 0.524615 0.524616 0.524617 0.524618 0.524619 0.52462 0.524621 0.524622 0.524623 
0.440292 0.440292 0.440292 0.440292 0.440293 0.440293 0.440293 0.440293 0.440293 0.440293 0.440293 0.440293 0.440293 0.440293 0.440293 0.440292 0.440292 0.440292 0.440292 0.440292 0.440291 0.440291 0.440291 0.44029 0.44029 0.44029 0.44029 0.440289 0.440289 0.440289 0.440288 0.440288 0.440288 0.440288 0.440288 0.440288 0.440287 0.440287 0.440287 0.440287 0.440287 0.440287 0.440287 0.440287 0.440287 0.440288 0.440288 0.440288 0.440288 0.440288 0.440289 0.440289 0.440289 0.440289 0.44029 0.44029 0.44029 0.44029 0.440291 0.440291 0.440291 0.440292 
0.349699 0.349699 0.3497 0.3497 0.3497 0.3497 0.349701 0.349701 0.349701 0.349701 0.349701 0.349701 0.349701 0.349701 0.349701 0.349701 0.349701 0.349701 0.349701 0.349701 0.349701 0.349701 0.3497 0.3497 0.3497 0.3497 0.349699 0.349699 0.349699 0.349699 0.349698 0.349698 0.349698 0.349698 0.349697 0.349697 0.349697 0.349697 0.349696 0.349696 0.349696 0.349696 0.349696 0.349696 0.349696 0.349696 0.349696 0.349696 0.349696 0.349696 0.349696 0.349696 0.349697 0.349697 0.349697 0.349697 0.349697 0.349698 0.349698 0.349698 0.349698 0.349699 
0.253842 0.253842 0.253842 0.253842 0.253842 0.253842 0.253842 0.253842 0.253843 0.253843 0.253842 0.253842 0.253842 0.253842 0.253842 0.253842 0.253842 0.253842 0.253842 0.253842 0.253841 0.253841 0.253841 0.253841 0.253841 0.253841 0.253841 0.25384 0.25384 0.25384 0.25384 0.25384 0.25384 0.25384 0.25384 0.253839 0.253839 0.253839 0.253839 0.253839 0.253839 0.253839 0.253839 0.253839 0.253839 0.253839 0.25384 0.25384 0.25384 0.25384 0.25384 0.25384 0.25384 0.25384 0.253841 0.253841 0.253841 0.253841 0.253841 0.253841 0.253842 0.253842 
0.15398 0.15398 0.15398 0.15398 0.15398 0.15398 0.15398 0.15398 0.15398 0.15398 0.15398 0.15398 0.15398 0.15398 0.15398 0.15398 0.15398 0.15398 0.15398 0.15398 0.15398 0.15398 0.15398 0.15398 0.15398 0.15398 0.15398 0.15398 0.15398 0.15398 0.15398 0.15398 0.15398 0.15398 0.153981 0.153981 0.153981 0.153981 0.153981 0.153981 0.153981 0.153981 0.153981 0.153981 0.153981 0.153981 0.153981 0.153981 0.153981 0.15398 0.15398 0.15398 0.15398 0.15398 0.15398 0.15398 0.15398 0.15398 0.15398 0.15398 0.15398 0.15398 
0.0516111 0.0516111 0.0516111 0.0516111 0.0516111 0.0516111 0.0516111 0.0516112 0.0516112 0.0516112 0.0516113 0.0516114 0.0516114 0.0516115 0.0516116 0.0516117 0.0516117 0.0516118 0.0516119 0.051612 0.0516121 0.0516121 0.0516122 0.0516123 0.0516123 0.0516124 0.0516124 0.0516125 0.0516125 0.0516125 0.0516126 0.0516126 0.0516126 0.0516126 0.0516125 0.0516125 0.0516125 0.0516125 0.0516124 0.0516124 0.0516123 0.0516123 0.0516122 0.0516121 0.0516121 0.051612 0.0516119 0.0516118 0.0516118 0.0516117 0.0516116 0.0516115 0.0516114 0.0516114 0.0516113 0.0516113 0.0516112 0.0516112 0.0516111 0.0516111 0.0516111 0.0516111 
