0.047815 0.047815 0.047815 0.0478149 0.0478149 0.0478149 0.0478148 0.0478148 0.0478148 0.0478148 0.0478148 0.0478147 0.0478147 0.0478147 0.0478147 0.0478147 0.0478147 0.0478147 0.0478147 0.0478147 0.0478148 0.0478148 0.0478148 0.0478148 0.0478149 0.0478149 0.0478149 0.0478149 0.047815 0.047815 0.047815 0.0478151 0.0478151 0.0478151 0.0478152 0.0478152 0.0478152 0.0478153 0.0478153 0.0478153 0.0478153 0.0478153 0.0478154 0.0478154 0.0478154 0.0478154 0.0478154 0.0478154 0.0478154 0.0478154 0.0478153 0.0478153 0.0478153 0.0478153 0.0478153 0.0478152 0.0478152 0.0478152 0.0478151 0.0478151 0.0478151 0.047815 
0.142784 0.142784 0.142784 0.142784 0.142784 0.142784 0.142784 0.142784 0.142784 0.142784 0.142784 0.142784 0.142784 0.142784 0.142784 0.142784 0.142784 0.142784 0.142784 0.142784 0.142784 0.142784 0.142784 0.142784 0.142784 0.142785 0.142785 0.142785 0.142785 0.142785 0.142785 0.142785 0.142785 0.142785 0.142785 0.142785 0.142785 0.142785 0.142785 0.142785 0.142785 0.142785 0.142785 0.142785 0.142785 0.142785 0.142785 0.142785 0.142785 0.142785 0.142785 0.142785 0.142785 0.142785 0.142785 0.142785 0.142785 0.142785 0.142785 0.142785 0.142785 0.142784 
0.235799 0.235799 0.235798 0.235798 0.235798 0.235798 0.235798 0.235798 0.235798 0.235798 0.235798 0.235798 0.235798 0.235798 0.235798 0.235798 0.235798 0.235798 0.235798 0.235798 0.235798 0.235798 0.235798 0.235799 0.235799 0.235799 0.235799 0.235799 0.235799 0.235799 0.235799 0.235799 0.235799 0.235799 0.235799 0.235799 0.235799 0.235799 0.235799 0.235799 0.235799 0.235799 0.235799 0.235799 0.235799 0.235799 0.235799 0.235799 0.235799 0.235799 0.235799 0.235799 0.235799 0.235799 0.235799 0.235799 0.235799 0.235799 0.235799 0.235799 0.235799 0.235799 
0.325638 0.325638 0.325638 0.325638 0.325638 0.325638 0.325638 0.325638 0.325638 0.325638 0.325638 0.325638 0.325638 0.325638 0.325638 0.325638 0.325638 0.325638 0.325638 0.325638 0.325638 0.325638 0.325638 0.325638 0.325638 0.325638 0.325638 0.325638 0.325638 0.325638 0.325638 0.325638 0.325638 0.325638 0.325638 0.325638 0.325638 0.325639 0.325639 0.325639 0.325639 0.325639 0.325639 0.325639 0.325639 0.325639 0.325639 0.325639 0.325639 0.325639 0.325639 0.325638 0.325638 0.325638 0.325638 0.325638 0.325638 0.325638 0.325638 0.325638 0.325638 0.325638 
0.411198 0.411198 0.411198 0.411198 0.411198 0.411198 0.411198 0.411198 0.411198 0.411198 0.411198 0.411198 0.411198 0.411198 0.411198 0.411198 0.411198 0.411199 0.411199 0.411199 0.411199 0.411199 0.411199 0.411199 0.411199 0.411199 0.411199 0.411199 0.411199 0.411199 0.411199 0.411199 0.411199 0.411199 0.411199 0.411199 0.411199 0.411199 0.411199 0.411199 0.411199 0.411199 0.411199 0.411199 0.411199 0.411199 0.411199 0.411199 0.411199 0.411199 0.411199 0.411198 0.411198 0.411198 0.411198 0.411198 0.411198 0.411198 0.411198 0.411198 0.411198 0.411198 
0.491518 0.491518 0.491518 0.491519 0.491519 0.491519 0.491519 0.491519 0.491519 0.491519 0.491519 0.49152 0.49152 0.49152 0.49152 0.49152 0.491521 0.491521 0.491521 0.491521 0.491521 0.491521 0.491521 0.491522 0.491522 0.491522 0.491522 0.491522 0.491522 0.491522 0.491522 0.491522 0.491522 0.491522 0.491521 0.491521 0.491521 0.491521 0.491521 0.491521 0.491521 0.491521 0.49152 0.49152 0.49152 0.49152 0.49152 0.49152 0.491519 0.491519 0.491519 0.491519 0.491519 0.491519 0.491519 0.491519 0.491518 0.491518 0.491518 0.491518 0.491518 0.491518 
0.565795 0.565795 0.565795 0.565795 0.565795 0.565796 0.565796 0.565796 0.565796 0.565797 0.565797 0.565797 0.565798 0.565798 0.565799 0.565799 0.565799 0.5658 0.5658 0.565801 0.565801 0.565802 0.565802 0.565802 0.565803 0.565803 0.565803 0.565804 0.565804 0.565804 0.565804 0.565804 0.565804 0.565804 0.565804 0.565804 0.565804 0.565803 0.565803 0.565803 0.565803 0.565802 0.565802 0.565801 0.565801 0.565801 0.5658 0.5658 0.565799 0.565799 0.565798 0.565798 0.565798 0.565797 0.565797 0.565796 0.565796 0.565796 0.565796 0.565795 0.565795 0.565795 
0.633384 0.633384 0.633384 0.633383 0.633383 0.633383 0.633383 0.633383 0.633384 0.633384 0.633384 0.633385 0.633385 0.633386 0.633386 0.633387 0.633388 0.633389 0.633389 0.63339 0.633391 0.633392 0.633393 0.633394 0.633395 0.633395 0.633396 0.633397 0.633397 0.633398 0.633399 0.633399 0.633399 0.6334 0.6334 0.6334 0.6334 0.6334 0.6334 0.6334 0.633399 0.633399 0.633398 0.633398 0.633397 0.633397 0.633396 0.633395 0.633394 0.633394 0.633393 0.633392 0.633391 0.63339 0.633389 0.633389 0.633388 0.633387 0.633386 0.633386 0.633385 0.633385 
0.693789 0.693788 0.693787 0.693786 0.693785 0.693785 0.693784 0.693784 0.693784 0.693784 0.693784 0.693784 0.693784 0.693784 0.693785 0.693786 0.693786 0.693787 0.693788 0.693789 0.693791 0.693792 0.693793 0.693794 0.693796 0.693797 0.693798 0.693799 0.693801 0.693802 0.693803 0.693804 0.693805 0.693806 0.693807 0.693808 0.693808 0.693809 0.693809 0.693809 0.693809 0.693809 0.693809 0.693809 0.693808 0.693808 0.693807 0.693806 0.693806 0.693805 0.693804 0.693802 0.693801 0.6938 0.693799 0.693797 0.693796 0.693795 0.693794 0.693792 0.693791 0.69379 
0.746639 0.746637 0.746636 0.746634 0.746633 0.746631 0.74663 0.746629 0.746628 0.746628 0.746627 0.746627 0.746626 0.746626 0.746626 0.746626 0.746627 0.746627 0.746628 0.746629 0.74663 0.746631 0.746632 0.746634 0.746635 0.746637 0.746638 0.74664 0.746641 0.746643 0.746645 0.746646 0.746648 0.74665 0.746651 0.746652 0.746654 0.746655 0.746656 0.746657 0.746658 0.746658 0.746659 0.746659 0.746659 0.746659 0.746659 0.746658 0.746658 0.746657 0.746656 0.746655 0.746654 0.746653 0.746651 0.74665 0.746648 0.746647 0.746645 0.746644 0.746642 0.74664 
0.791665 0.791663 0.791662 0.79166 0.791658 0.791657 0.791655 0.791654 0.791652 0.791651 0.79165 0.791649 0.791648 0.791647 0.791647 0.791646 0.791646 0.791646 0.791647 0.791647 0.791647 0.791648 0.791649 0.79165 0.791651 0.791652 0.791654 0.791655 0.791657 0.791658 0.79166 0.791662 0.791664 0.791665 0.791667 0.791669 0.79167 0.791672 0.791673 0.791675 0.791676 0.791677 0.791678 0.791679 0.79168 0.79168 0.791681 0.791681 0.791681 0.791681 0.79168 0.79168 0.791679 0.791678 0.791677 0.791676 0.791675 0.791673 0.791672 0.79167 0.791669 0.791667 
0.82868 0.828679 0.828677 0.828676 0.828675 0.828673 0.828672 0.828671 0.828669 0.828668 0.828667 0.828666 0.828665 0.828664 0.828664 0.828663 0.828662 0.828662 0.828662 0.828662 0.828662 0.828662 0.828663 0.828663 0.828664 0.828665 0.828666 0.828667 0.828668 0.828669 0.82867 0.828671 0.828673 0.828674 0.828675 0.828677 0.828678 0.82868 0.828681 0.828682 0.828683 0.828684 0.828685 0.828686 0.828687 0.828688 0.828688 0.828689 0.828689 0.828689 0.828689 0.828689 0.828689 0.828689 0.828688 0.828687 0.828687 0.828686 0.828685 0.828684 0.828683 0.828681 
0.857559 0.857558 0.857557 0.857557 0.857556 0.857556 0.857555 0.857555 0.857554 0.857553 0.857553 0.857553 0.857552 0.857552 0.857552 0.857552 0.857551 0.857551 0.857551 0.857551 0.857551 0.857552 0.857552 0.857552 0.857552 0.857553 0.857553 0.857554 0.857554 0.857555 0.857555 0.857556 0.857557 0.857557 0.857558 0.857558 0.857559 0.85756 0.85756 0.857561 0.857561 0.857562 0.857562 0.857562 0.857563 0.857563 0.857563 0.857563 0.857563 0.857563 0.857563 0.857563 0.857563 0.857563 0.857563 0.857562 0.857562 0.857561 0.857561 0.85756 0.85756 0.857559 
0.878225 0.878225 0.878225 0.878225 0.878226 0.878226 0.878227 0.878227 0.878228 0.878228 0.878229 0.87823 0.87823 0.878231 0.878232 0.878232 0.878233 0.878234 0.878234 0.878235 0.878235 0.878236 0.878236 0.878237 0.878237 0.878238 0.878238 0.878238 0.878238 0.878238 0.878238 0.878238 0.878238 0.878237 0.878237 0.878237 0.878236 0.878236 0.878235 0.878235 0.878234 0.878234 0.878233 0.878232 0.878232 0.878231 0.87823 0.87823 0.878229 0.878228 0.878228 0.878227 0.878227 0.878226 0.878226 0.878225 0.878225 0.878225 0.878225 0.878225 0.878225 0.878225 
0.890636 0.890637 0.890638 0.89064 0.890641 0.890642 0.890644 0.890646 0.890647 0.890649 0.890651 0.890652 0.890654 0.890656 0.890658 0.890659 0.890661 0.890662 0.890664 0.890665 0.890666 0.890667 0.890668 0.890668 0.890669 0.890669 0.890669 0.890669 0.890669 0.890668 0.890668 0.890667 0.890666 0.890665 0.890664 0.890662 0.890661 0.890659 0.890658 0.890656 0.890654 0.890652 0.890651 0.890649 0.890647 0.890645 0.890644 0.890642 0.890641 0.89064 0.890638 0.890637 0.890636 0.890635 0.890635 0.890634 0.890634 0.890634 0.890634 0.890634 0.890635 0.890636 
0.894774 0.894776 0.894778 0.89478 0.894782 0.894785 0.894787 0.89479 0.894792 0.894795 0.894797 0.8948 0.894802 0.894805 0.894807 0.894809 0.894811 0.894813 0.894815 0.894816 0.894818 0.894819 0.894819 0.89482 0.89482 0.89482 0.89482 0.894819 0.894818 0.894817 0.894816 0.894814 0.894813 0.894811 0.894809 0.894806 0.894804 0.894801 0.894799 0.894796 0.894794 0.894791 0.894789 0.894786 0.894784 0.894781 0.894779 0.894777 0.894775 0.894774 0.894772 0.894771 0.89477 0.894769 0.894769 0.894769 0.894769 0.894769 0.89477 0.89477 0.894771 0.894773 
0.890635 0.890637 0.89064 0.890643 0.890646 0.890649 0.890652 0.890655 0.890658 0.890661 0.890663 0.890666 0.890669 0.890671 0.890673 0.890675 0.890677 0.890678 0.89068 0.890681 0.890681 0.890682 0.890682 0.890681 0.890681 0.89068 0.890679 0.890677 0.890675 0.890674 0.890671 0.890669 0.890666 0.890664 0.890661 0.890658 0.890655 0.890652 0.890649 0.890646 0.890643 0.89064 0.890638 0.890635 0.890633 0.89063 0.890628 0.890627 0.890625 0.890624 0.890623 0.890622 0.890622 0.890622 0.890622 0.890623 0.890624 0.890625 0.890627 0.890628 0.89063 0.890632 
0.878226 0.878229 0.878232 0.878235 0.878238 0.878241 0.878244 0.878247 0.87825 0.878252 0.878254 0.878256 0.878258 0.878259 0.878261 0.878261 0.878262 0.878262 0.878262 0.878262 0.878261 0.87826 0.878259 0.878257 0.878256 0.878254 0.878251 0.878249 0.878246 0.878243 0.878241 0.878238 0.878234 0.878231 0.878228 0.878225 0.878222 0.878219 0.878217 0.878214 0.878212 0.878209 0.878207 0.878206 0.878204 0.878203 0.878202 0.878202 0.878201 0.878201 0.878202 0.878202 0.878203 0.878205 0.878206 0.878208 0.87821 0.878212 0.878215 0.878217 0.87822 0.878223 
0.857569 0.857572 0.857574 0.857577 0.857579 0.857581 0.857583 0.857585 0.857586 0.857587 0.857588 0.857588 0.857589 0.857588 0.857588 0.857587 0.857586 0.857585 0.857583 0.857581 0.857579 0.857577 0.857574 0.857571 0.857568 0.857565 0.857562 0.857559 0.857556 0.857553 0.85755 0.857547 0.857544 0.857542 0.857539 0.857537 0.857535 0.857533 0.857531 0.85753 0.857529 0.857528 0.857528 0.857528 0.857528 0.857528 0.857529 0.85753 0.857532 0.857533 0.857535 0.857537 0.85754 0.857542 0.857545 0.857548 0.857551 0.857554 0.857557 0.85756 0.857563 0.857566 
0.828702 0.828704 0.828705 0.828706 0.828707 0.828707 0.828707 0.828707 0.828707 0.828706 0.828705 0.828703 0.828702 0.8287 0.828698 0.828695 0.828693 0.82869 0.828687 0.828684 0.828681 0.828678 0.828675 0.828672 0.828669 0.828666 0.828663 0.82866 0.828658 0.828655 0.828653 0.828651 0.82865 0.828648 0.828647 0.828646 0.828646 0.828646 0.828646 0.828647 0.828647 0.828648 0.82865 0.828651 0.828653 0.828656 0.828658 0.828661 0.828663 0.828666 0.828669 0.828672 0.828675 0.828678 0.828682 0.828685 0.828688 0.82869 0.828693 0.828696 0.828698 0.8287 
0.791695 0.791694 0.791694 0.791693 0.791692 0.791691 0.791689 0.791687 0.791685 0.791683 0.791681 0.791678 0.791675 0.791672 0.791669 0.791666 0.791663 0.79166 0.791657 0.791654 0.791652 0.791649 0.791646 0.791644 0.791642 0.79164 0.791639 0.791637 0.791636 0.791635 0.791635 0.791635 0.791635 0.791635 0.791636 0.791637 0.791638 0.79164 0.791642 0.791644 0.791646 0.791649 0.791651 0.791654 0.791657 0.79166 0.791663 0.791666 0.791669 0.791672 0.791675 0.791678 0.79168 0.791683 0.791685 0.791687 0.791689 0.791691 0.791692 0.791693 0.791694 0.791694 
0.746666 0.746665 0.746663 0.746661 0.746659 0.746656 0.746654 0.746651 0.746649 0.746646 0.746643 0.746641 0.746638 0.746635 0.746633 0.74663 0.746628 0.746626 0.746624 0.746622 0.746621 0.746619 0.746618 0.746618 0.746617 0.746617 0.746617 0.746617 0.746618 0.746619 0.74662 0.746621 0.746623 0.746624 0.746626 0.746629 0.746631 0.746633 0.746636 0.746639 0.746641 0.746644 0.746647 0.746649 0.746652 0.746655 0.746657 0.746659 0.746661 0.746663 0.746665 0.746667 0.746668 0.746669 0.74667 0.74667 0.74667 0.74667 0.74667 0.746669 0.746669 0.746668 
0.693806 0.693804 0.693802 0.6938 0.693798 0.693796 0.693794 0.693792 0.69379 0.693788 0.693786 0.693784 0.693782 0.693781 0.69378 0.693779 0.693778 0.693777 0.693777 0.693776 0.693776 0.693776 0.693777 0.693777 0.693778 0.693779 0.69378 0.693782 0.693783 0.693785 0.693787 0.693789 0.693791 0.693793 0.693795 0.693797 0.693799 0.693801 0.693804 0.693806 0.693808 0.693809 0.693811 0.693813 0.693814 0.693815 0.693817 0.693817 0.693818 0.693819 0.693819 0.693819 0.693819 0.693818 0.693818 0.693817 0.693816 0.693815 0.693813 0.693812 0.69381 0.693808 
0.63339 0.633389 0.633387 0.633386 0.633385 0.633384 0.633382 0.633381 0.63338 0.63338 0.633379 0.633378 0.633378 0.633378 0.633378 0.633378 0.633378 0.633378 0.633379 0.633379 0.63338 0.633381 0.633382 0.633383 0.633385 0.633386 0.633387 0.633389 0.63339 0.633392 0.633393 0.633395 0.633396 0.633398 0.633399 0.6334 0.633402 0.633403 0.633404 0.633405 0.633406 0.633406 0.633407 0.633407 0.633407 0.633408 0.633407 0.633407 0.633407 0.633406 0.633406 0.633405 0.633404 0.633403 0.633402 0.633401 0.633399 0.633398 0.633396 0.633395 0.633393 0.633392 
0.565795 0.565794 0.565793 0.565793 0.565792 0.565792 0.565792 0.565792 0.565792 0.565792 0.565792 0.565792 0.565792 0.565792 0.565793 0.565793 0.565794 0.565795 0.565795 0.565796 0.565797 0.565798 0.565799 0.5658 0.565801 0.565801 0.565802 0.565803 0.565804 0.565805 0.565806 0.565806 0.565807 0.565808 0.565808 0.565809 0.565809 0.565809 0.565809 0.56581 0.56581 0.565809 0.565809 0.565809 0.565809 0.565808 0.565808 0.565807 0.565806 0.565806 0.565805 0.565804 0.565803 0.565802 0.565801 0.5658 0.5658 0.565799 0.565798 0.565797 0.565796 0.565795 
0.491517 0.491516 0.491516 0.491516 0.491516 0.491516 0.491517 0.491517 0.491517 0.491517 0.491517 0.491518 0.491518 0.491518 0.491519 0.491519 0.49152 0.49152 0.49152 0.491521 0.491521 0.491522 0.491522 0.491523 0.491523 0.491523 0.491524 0.491524 0.491524 0.491525 0.491525 0.491525 0.491525 0.491525 0.491525 0.491525 0.491525 0.491525 0.491525 0.491525 0.491525 0.491524 0.491524 0.491524 0.491523 0.491523 0.491522 0.491522 0.491522 0.491521 0.491521 0.49152 0.49152 0.491519 0.491519 0.491519 0.491518 0.491518 0.491517 0.491517 0.491517 0.491517 
0.411198 0.411198 0.411198 0.411198 0.411198 0.411198 0.411198 0.411198 0.411198 0.411198 0.411198 0.411199 0.411199 0.411199 0.411199 0.411199 0.411199 0.4112 0.4112 0.4112 0.4112 0.4112 0.4112 0.4112 0.411201 0.411201 0.411201 0.411201 0.411201 0.411201 0.411201 0.411201 0.411201 0.411201 0.411201 0.411201 0.411201 0.4112 0.4112 0.4112 0.4112 0.4112 0.4112 0.4112 0.411199 0.411199 0.411199 0.411199 0.411199 0.411199 0.411198 0.411198 0.411198 0.411198 0.411198 0.411198 0.411198 0.411198 0.411198 0.411198 0.411198 0.411198 
0.325638 0.325638 0.325638 0.325638 0.325638 0.325638 0.325638 0.325638 0.325638 0.325638 0.325638 0.325638 0.325638 0.325638 0.325638 0.325638 0.325639 0.325639 0.325639 0.325639 0.325639 0.325639 0.325639 0.325639 0.325639 0.325639 0.325639 0.325639 0.325639 0.325639 0.325639 0.325639 0.325639 0.325639 0.325639 0.325639 0.325639 0.325639 0.325639 0.325639 0.325639 0.325639 0.325639 0.325639 0.325639 0.325639 0.325639 0.325639 0.325639 0.325639 0.325639 0.325639 0.325638 0.325638 0.325638 0.325638 0.325638 0.325638 0.325638 0.325638 0.325638 0.325638 
0.235799 0.235799 0.235799 0.235799 0.235799 0.235799 0.235799 0.235799 0.235799 0.235799 0.235799 0.235799 0.235799 0.235799 0.235799 0.235799 0.235799 0.235799 0.235799 0.235799 0.235799 0.235799 0.235799 0.235799 0.235799 0.235799 0.235799 0.235799 0.235799 0.235799 0.235799 0.235799 0.235799 0.235799 0.235799 0.235799 0.235799 0.235799 0.2358 0.2358 0.2358 0.2358 0.2358 0.2358 0.2358 0.2358 0.2358 0.2358 0.2358 0.2358 0.2358 0.2358 0.2358 0.2358 0.2358 0.235799 0.235799 0.235799 0.235799 0.235799 0.235799 0.235799 
0.142785 0.142785 0.142785 0.142785 0.142785 0.142785 0.142785 0.142784 0.142784 0.142784 0.142784 0.142784 0.142784 0.142784 0.142784 0.142784 0.142784 0.142784 0.142784 0.142784 0.142784 0.142784 0.142784 0.142785 0.142785 0.142785 0.142785 0.142785 0.142785 0.142785 0.142785 0.142785 0.142785 0.142785 0.142785 0.142785 0.142785 0.142785 0.142785 0.142785 0.142785 0.142785 0.142785 0.142785 0.142785 0.142785 0.142785 0.142785 0.142785 0.142785 0.142785 0.142785 0.142785 0.142785 0.142785 0.142785 0.142785 0.142785 0.142785 0.142785 0.142785 0.142785 
0.0478152 0.0478151 0.0478151 0.0478151 0.047815 0.047815 0.047815 0.047815 0.0478149 0.0478149 0.0478149 0.0478149 0.0478148 0.0478148 0.0478148 0.0478148 0.0478148 0.0478148 0.0478148 0.0478148 0.0478148 0.0478148 0.0478148 0.0478149 0.0478149 0.0478149 0.0478149 0.0478149 0.047815 0.047815 0.047815 0.0478151 0.0478151 0.0478151 0.0478152 0.0478152 0.0478152 0.0478153 0.0478153 0.0478153 0.0478153 0.0478154 0.0478154 0.0478154 0.0478154 0.0478154 0.0478154 0.0478154 0.0478154 0.0478154 0.0478154 0.0478154 0.0478154 0.0478154 0.0478154 0.0478154 0.0478153 0.0478153 0.0478153 0.0478153 0.0478152 0.0478152 
