0.0469656 0.0469656 0.0469657 0.0469657 0.0469657 0.0469657 0.0469658 0.0469658 0.0469658 0.0469658 0.0469659 0.0469659 0.0469659 0.0469659 0.0469659 0.0469659 0.046966 0.046966 0.046966 0.046966 0.046966 0.046966 0.046966 0.046966 0.046966 0.0469659 0.0469659 0.0469659 0.0469659 0.0469659 0.0469659 0.0469658 0.0469658 0.0469658 0.0469658 0.0469657 0.0469657 0.0469657 0.0469657 0.0469656 0.0469656 0.0469656 0.0469656 0.0469656 0.0469655 0.0469655 0.0469655 0.0469655 0.0469655 0.0469655 0.0469655 0.0469655 0.0469655 0.0469655 0.0469655 0.0469655 0.0469655 0.0469655 0.0469655 0.0469656 0.0469656 0.0469656 
0.140269 0.140269 0.140269 0.140269 0.140269 0.140269 0.140269 0.140269 0.140269 0.140269 0.140269 0.140269 0.140269 0.140269 0.140269 0.140269 0.140269 0.140269 0.140269 0.140269 0.140269 0.140269 0.140269 0.140269 0.140269 0.140269 0.140269 0.140269 0.140269 0.140269 0.140269 0.140269 0.140269 0.140269 0.140269 0.140269 0.140269 0.140268 0.140268 0.140268 0.140268 0.140268 0.140268 0.140268 0.140268 0.140268 0.140268 0.140268 0.140268 0.140268 0.140268 0.140268 0.140268 0.140268 0.140268 0.140268 0.140268 0.140268 0.140268 0.140268 0.140269 0.140269 
0.231708 0.231709 0.231709 0.231709 0.231709 0.231709 0.231709 0.231709 0.231709 0.231709 0.231709 0.231709 0.231709 0.231709 0.231709 0.231709 0.231709 0.231709 0.231709 0.231709 0.231709 0.231709 0.231709 0.231709 0.231709 0.231709 0.231709 0.231709 0.231709 0.231709 0.231709 0.231709 0.231709 0.231709 0.231708 0.231708 0.231708 0.231708 0.231708 0.231708 0.231708 0.231708 0.231708 0.231708 0.231708 0.231708 0.231708 0.231708 0.231708 0.231708 0.231708 0.231708 0.231708 0.231708 0.231708 0.231708 0.231708 0.231708 0.231708 0.231708 0.231708 0.231708 
0.320116 0.320116 0.320116 0.320116 0.320116 0.320116 0.320116 0.320116 0.320116 0.320116 0.320116 0.320116 0.320116 0.320116 0.320116 0.320116 0.320116 0.320116 0.320116 0.320116 0.320116 0.320116 0.320116 0.320116 0.320116 0.320116 0.320116 0.320116 0.320116 0.320116 0.320116 0.320116 0.320116 0.320116 0.320116 0.320116 0.320116 0.320116 0.320116 0.320116 0.320116 0.320116 0.320116 0.320116 0.320116 0.320116 0.320115 0.320115 0.320115 0.320115 0.320115 0.320115 0.320115 0.320115 0.320116 0.320116 0.320116 0.320116 0.320116 0.320116 0.320116 0.320116 
0.404423 0.404423 0.404423 0.404423 0.404423 0.404423 0.404423 0.404423 0.404423 0.404423 0.404423 0.404423 0.404423 0.404423 0.404423 0.404423 0.404423 0.404422 0.404422 0.404422 0.404422 0.404422 0.404422 0.404422 0.404422 0.404422 0.404422 0.404422 0.404422 0.404422 0.404422 0.404422 0.404422 0.404422 0.404422 0.404422 0.404422 0.404422 0.404422 0.404422 0.404422 0.404422 0.404422 0.404422 0.404422 0.404422 0.404422 0.404422 0.404422 0.404422 0.404422 0.404422 0.404422 0.404422 0.404422 0.404422 0.404422 0.404422 0.404422 0.404422 0.404422 0.404422 
0.483687 0.483687 0.483687 0.483687 0.483687 0.483687 0.483687 0.483687 0.483687 0.483687 0.483687 0.483687 0.483687 0.483687 0.483687 0.483686 0.483686 0.483686 0.483686 0.483686 0.483686 0.483686 0.483685 0.483685 0.483685 0.483685 0.483685 0.483685 0.483685 0.483685 0.483685 0.483685 0.483685 0.483685 0.483685 0.483685 0.483685 0.483685 0.483685 0.483685 0.483685 0.483685 0.483685 0.483685 0.483685 0.483685 0.483686 0.483686 0.483686 0.483686 0.483686 0.483686 0.483686 0.483686 0.483687 0.483687 0.483687 0.483687 0.483687 0.483687 0.483687 0.483687 
0.557109 0.557109 0.557109 0.557109 0.557109 0.557109 0.557109 0.557109 0.557109 0.557109 0.557109 0.557109 0.557109 0.557108 0.557108 0.557108 0.557108 0.557107 0.557107 0.557107 0.557106 0.557106 0.557106 0.557105 0.557105 0.557105 0.557104 0.557104 0.557104 0.557104 0.557103 0.557103 0.557103 0.557103 0.557103 0.557103 0.557102 0.557102 0.557102 0.557103 0.557103 0.557103 0.557103 0.557103 0.557103 0.557103 0.557104 0.557104 0.557104 0.557105 0.557105 0.557105 0.557106 0.557106 0.557106 0.557107 0.557107 0.557107 0.557108 0.557108 0.557108 0.557108 
0.624028 0.624028 0.624029 0.624029 0.62403 0.62403 0.62403 0.624031 0.624031 0.624031 0.624031 0.624031 0.624031 0.624031 0.62403 0.62403 0.62403 0.624029 0.624029 0.624029 0.624028 0.624027 0.624027 0.624026 0.624026 0.624025 0.624024 0.624024 0.624023 0.624022 0.624022 0.624021 0.624021 0.62402 0.62402 0.624019 0.624019 0.624019 0.624018 0.624018 0.624018 0.624018 0.624018 0.624018 0.624018 0.624019 0.624019 0.624019 0.62402 0.62402 0.62402 0.624021 0.624022 0.624022 0.624023 0.624023 0.624024 0.624025 0.624025 0.624026 0.624027 0.624027 
0.683922 0.683923 0.683924 0.683925 0.683926 0.683927 0.683927 0.683928 0.683929 0.683929 0.68393 0.68393 0.683931 0.683931 0.683931 0.683931 0.683931 0.683931 0.68393 0.68393 0.683929 0.683929 0.683928 0.683927 0.683927 0.683926 0.683925 0.683924 0.683923 0.683922 0.683921 0.68392 0.683919 0.683918 0.683917 0.683916 0.683915 0.683915 0.683914 0.683913 0.683913 0.683912 0.683912 0.683911 0.683911 0.683911 0.683911 0.683911 0.683912 0.683912 0.683912 0.683913 0.683913 0.683914 0.683915 0.683915 0.683916 0.683917 0.683918 0.683919 0.68392 0.683921 
0.736394 0.736395 0.736396 0.736397 0.736399 0.7364 0.736401 0.736402 0.736404 0.736405 0.736406 0.736407 0.736407 0.736408 0.736409 0.736409 0.736409 0.73641 0.73641 0.73641 0.73641 0.736409 0.736409 0.736408 0.736408 0.736407 0.736406 0.736405 0.736404 0.736403 0.736402 0.736401 0.736399 0.736398 0.736397 0.736395 0.736394 0.736393 0.736392 0.736391 0.73639 0.736389 0.736388 0.736387 0.736386 0.736386 0.736385 0.736385 0.736385 0.736384 0.736384 0.736385 0.736385 0.736385 0.736386 0.736387 0.736387 0.736388 0.736389 0.73639 0.736391 0.736392 
0.781151 0.781152 0.781153 0.781154 0.781156 0.781157 0.781159 0.78116 0.781161 0.781163 0.781164 0.781165 0.781166 0.781167 0.781168 0.781169 0.78117 0.781171 0.781171 0.781172 0.781172 0.781172 0.781172 0.781172 0.781172 0.781171 0.781171 0.78117 0.781169 0.781168 0.781167 0.781166 0.781165 0.781164 0.781162 0.781161 0.78116 0.781158 0.781157 0.781156 0.781154 0.781153 0.781152 0.78115 0.781149 0.781148 0.781148 0.781147 0.781146 0.781146 0.781145 0.781145 0.781145 0.781145 0.781145 0.781145 0.781146 0.781146 0.781147 0.781148 0.781149 0.78115 
0.817987 0.817988 0.817989 0.81799 0.817991 0.817992 0.817993 0.817994 0.817995 0.817996 0.817998 0.817999 0.818 0.818001 0.818002 0.818003 0.818004 0.818004 0.818005 0.818006 0.818006 0.818006 0.818007 0.818007 0.818007 0.818007 0.818006 0.818006 0.818006 0.818005 0.818004 0.818004 0.818003 0.818002 0.818001 0.818 0.817999 0.817997 0.817996 0.817995 0.817994 0.817993 0.817992 0.817991 0.81799 0.817989 0.817988 0.817987 0.817986 0.817985 0.817985 0.817984 0.817984 0.817984 0.817984 0.817984 0.817984 0.817984 0.817985 0.817985 0.817986 0.817986 
0.846759 0.84676 0.84676 0.846761 0.846762 0.846762 0.846763 0.846764 0.846764 0.846765 0.846765 0.846766 0.846767 0.846767 0.846768 0.846768 0.846769 0.846769 0.846769 0.84677 0.84677 0.84677 0.84677 0.84677 0.84677 0.84677 0.84677 0.846769 0.846769 0.846769 0.846768 0.846768 0.846767 0.846767 0.846766 0.846766 0.846765 0.846764 0.846764 0.846763 0.846762 0.846762 0.846761 0.846761 0.84676 0.846759 0.846759 0.846759 0.846758 0.846758 0.846758 0.846757 0.846757 0.846757 0.846757 0.846757 0.846757 0.846758 0.846758 0.846758 0.846758 0.846759 
0.867372 0.867372 0.867373 0.867373 0.867373 0.867373 0.867373 0.867373 0.867373 0.867373 0.867373 0.867373 0.867373 0.867373 0.867372 0.867372 0.867372 0.867371 0.867371 0.867371 0.86737 0.86737 0.867369 0.867369 0.867368 0.867368 0.867368 0.867367 0.867367 0.867366 0.867366 0.867366 0.867365 0.867365 0.867365 0.867365 0.867365 0.867364 0.867364 0.867364 0.867364 0.867365 0.867365 0.867365 0.867365 0.867365 0.867366 0.867366 0.867366 0.867367 0.867367 0.867368 0.867368 0.867368 0.867369 0.867369 0.86737 0.86737 0.867371 0.867371 0.867371 0.867372 
0.879764 0.879764 0.879764 0.879764 0.879764 0.879764 0.879763 0.879763 0.879762 0.879761 0.87976 0.879759 0.879758 0.879757 0.879756 0.879755 0.879754 0.879753 0.879752 0.87975 0.879749 0.879748 0.879747 0.879746 0.879745 0.879744 0.879743 0.879743 0.879742 0.879742 0.879741 0.879741 0.879741 0.879741 0.879741 0.879742 0.879742 0.879742 0.879743 0.879744 0.879744 0.879745 0.879746 0.879747 0.879748 0.879749 0.879751 0.879752 0.879753 0.879754 0.879755 0.879756 0.879758 0.879759 0.87976 0.879761 0.879761 0.879762 0.879763 0.879763 0.879764 0.879764 
0.883902 0.883902 0.883902 0.883901 0.8839 0.883899 0.883898 0.883897 0.883895 0.883894 0.883892 0.883891 0.883889 0.883887 0.883885 0.883883 0.883882 0.88388 0.883878 0.883876 0.883875 0.883873 0.883872 0.88387 0.883869 0.883868 0.883867 0.883867 0.883866 0.883866 0.883866 0.883866 0.883866 0.883867 0.883867 0.883868 0.883869 0.88387 0.883871 0.883873 0.883874 0.883876 0.883878 0.883879 0.883881 0.883883 0.883885 0.883887 0.883889 0.88389 0.883892 0.883894 0.883895 0.883897 0.883898 0.883899 0.8839 0.883901 0.883901 0.883902 0.883902 0.883902 
0.879774 0.879773 0.879772 0.87977 0.879769 0.879767 0.879765 0.879763 0.879761 0.879759 0.879757 0.879755 0.879753 0.87975 0.879748 0.879746 0.879744 0.879742 0.87974 0.879738 0.879737 0.879735 0.879734 0.879733 0.879732 0.879731 0.879731 0.879731 0.879731 0.879731 0.879732 0.879732 0.879733 0.879735 0.879736 0.879737 0.879739 0.879741 0.879743 0.879745 0.879747 0.879749 0.879751 0.879754 0.879756 0.879758 0.87976 0.879762 0.879764 0.879766 0.879768 0.879769 0.879771 0.879772 0.879773 0.879774 0.879775 0.879775 0.879775 0.879775 0.879775 0.879774 
0.867386 0.867384 0.867382 0.86738 0.867378 0.867376 0.867374 0.867371 0.867369 0.867366 0.867364 0.867362 0.86736 0.867357 0.867355 0.867354 0.867352 0.86735 0.867349 0.867348 0.867347 0.867346 0.867346 0.867346 0.867346 0.867346 0.867347 0.867347 0.867348 0.86735 0.867351 0.867353 0.867354 0.867356 0.867358 0.867361 0.867363 0.867365 0.867368 0.86737 0.867372 0.867375 0.867377 0.867379 0.867381 0.867383 0.867385 0.867387 0.867388 0.86739 0.867391 0.867392 0.867392 0.867393 0.867393 0.867393 0.867393 0.867392 0.867391 0.86739 0.867389 0.867388 
0.846771 0.846768 0.846766 0.846764 0.846761 0.846759 0.846756 0.846754 0.846752 0.84675 0.846748 0.846746 0.846745 0.846744 0.846743 0.846742 0.846741 0.846741 0.84674 0.84674 0.846741 0.846741 0.846742 0.846743 0.846744 0.846746 0.846747 0.846749 0.846751 0.846753 0.846756 0.846758 0.84676 0.846763 0.846765 0.846767 0.84677 0.846772 0.846774 0.846777 0.846779 0.84678 0.846782 0.846784 0.846785 0.846786 0.846787 0.846788 0.846788 0.846788 0.846788 0.846788 0.846787 0.846786 0.846785 0.846784 0.846783 0.846781 0.846779 0.846777 0.846775 0.846773 
0.817989 0.817987 0.817985 0.817983 0.817981 0.817979 0.817977 0.817976 0.817975 0.817974 0.817973 0.817973 0.817972 0.817972 0.817973 0.817973 0.817974 0.817975 0.817976 0.817977 0.817979 0.817981 0.817982 0.817984 0.817987 0.817989 0.817991 0.817994 0.817996 0.817998 0.818001 0.818003 0.818005 0.818008 0.81801 0.818012 0.818013 0.818015 0.818016 0.818017 0.818018 0.818019 0.81802 0.81802 0.81802 0.81802 0.818019 0.818018 0.818017 0.818016 0.818015 0.818013 0.818012 0.81801 0.818008 0.818005 0.818003 0.818001 0.817999 0.817996 0.817994 0.817991 
0.781142 0.781141 0.781139 0.781138 0.781138 0.781137 0.781137 0.781137 0.781137 0.781137 0.781138 0.781139 0.78114 0.781141 0.781142 0.781144 0.781146 0.781148 0.78115 0.781152 0.781154 0.781156 0.781159 0.781161 0.781163 0.781166 0.781168 0.78117 0.781172 0.781174 0.781175 0.781177 0.781178 0.781179 0.78118 0.781181 0.781182 0.781182 0.781182 0.781182 0.781181 0.781181 0.78118 0.781179 0.781178 0.781176 0.781175 0.781173 0.781171 0.781169 0.781167 0.781165 0.781162 0.78116 0.781158 0.781155 0.781153 0.781151 0.781149 0.781147 0.781145 0.781143 
0.736378 0.736378 0.736378 0.736378 0.736379 0.73638 0.736381 0.736382 0.736383 0.736384 0.736386 0.736387 0.736389 0.736391 0.736393 0.736395 0.736397 0.736399 0.736401 0.736403 0.736405 0.736407 0.736409 0.73641 0.736412 0.736413 0.736414 0.736416 0.736416 0.736417 0.736418 0.736418 0.736418 0.736418 0.736418 0.736417 0.736417 0.736416 0.736415 0.736413 0.736412 0.73641 0.736409 0.736407 0.736405 0.736403 0.736401 0.736399 0.736397 0.736395 0.736393 0.736391 0.736389 0.736388 0.736386 0.736384 0.736383 0.736382 0.736381 0.73638 0.736379 0.736379 
0.683908 0.683909 0.68391 0.683911 0.683912 0.683913 0.683914 0.683916 0.683917 0.683919 0.683921 0.683922 0.683924 0.683925 0.683927 0.683929 0.68393 0.683931 0.683933 0.683934 0.683935 0.683936 0.683936 0.683937 0.683938 0.683938 0.683938 0.683938 0.683938 0.683937 0.683937 0.683936 0.683935 0.683935 0.683933 0.683932 0.683931 0.68393 0.683928 0.683927 0.683925 0.683923 0.683922 0.68392 0.683919 0.683917 0.683916 0.683914 0.683913 0.683911 0.68391 0.683909 0.683908 0.683908 0.683907 0.683907 0.683906 0.683906 0.683906 0.683906 0.683907 0.683907 
0.62402 0.624021 0.624022 0.624023 0.624024 0.624025 0.624026 0.624028 0.624029 0.62403 0.624031 0.624032 0.624033 0.624033 0.624034 0.624035 0.624035 0.624036 0.624036 0.624037 0.624037 0.624037 0.624037 0.624036 0.624036 0.624036 0.624035 0.624034 0.624034 0.624033 0.624032 0.624031 0.62403 0.624029 0.624028 0.624027 0.624026 0.624024 0.624023 0.624022 0.624021 0.62402 0.624019 0.624018 0.624017 0.624017 0.624016 0.624015 0.624015 0.624015 0.624014 0.624014 0.624014 0.624014 0.624015 0.624015 0.624015 0.624016 0.624016 0.624017 0.624018 0.624019 
0.557107 0.557108 0.557108 0.557109 0.55711 0.55711 0.557111 0.557111 0.557112 0.557112 0.557113 0.557113 0.557113 0.557113 0.557114 0.557114 0.557114 0.557113 0.557113 0.557113 0.557113 0.557112 0.557112 0.557111 0.557111 0.55711 0.55711 0.557109 0.557108 0.557108 0.557107 0.557106 0.557106 0.557105 0.557104 0.557104 0.557103 0.557102 0.557102 0.557101 0.557101 0.557101 0.5571 0.5571 0.5571 0.5571 0.5571 0.5571 0.5571 0.5571 0.5571 0.557101 0.557101 0.557102 0.557102 0.557103 0.557103 0.557104 0.557104 0.557105 0.557106 0.557106 
0.483689 0.483689 0.483689 0.483689 0.48369 0.48369 0.48369 0.48369 0.48369 0.48369 0.48369 0.48369 0.48369 0.48369 0.48369 0.48369 0.48369 0.483689 0.483689 0.483689 0.483688 0.483688 0.483688 0.483687 0.483687 0.483687 0.483686 0.483686 0.483686 0.483685 0.483685 0.483685 0.483684 0.483684 0.483684 0.483684 0.483684 0.483683 0.483683 0.483683 0.483683 0.483683 0.483683 0.483683 0.483683 0.483684 0.483684 0.483684 0.483684 0.483684 0.483685 0.483685 0.483685 0.483686 0.483686 0.483686 0.483687 0.483687 0.483687 0.483688 0.483688 0.483688 
0.404424 0.404424 0.404424 0.404424 0.404424 0.404424 0.404424 0.404424 0.404424 0.404424 0.404424 0.404424 0.404424 0.404424 0.404424 0.404424 0.404424 0.404423 0.404423 0.404423 0.404423 0.404423 0.404423 0.404423 0.404423 0.404422 0.404422 0.404422 0.404422 0.404422 0.404422 0.404422 0.404422 0.404422 0.404422 0.404422 0.404422 0.404422 0.404422 0.404422 0.404422 0.404422 0.404422 0.404422 0.404422 0.404422 0.404422 0.404422 0.404423 0.404423 0.404423 0.404423 0.404423 0.404423 0.404423 0.404423 0.404424 0.404424 0.404424 0.404424 0.404424 0.404424 
0.320117 0.320117 0.320117 0.320117 0.320117 0.320117 0.320117 0.320117 0.320117 0.320117 0.320117 0.320117 0.320117 0.320117 0.320117 0.320117 0.320117 0.320117 0.320117 0.320116 0.320116 0.320116 0.320116 0.320116 0.320116 0.320116 0.320116 0.320116 0.320116 0.320116 0.320116 0.320116 0.320116 0.320116 0.320116 0.320116 0.320116 0.320116 0.320116 0.320116 0.320116 0.320116 0.320116 0.320116 0.320116 0.320116 0.320116 0.320116 0.320116 0.320116 0.320116 0.320116 0.320116 0.320116 0.320116 0.320116 0.320116 0.320116 0.320117 0.320117 0.320117 0.320117 
0.231709 0.231709 0.231709 0.231709 0.231709 0.231709 0.231709 0.231709 0.231709 0.231709 0.231709 0.231709 0.231709 0.231709 0.231709 0.231709 0.231709 0.231709 0.231709 0.231709 0.231709 0.231709 0.231709 0.231709 0.231709 0.231709 0.231709 0.231709 0.231709 0.231709 0.231709 0.231709 0.231709 0.231709 0.231709 0.231709 0.231709 0.231709 0.231709 0.231709 0.231709 0.231709 0.231709 0.231709 0.231709 0.231709 0.231709 0.231709 0.231709 0.231709 0.231709 0.231709 0.231709 0.231709 0.231709 0.231709 0.231709 0.231709 0.231709 0.231709 0.231709 0.231709 
0.140269 0.140269 0.140269 0.140269 0.140269 0.140269 0.140269 0.140269 0.140269 0.140269 0.140269 0.140269 0.140269 0.140269 0.140269 0.140269 0.140269 0.140269 0.140269 0.140269 0.140269 0.140269 0.140269 0.140269 0.140269 0.140269 0.140269 0.140269 0.140269 0.140269 0.140269 0.140269 0.140269 0.140269 0.140269 0.140269 0.140269 0.140269 0.140269 0.140269 0.140269 0.140269 0.140269 0.140269 0.140269 0.140269 0.140269 0.140269 0.140269 0.140268 0.140268 0.140268 0.140268 0.140268 0.140268 0.140268 0.140269 0.140269 0.140269 0.140269 0.140269 0.140269 
0.0469656 0.0469657 0.0469657 0.0469657 0.0469657 0.0469657 0.0469658 0.0469658 0.0469658 0.0469658 0.0469659 0.0469659 0.0469659 0.0469659 0.046966 0.046966 0.046966 0.046966 0.046966 0.046966 0.046966 0.046966 0.046966 0.0469661 0.046966 0.046966 0.046966 0.046966 0.046966 0.046966 0.046966 0.046966 0.046966 0.0469659 0.0469659 0.0469659 0.0469659 0.0469658 0.0469658 0.0469658 0.0469658 0.0469657 0.0469657 0.0469657 0.0469657 0.0469656 0.0469656 0.0469656 0.0469656 0.0469656 0.0469656 0.0469656 0.0469656 0.0469656 0.0469656 0.0469656 0.0469656 0.0469656 0.0469656 0.0469656 0.0469656 0.0469656 
