0.0466667 0.0466667 0.0466667 0.0466667 0.0466667 0.0466667 0.0466667 0.0466667 0.0466667 0.0466667 0.0466668 0.0466668 0.0466668 0.0466668 0.0466668 0.0466668 0.0466669 0.0466669 0.0466669 0.0466669 0.046667 0.046667 0.046667 0.046667 0.046667 0.0466671 0.0466671 0.0466671 0.0466671 0.0466671 0.0466671 0.0466671 0.0466671 0.0466671 0.0466671 0.0466671 0.0466671 0.0466671 0.0466671 0.0466671 0.0466671 0.0466671 0.046667 0.046667 0.046667 0.046667 0.046667 0.0466669 0.0466669 0.0466669 0.0466669 0.0466669 0.0466668 0.0466668 0.0466668 0.0466668 0.0466668 0.0466667 0.0466667 0.0466667 0.0466667 0.0466667 
0.139382 0.139382 0.139382 0.139382 0.139382 0.139382 0.139382 0.139382 0.139382 0.139383 0.139383 0.139383 0.139383 0.139383 0.139383 0.139383 0.139383 0.139383 0.139383 0.139383 0.139383 0.139383 0.139383 0.139383 0.139383 0.139383 0.139383 0.139383 0.139383 0.139383 0.139383 0.139383 0.139383 0.139383 0.139383 0.139383 0.139383 0.139383 0.139383 0.139383 0.139383 0.139383 0.139383 0.139383 0.139383 0.139383 0.139383 0.139383 0.139383 0.139383 0.139383 0.139383 0.139382 0.139382 0.139382 0.139382 0.139382 0.139382 0.139382 0.139382 0.139382 0.139382 
0.230266 0.230266 0.230266 0.230266 0.230266 0.230266 0.230266 0.230266 0.230266 0.230266 0.230266 0.230266 0.230266 0.230266 0.230266 0.230266 0.230266 0.230266 0.230266 0.230266 0.230266 0.230266 0.230266 0.230266 0.230266 0.230266 0.230266 0.230266 0.230266 0.230266 0.230266 0.230266 0.230266 0.230266 0.230266 0.230266 0.230266 0.230266 0.230266 0.230266 0.230266 0.230266 0.230266 0.230266 0.230266 0.230266 0.230266 0.230266 0.230266 0.230266 0.230266 0.230266 0.230266 0.230266 0.230266 0.230266 0.230266 0.230266 0.230266 0.230266 0.230265 0.230265 
0.318164 0.318164 0.318164 0.318164 0.318164 0.318164 0.318164 0.318164 0.318164 0.318164 0.318164 0.318164 0.318164 0.318164 0.318164 0.318164 0.318164 0.318164 0.318164 0.318164 0.318164 0.318164 0.318164 0.318164 0.318164 0.318164 0.318164 0.318164 0.318164 0.318164 0.318164 0.318164 0.318164 0.318164 0.318164 0.318164 0.318164 0.318164 0.318164 0.318164 0.318164 0.318164 0.318164 0.318164 0.318164 0.318164 0.318164 0.318164 0.318164 0.318164 0.318164 0.318164 0.318164 0.318164 0.318164 0.318164 0.318164 0.318164 0.318164 0.318164 0.318164 0.318164 
0.40202 0.40202 0.40202 0.40202 0.40202 0.40202 0.40202 0.40202 0.40202 0.40202 0.402021 0.402021 0.402021 0.402021 0.402021 0.402021 0.402021 0.402021 0.402021 0.402021 0.402021 0.402021 0.402021 0.402021 0.402021 0.402021 0.402021 0.402021 0.402021 0.402021 0.402021 0.402021 0.402021 0.40202 0.40202 0.40202 0.40202 0.40202 0.40202 0.40202 0.40202 0.40202 0.40202 0.40202 0.40202 0.40202 0.40202 0.40202 0.40202 0.40202 0.40202 0.40202 0.40202 0.40202 0.40202 0.40202 0.40202 0.40202 0.40202 0.40202 0.40202 0.40202 
0.4809 0.4809 0.4809 0.480901 0.480901 0.480901 0.480901 0.480901 0.480901 0.480901 0.480901 0.480901 0.480901 0.480901 0.480901 0.480902 0.480902 0.480902 0.480901 0.480901 0.480901 0.480901 0.480901 0.480901 0.480901 0.480901 0.480901 0.480901 0.480901 0.480901 0.4809 0.4809 0.4809 0.4809 0.4809 0.4809 0.4809 0.4809 0.4809 0.4809 0.480899 0.480899 0.480899 0.480899 0.480899 0.480899 0.480899 0.480899 0.480899 0.480899 0.480899 0.480899 0.480899 0.480899 0.480899 0.4809 0.4809 0.4809 0.4809 0.4809 0.4809 0.4809 
0.554003 0.554003 0.554004 0.554004 0.554004 0.554005 0.554005 0.554005 0.554005 0.554006 0.554006 0.554006 0.554006 0.554007 0.554007 0.554007 0.554007 0.554007 0.554007 0.554007 0.554007 0.554007 0.554007 0.554007 0.554007 0.554007 0.554007 0.554006 0.554006 0.554006 0.554006 0.554005 0.554005 0.554005 0.554004 0.554004 0.554004 0.554003 0.554003 0.554003 0.554003 0.554002 0.554002 0.554002 0.554002 0.554002 0.554001 0.554001 0.554001 0.554001 0.554001 0.554001 0.554001 0.554001 0.554001 0.554002 0.554002 0.554002 0.554002 0.554002 0.554003 0.554003 
0.620667 0.620668 0.620668 0.620669 0.620669 0.62067 0.62067 0.620671 0.620672 0.620672 0.620673 0.620673 0.620674 0.620674 0.620675 0.620675 0.620676 0.620676 0.620677 0.620677 0.620677 0.620677 0.620677 0.620677 0.620677 0.620677 0.620677 0.620677 0.620677 0.620676 0.620676 0.620676 0.620675 0.620675 0.620674 0.620674 0.620673 0.620673 0.620672 0.620671 0.620671 0.62067 0.62067 0.620669 0.620669 0.620668 0.620668 0.620667 0.620667 0.620667 0.620666 0.620666 0.620666 0.620666 0.620666 0.620666 0.620666 0.620666 0.620666 0.620666 0.620667 0.620667 
0.680367 0.680367 0.680367 0.680368 0.680369 0.680369 0.68037 0.680371 0.680371 0.680372 0.680373 0.680374 0.680375 0.680376 0.680377 0.680378 0.680379 0.680379 0.68038 0.680381 0.680382 0.680382 0.680383 0.680383 0.680383 0.680384 0.680384 0.680384 0.680384 0.680384 0.680384 0.680383 0.680383 0.680383 0.680382 0.680382 0.680381 0.68038 0.680379 0.680379 0.680378 0.680377 0.680376 0.680375 0.680374 0.680373 0.680372 0.680371 0.680371 0.68037 0.680369 0.680368 0.680368 0.680367 0.680367 0.680367 0.680366 0.680366 0.680366 0.680366 0.680366 0.680366 
0.732696 0.732696 0.732696 0.732697 0.732697 0.732697 0.732698 0.732699 0.7327 0.7327 0.732701 0.732702 0.732703 0.732705 0.732706 0.732707 0.732708 0.732709 0.73271 0.732712 0.732713 0.732714 0.732715 0.732716 0.732716 0.732717 0.732718 0.732718 0.732719 0.732719 0.732719 0.732719 0.732719 0.732719 0.732719 0.732719 0.732718 0.732717 0.732717 0.732716 0.732715 0.732714 0.732713 0.732712 0.732711 0.73271 0.732709 0.732707 0.732706 0.732705 0.732704 0.732703 0.732702 0.732701 0.7327 0.732699 0.732698 0.732698 0.732697 0.732697 0.732696 0.732696 
0.777355 0.777354 0.777354 0.777354 0.777354 0.777354 0.777354 0.777355 0.777355 0.777356 0.777357 0.777357 0.777358 0.777359 0.77736 0.777362 0.777363 0.777364 0.777365 0.777367 0.777368 0.777369 0.77737 0.777371 0.777373 0.777374 0.777375 0.777376 0.777376 0.777377 0.777378 0.777378 0.777379 0.777379 0.777379 0.777379 0.777379 0.777379 0.777378 0.777378 0.777377 0.777376 0.777375 0.777374 0.777373 0.777372 0.777371 0.77737 0.777369 0.777367 0.777366 0.777365 0.777364 0.777362 0.777361 0.77736 0.777359 0.777358 0.777357 0.777356 0.777356 0.777355 
0.814123 0.814123 0.814122 0.814122 0.814122 0.814121 0.814121 0.814122 0.814122 0.814122 0.814123 0.814123 0.814124 0.814125 0.814125 0.814126 0.814127 0.814128 0.814129 0.81413 0.814131 0.814132 0.814134 0.814135 0.814136 0.814137 0.814138 0.814139 0.814139 0.81414 0.814141 0.814142 0.814142 0.814143 0.814143 0.814143 0.814143 0.814143 0.814143 0.814143 0.814142 0.814142 0.814141 0.814141 0.81414 0.814139 0.814138 0.814137 0.814136 0.814135 0.814134 0.814133 0.814132 0.814131 0.81413 0.814129 0.814128 0.814127 0.814126 0.814125 0.814124 0.814124 
0.842848 0.842848 0.842848 0.842847 0.842847 0.842847 0.842847 0.842848 0.842848 0.842848 0.842848 0.842849 0.842849 0.842849 0.84285 0.842851 0.842851 0.842852 0.842852 0.842853 0.842854 0.842854 0.842855 0.842856 0.842856 0.842857 0.842857 0.842858 0.842858 0.842859 0.842859 0.84286 0.84286 0.84286 0.84286 0.84286 0.84286 0.84286 0.84286 0.84286 0.84286 0.842859 0.842859 0.842859 0.842858 0.842858 0.842857 0.842856 0.842856 0.842855 0.842855 0.842854 0.842853 0.842853 0.842852 0.842851 0.842851 0.84285 0.84285 0.842849 0.842849 0.842848 
0.863428 0.863428 0.863428 0.863429 0.863429 0.863429 0.86343 0.86343 0.863431 0.863431 0.863431 0.863432 0.863432 0.863432 0.863433 0.863433 0.863433 0.863433 0.863434 0.863434 0.863434 0.863434 0.863434 0.863434 0.863434 0.863434 0.863434 0.863434 0.863433 0.863433 0.863433 0.863433 0.863432 0.863432 0.863432 0.863431 0.863431 0.86343 0.86343 0.86343 0.863429 0.863429 0.863428 0.863428 0.863428 0.863427 0.863427 0.863427 0.863427 0.863427 0.863426 0.863426 0.863426 0.863426 0.863426 0.863426 0.863426 0.863426 0.863427 0.863427 0.863427 0.863427 
0.875799 0.8758 0.875801 0.875802 0.875803 0.875804 0.875805 0.875805 0.875806 0.875807 0.875807 0.875808 0.875808 0.875808 0.875808 0.875808 0.875808 0.875808 0.875808 0.875808 0.875807 0.875807 0.875806 0.875805 0.875804 0.875804 0.875803 0.875802 0.875801 0.8758 0.875799 0.875798 0.875797 0.875796 0.875795 0.875794 0.875793 0.875792 0.875791 0.875791 0.87579 0.87579 0.875789 0.875789 0.875788 0.875788 0.875788 0.875788 0.875789 0.875789 0.875789 0.87579 0.87579 0.875791 0.875792 0.875792 0.875793 0.875794 0.875795 0.875796 0.875797 0.875798 
0.87993 0.879931 0.879933 0.879934 0.879935 0.879937 0.879938 0.879939 0.879939 0.87994 0.87994 0.879941 0.879941 0.879941 0.879941 0.87994 0.87994 0.879939 0.879938 0.879937 0.879936 0.879935 0.879934 0.879932 0.879931 0.879929 0.879928 0.879926 0.879925 0.879923 0.879921 0.87992 0.879918 0.879917 0.879915 0.879914 0.879913 0.879912 0.879911 0.87991 0.87991 0.879909 0.879909 0.879909 0.879909 0.879909 0.879909 0.87991 0.87991 0.879911 0.879912 0.879913 0.879914 0.879916 0.879917 0.879919 0.87992 0.879922 0.879923 0.879925 0.879927 0.879928 
0.87581 0.875812 0.875813 0.875814 0.875816 0.875816 0.875817 0.875818 0.875818 0.875819 0.875819 0.875818 0.875818 0.875817 0.875817 0.875816 0.875814 0.875813 0.875812 0.87581 0.875808 0.875807 0.875805 0.875803 0.875801 0.875799 0.875797 0.875795 0.875793 0.875791 0.875789 0.875787 0.875786 0.875784 0.875783 0.875782 0.875781 0.87578 0.875779 0.875779 0.875779 0.875779 0.875779 0.875779 0.87578 0.875781 0.875782 0.875783 0.875784 0.875786 0.875787 0.875789 0.875791 0.875793 0.875795 0.875797 0.875799 0.875801 0.875803 0.875805 0.875807 0.875808 
0.863449 0.86345 0.863451 0.863451 0.863452 0.863452 0.863452 0.863452 0.863451 0.863451 0.86345 0.863449 0.863448 0.863446 0.863445 0.863443 0.863441 0.863439 0.863437 0.863435 0.863433 0.863431 0.863429 0.863426 0.863424 0.863422 0.86342 0.863418 0.863417 0.863415 0.863414 0.863412 0.863411 0.86341 0.86341 0.863409 0.863409 0.863409 0.863409 0.86341 0.86341 0.863411 0.863412 0.863413 0.863415 0.863416 0.863418 0.86342 0.863422 0.863424 0.863426 0.863428 0.86343 0.863433 0.863435 0.863437 0.863439 0.863441 0.863443 0.863445 0.863446 0.863448 
0.842876 0.842876 0.842876 0.842876 0.842875 0.842874 0.842873 0.842872 0.842871 0.842869 0.842867 0.842865 0.842863 0.842861 0.842859 0.842857 0.842855 0.842853 0.84285 0.842848 0.842846 0.842844 0.842842 0.84284 0.842839 0.842837 0.842836 0.842835 0.842834 0.842833 0.842833 0.842833 0.842833 0.842833 0.842833 0.842834 0.842835 0.842836 0.842837 0.842838 0.84284 0.842842 0.842844 0.842846 0.842848 0.84285 0.842852 0.842854 0.842856 0.842859 0.842861 0.842863 0.842865 0.842867 0.842869 0.84287 0.842872 0.842873 0.842874 0.842875 0.842876 0.842876 
0.814152 0.814151 0.81415 0.814148 0.814147 0.814145 0.814143 0.814141 0.814139 0.814137 0.814134 0.814132 0.81413 0.814128 0.814126 0.814124 0.814122 0.81412 0.814118 0.814117 0.814115 0.814114 0.814113 0.814113 0.814112 0.814112 0.814111 0.814112 0.814112 0.814112 0.814113 0.814114 0.814115 0.814117 0.814118 0.81412 0.814122 0.814123 0.814125 0.814128 0.81413 0.814132 0.814134 0.814136 0.814138 0.814141 0.814143 0.814144 0.814146 0.814148 0.814149 0.814151 0.814152 0.814153 0.814154 0.814154 0.814155 0.814155 0.814155 0.814154 0.814154 0.814153 
0.777377 0.777375 0.777373 0.777371 0.777369 0.777367 0.777365 0.777363 0.777361 0.777359 0.777357 0.777355 0.777354 0.777352 0.777351 0.77735 0.777349 0.777348 0.777347 0.777347 0.777347 0.777347 0.777347 0.777348 0.777348 0.777349 0.77735 0.777351 0.777353 0.777354 0.777356 0.777358 0.777359 0.777361 0.777363 0.777366 0.777368 0.77737 0.777372 0.777374 0.777376 0.777378 0.777379 0.777381 0.777382 0.777384 0.777385 0.777386 0.777387 0.777387 0.777388 0.777388 0.777388 0.777388 0.777387 0.777386 0.777386 0.777385 0.777383 0.777382 0.77738 0.777379 
0.732707 0.732705 0.732704 0.732702 0.7327 0.732699 0.732697 0.732696 0.732695 0.732694 0.732693 0.732692 0.732691 0.732691 0.732691 0.732691 0.732691 0.732691 0.732692 0.732692 0.732693 0.732694 0.732695 0.732697 0.732698 0.7327 0.732701 0.732703 0.732705 0.732707 0.732708 0.73271 0.732712 0.732714 0.732716 0.732717 0.732719 0.73272 0.732722 0.732723 0.732724 0.732725 0.732726 0.732726 0.732727 0.732727 0.732727 0.732727 0.732726 0.732726 0.732725 0.732724 0.732723 0.732722 0.732721 0.732719 0.732718 0.732716 0.732714 0.732713 0.732711 0.732709 
0.680367 0.680366 0.680365 0.680364 0.680363 0.680363 0.680362 0.680362 0.680362 0.680362 0.680362 0.680362 0.680362 0.680363 0.680363 0.680364 0.680365 0.680366 0.680367 0.680368 0.68037 0.680371 0.680372 0.680374 0.680375 0.680377 0.680378 0.68038 0.680381 0.680382 0.680384 0.680385 0.680386 0.680387 0.680388 0.680389 0.680389 0.68039 0.68039 0.68039 0.68039 0.68039 0.68039 0.68039 0.680389 0.680388 0.680388 0.680387 0.680386 0.680385 0.680383 0.680382 0.680381 0.680379 0.680378 0.680377 0.680375 0.680374 0.680372 0.680371 0.68037 0.680368 
0.620663 0.620663 0.620662 0.620662 0.620662 0.620662 0.620663 0.620663 0.620664 0.620664 0.620665 0.620665 0.620666 0.620667 0.620668 0.620669 0.62067 0.620671 0.620672 0.620673 0.620674 0.620675 0.620676 0.620677 0.620678 0.620679 0.620679 0.62068 0.620681 0.620681 0.620682 0.620682 0.620682 0.620683 0.620683 0.620683 0.620682 0.620682 0.620682 0.620681 0.620681 0.62068 0.62068 0.620679 0.620678 0.620677 0.620676 0.620675 0.620674 0.620673 0.620672 0.620671 0.62067 0.620669 0.620668 0.620667 0.620666 0.620666 0.620665 0.620664 0.620664 0.620663 
0.553999 0.553999 0.553999 0.554 0.554 0.554001 0.554001 0.554001 0.554002 0.554003 0.554003 0.554004 0.554004 0.554005 0.554006 0.554006 0.554007 0.554007 0.554008 0.554009 0.554009 0.55401 0.55401 0.55401 0.554011 0.554011 0.554011 0.554011 0.554011 0.554011 0.554011 0.554011 0.554011 0.554011 0.55401 0.55401 0.55401 0.554009 0.554009 0.554008 0.554008 0.554007 0.554006 0.554006 0.554005 0.554004 0.554004 0.554003 0.554003 0.554002 0.554002 0.554001 0.554001 0.554 0.554 0.553999 0.553999 0.553999 0.553999 0.553999 0.553999 0.553999 
0.480899 0.480899 0.480899 0.4809 0.4809 0.4809 0.480901 0.480901 0.480901 0.480902 0.480902 0.480902 0.480902 0.480903 0.480903 0.480903 0.480903 0.480904 0.480904 0.480904 0.480904 0.480904 0.480904 0.480904 0.480904 0.480904 0.480904 0.480904 0.480904 0.480904 0.480904 0.480903 0.480903 0.480903 0.480903 0.480902 0.480902 0.480902 0.480901 0.480901 0.480901 0.4809 0.4809 0.4809 0.480899 0.480899 0.480899 0.480899 0.480898 0.480898 0.480898 0.480898 0.480898 0.480898 0.480898 0.480898 0.480898 0.480898 0.480898 0.480898 0.480898 0.480899 
0.402021 0.402021 0.402021 0.402021 0.402021 0.402021 0.402021 0.402021 0.402022 0.402022 0.402022 0.402022 0.402022 0.402022 0.402022 0.402022 0.402022 0.402022 0.402022 0.402022 0.402022 0.402022 0.402022 0.402022 0.402022 0.402022 0.402022 0.402022 0.402022 0.402022 0.402022 0.402021 0.402021 0.402021 0.402021 0.402021 0.402021 0.402021 0.402021 0.40202 0.40202 0.40202 0.40202 0.40202 0.40202 0.40202 0.40202 0.40202 0.40202 0.40202 0.40202 0.40202 0.40202 0.40202 0.40202 0.40202 0.40202 0.40202 0.40202 0.40202 0.40202 0.402021 
0.318164 0.318164 0.318164 0.318164 0.318164 0.318164 0.318164 0.318164 0.318164 0.318165 0.318165 0.318165 0.318165 0.318165 0.318165 0.318165 0.318165 0.318165 0.318165 0.318165 0.318165 0.318165 0.318165 0.318165 0.318165 0.318165 0.318165 0.318165 0.318165 0.318165 0.318165 0.318165 0.318165 0.318164 0.318164 0.318164 0.318164 0.318164 0.318164 0.318164 0.318164 0.318164 0.318164 0.318164 0.318164 0.318164 0.318164 0.318164 0.318164 0.318164 0.318164 0.318164 0.318164 0.318164 0.318164 0.318164 0.318164 0.318164 0.318164 0.318164 0.318164 0.318164 
0.230266 0.230266 0.230266 0.230266 0.230266 0.230266 0.230266 0.230266 0.230266 0.230266 0.230266 0.230266 0.230266 0.230266 0.230266 0.230266 0.230266 0.230266 0.230266 0.230266 0.230266 0.230266 0.230266 0.230266 0.230266 0.230266 0.230266 0.230267 0.230267 0.230267 0.230267 0.230267 0.230267 0.230267 0.230267 0.230267 0.230267 0.230267 0.230267 0.230267 0.230267 0.230267 0.230267 0.230266 0.230266 0.230266 0.230266 0.230266 0.230266 0.230266 0.230266 0.230266 0.230266 0.230266 0.230266 0.230266 0.230266 0.230266 0.230266 0.230266 0.230266 0.230266 
0.139383 0.139383 0.139383 0.139383 0.139383 0.139383 0.139383 0.139383 0.139383 0.139383 0.139383 0.139383 0.139383 0.139383 0.139383 0.139383 0.139383 0.139383 0.139383 0.139383 0.139383 0.139383 0.139383 0.139383 0.139383 0.139383 0.139383 0.139383 0.139383 0.139383 0.139383 0.139383 0.139383 0.139383 0.139383 0.139383 0.139383 0.139383 0.139383 0.139383 0.139383 0.139383 0.139383 0.139383 0.139383 0.139383 0.139383 0.139383 0.139383 0.139383 0.139383 0.139383 0.139383 0.139383 0.139383 0.139383 0.139383 0.139383 0.139383 0.139383 0.139383 0.139383 
0.0466668 0.0466668 0.0466668 0.0466668 0.0466668 0.0466668 0.0466668 0.0466668 0.0466668 0.0466668 0.0466668 0.0466668 0.0466668 0.0466668 0.0466668 0.0466669 0.0466669 0.0466669 0.0466669 0.0466669 0.046667 0.046667 0.046667 0.046667 0.0466671 0.0466671 0.0466671 0.0466671 0.0466671 0.0466671 0.0466672 0.0466672 0.0466672 0.0466672 0.0466672 0.0466672 0.0466672 0.0466672 0.0466672 0.0466672 0.0466672 0.0466672 0.0466672 0.0466672 0.0466671 0.0466671 0.0466671 0.0466671 0.0466671 0.046667 0.046667 0.046667 0.046667 0.046667 0.0466669 0.0466669 0.0466669 0.0466669 0.0466668 0.0466668 0.0466668 0.0466668 
