0.0463366 0.0463366 0.0463366 0.0463366 0.0463366 0.0463365 0.0463365 0.0463365 0.0463365 0.0463365 0.0463365 0.0463364 0.0463364 0.0463364 0.0463364 0.0463364 0.0463364 0.0463364 0.0463364 0.0463364 0.0463364 0.0463364 0.0463364 0.0463364 0.0463365 0.0463365 0.0463365 0.0463365 0.0463365 0.0463365 0.0463366 0.0463366 0.0463366 0.0463366 0.0463366 0.0463367 0.0463367 0.0463367 0.0463367 0.0463367 0.0463367 0.0463368 0.0463368 0.0463368 0.0463368 0.0463368 0.0463368 0.0463368 0.0463368 0.0463368 0.0463368 0.0463368 0.0463368 0.0463368 0.0463368 0.0463368 0.0463367 0.0463367 0.0463367 0.0463367 0.0463367 0.0463367 
0.138403 0.138403 0.138403 0.138403 0.138403 0.138403 0.138403 0.138403 0.138403 0.138403 0.138403 0.138403 0.138403 0.138403 0.138403 0.138403 0.138403 0.138403 0.138403 0.138403 0.138403 0.138403 0.138403 0.138403 0.138403 0.138403 0.138403 0.138403 0.138403 0.138403 0.138403 0.138403 0.138403 0.138403 0.138403 0.138403 0.138403 0.138403 0.138403 0.138403 0.138403 0.138403 0.138403 0.138403 0.138403 0.138403 0.138403 0.138403 0.138403 0.138403 0.138403 0.138403 0.138403 0.138403 0.138403 0.138403 0.138403 0.138403 0.138403 0.138403 0.138403 0.138403 
0.228669 0.228669 0.228669 0.228669 0.228669 0.228669 0.228669 0.228669 0.228669 0.228669 0.228669 0.228669 0.228669 0.228669 0.228669 0.228669 0.228669 0.228669 0.228669 0.228669 0.228669 0.228669 0.228669 0.228669 0.228669 0.228669 0.228669 0.228669 0.228669 0.228669 0.228669 0.228669 0.22867 0.22867 0.22867 0.22867 0.22867 0.22867 0.22867 0.22867 0.22867 0.22867 0.22867 0.22867 0.22867 0.22867 0.22867 0.22867 0.22867 0.22867 0.22867 0.22867 0.22867 0.22867 0.22867 0.22867 0.22867 0.22867 0.22867 0.228669 0.228669 0.228669 
0.316001 0.316001 0.316001 0.316001 0.316001 0.316001 0.316001 0.316001 0.316001 0.316001 0.316001 0.316001 0.316001 0.316001 0.316001 0.316001 0.316001 0.316001 0.316001 0.316001 0.316001 0.316001 0.316001 0.316001 0.316001 0.316001 0.316001 0.316001 0.316001 0.316001 0.316001 0.316001 0.316001 0.316001 0.316001 0.316001 0.316001 0.316001 0.316001 0.316002 0.316002 0.316002 0.316002 0.316002 0.316002 0.316002 0.316002 0.316002 0.316002 0.316002 0.316002 0.316002 0.316002 0.316002 0.316001 0.316001 0.316001 0.316001 0.316001 0.316001 0.316001 0.316001 
0.399355 0.399355 0.399355 0.399355 0.399355 0.399355 0.399355 0.399355 0.399355 0.399355 0.399355 0.399355 0.399355 0.399355 0.399355 0.399355 0.399355 0.399355 0.399355 0.399355 0.399355 0.399355 0.399355 0.399355 0.399356 0.399356 0.399356 0.399356 0.399356 0.399356 0.399356 0.399356 0.399356 0.399356 0.399356 0.399356 0.399356 0.399356 0.399356 0.399356 0.399356 0.399356 0.399356 0.399356 0.399356 0.399356 0.399356 0.399356 0.399356 0.399355 0.399355 0.399355 0.399355 0.399355 0.399355 0.399355 0.399355 0.399355 0.399355 0.399355 0.399355 0.399355 
0.477804 0.477804 0.477804 0.477804 0.477804 0.477804 0.477804 0.477804 0.477804 0.477804 0.477804 0.477804 0.477804 0.477804 0.477805 0.477805 0.477805 0.477805 0.477805 0.477805 0.477805 0.477805 0.477805 0.477805 0.477805 0.477806 0.477806 0.477806 0.477806 0.477806 0.477806 0.477806 0.477806 0.477806 0.477806 0.477806 0.477806 0.477805 0.477805 0.477805 0.477805 0.477805 0.477805 0.477805 0.477805 0.477805 0.477805 0.477805 0.477804 0.477804 0.477804 0.477804 0.477804 0.477804 0.477804 0.477804 0.477804 0.477804 0.477804 0.477804 0.477804 0.477804 
0.550549 0.550549 0.550549 0.550549 0.550549 0.550549 0.550549 0.550549 0.550549 0.550549 0.550549 0.55055 0.55055 0.55055 0.55055 0.550551 0.550551 0.550551 0.550551 0.550552 0.550552 0.550552 0.550552 0.550553 0.550553 0.550553 0.550553 0.550554 0.550554 0.550554 0.550554 0.550554 0.550554 0.550554 0.550554 0.550554 0.550554 0.550554 0.550554 0.550554 0.550554 0.550553 0.550553 0.550553 0.550553 0.550553 0.550552 0.550552 0.550552 0.550552 0.550551 0.550551 0.550551 0.55055 0.55055 0.55055 0.55055 0.55055 0.550549 0.550549 0.550549 0.550549 
0.616929 0.616928 0.616928 0.616928 0.616928 0.616927 0.616927 0.616927 0.616927 0.616927 0.616928 0.616928 0.616928 0.616928 0.616929 0.616929 0.616929 0.61693 0.61693 0.616931 0.616931 0.616932 0.616932 0.616933 0.616933 0.616934 0.616934 0.616935 0.616935 0.616936 0.616936 0.616937 0.616937 0.616937 0.616937 0.616938 0.616938 0.616938 0.616938 0.616938 0.616938 0.616938 0.616937 0.616937 0.616937 0.616936 0.616936 0.616936 0.616935 0.616935 0.616934 0.616934 0.616933 0.616933 0.616932 0.616932 0.616931 0.616931 0.61693 0.61693 0.616929 0.616929 
0.676411 0.67641 0.676409 0.676409 0.676408 0.676408 0.676407 0.676407 0.676406 0.676406 0.676406 0.676406 0.676406 0.676406 0.676406 0.676407 0.676407 0.676407 0.676408 0.676409 0.676409 0.67641 0.676411 0.676411 0.676412 0.676413 0.676414 0.676414 0.676415 0.676416 0.676417 0.676418 0.676418 0.676419 0.67642 0.67642 0.676421 0.676421 0.676422 0.676422 0.676422 0.676422 0.676422 0.676422 0.676422 0.676422 0.676422 0.676421 0.676421 0.67642 0.67642 0.676419 0.676418 0.676418 0.676417 0.676416 0.676415 0.676415 0.676414 0.676413 0.676412 0.676411 
0.72858 0.728579 0.728578 0.728577 0.728576 0.728575 0.728574 0.728573 0.728573 0.728572 0.728571 0.728571 0.72857 0.72857 0.72857 0.72857 0.72857 0.72857 0.728571 0.728571 0.728571 0.728572 0.728573 0.728573 0.728574 0.728575 0.728576 0.728577 0.728578 0.728579 0.72858 0.728581 0.728582 0.728583 0.728584 0.728585 0.728586 0.728587 0.728588 0.728589 0.728589 0.72859 0.72859 0.728591 0.728591 0.728591 0.728591 0.728591 0.728591 0.728591 0.72859 0.72859 0.728589 0.728588 0.728588 0.728587 0.728586 0.728585 0.728584 0.728583 0.728582 0.728581 
0.773122 0.77312 0.773119 0.773118 0.773117 0.773116 0.773115 0.773114 0.773113 0.773112 0.773111 0.77311 0.773109 0.773109 0.773108 0.773108 0.773107 0.773107 0.773107 0.773107 0.773107 0.773108 0.773108 0.773109 0.773109 0.77311 0.773111 0.773112 0.773113 0.773114 0.773115 0.773116 0.773117 0.773118 0.773119 0.773121 0.773122 0.773123 0.773124 0.773125 0.773126 0.773127 0.773128 0.773128 0.773129 0.773129 0.77313 0.77313 0.77313 0.77313 0.77313 0.77313 0.77313 0.773129 0.773129 0.773128 0.773127 0.773127 0.773126 0.773125 0.773124 0.773123 
0.809805 0.809804 0.809803 0.809802 0.809801 0.8098 0.809799 0.809798 0.809797 0.809796 0.809795 0.809794 0.809793 0.809793 0.809792 0.809792 0.809791 0.809791 0.809791 0.80979 0.80979 0.80979 0.809791 0.809791 0.809791 0.809792 0.809792 0.809793 0.809794 0.809794 0.809795 0.809796 0.809797 0.809798 0.809799 0.8098 0.809801 0.809802 0.809803 0.809804 0.809805 0.809806 0.809807 0.809808 0.809808 0.809809 0.809809 0.80981 0.80981 0.809811 0.809811 0.809811 0.809811 0.80981 0.80981 0.80981 0.809809 0.809809 0.809808 0.809807 0.809807 0.809806 
0.838468 0.838468 0.838467 0.838466 0.838466 0.838465 0.838465 0.838464 0.838463 0.838463 0.838462 0.838462 0.838461 0.838461 0.83846 0.83846 0.83846 0.83846 0.838459 0.838459 0.838459 0.838459 0.83846 0.83846 0.83846 0.83846 0.838461 0.838461 0.838462 0.838462 0.838463 0.838463 0.838464 0.838464 0.838465 0.838466 0.838466 0.838467 0.838468 0.838468 0.838469 0.838469 0.83847 0.83847 0.838471 0.838471 0.838472 0.838472 0.838472 0.838472 0.838472 0.838472 0.838472 0.838472 0.838472 0.838472 0.838471 0.838471 0.83847 0.83847 0.838469 0.838469 
0.859004 0.859004 0.859004 0.859004 0.859004 0.859004 0.859003 0.859003 0.859003 0.859003 0.859003 0.859004 0.859004 0.859004 0.859004 0.859004 0.859004 0.859005 0.859005 0.859005 0.859006 0.859006 0.859006 0.859007 0.859007 0.859007 0.859008 0.859008 0.859008 0.859009 0.859009 0.859009 0.85901 0.85901 0.85901 0.85901 0.85901 0.85901 0.85901 0.85901 0.85901 0.85901 0.85901 0.85901 0.85901 0.85901 0.85901 0.859009 0.859009 0.859009 0.859008 0.859008 0.859008 0.859007 0.859007 0.859007 0.859006 0.859006 0.859006 0.859005 0.859005 0.859005 
0.871348 0.871348 0.871348 0.871348 0.871349 0.871349 0.87135 0.87135 0.871351 0.871352 0.871352 0.871353 0.871354 0.871355 0.871356 0.871356 0.871357 0.871358 0.871359 0.87136 0.87136 0.871361 0.871362 0.871362 0.871363 0.871363 0.871364 0.871364 0.871364 0.871364 0.871365 0.871364 0.871364 0.871364 0.871364 0.871363 0.871363 0.871363 0.871362 0.871361 0.871361 0.87136 0.871359 0.871358 0.871357 0.871357 0.871356 0.871355 0.871354 0.871353 0.871352 0.871352 0.871351 0.87135 0.87135 0.871349 0.871349 0.871348 0.871348 0.871348 0.871348 0.871348 
0.875463 0.875464 0.875465 0.875465 0.875466 0.875468 0.875469 0.87547 0.875471 0.875473 0.875474 0.875475 0.875477 0.875478 0.87548 0.875481 0.875482 0.875484 0.875485 0.875486 0.875487 0.875488 0.875489 0.875489 0.87549 0.87549 0.87549 0.87549 0.87549 0.87549 0.87549 0.875489 0.875489 0.875488 0.875487 0.875486 0.875485 0.875484 0.875483 0.875482 0.87548 0.875479 0.875477 0.875476 0.875475 0.875473 0.875472 0.875471 0.875469 0.875468 0.875467 0.875466 0.875465 0.875464 0.875464 0.875463 0.875463 0.875462 0.875462 0.875462 0.875463 0.875463 
0.871342 0.871344 0.871345 0.871346 0.871348 0.871349 0.871351 0.871353 0.871355 0.871357 0.871358 0.87136 0.871362 0.871364 0.871365 0.871367 0.871368 0.871369 0.87137 0.871371 0.871372 0.871373 0.871374 0.871374 0.871374 0.871374 0.871374 0.871373 0.871373 0.871372 0.871371 0.87137 0.871369 0.871368 0.871366 0.871365 0.871363 0.871361 0.87136 0.871358 0.871356 0.871354 0.871352 0.871351 0.871349 0.871347 0.871346 0.871344 0.871343 0.871342 0.871341 0.87134 0.87134 0.871339 0.871339 0.871339 0.871339 0.871339 0.871339 0.87134 0.87134 0.871341 
0.858998 0.859 0.859001 0.859003 0.859005 0.859007 0.859009 0.859011 0.859013 0.859015 0.859017 0.859018 0.85902 0.859021 0.859023 0.859024 0.859025 0.859026 0.859026 0.859027 0.859027 0.859027 0.859027 0.859026 0.859026 0.859025 0.859024 0.859023 0.859021 0.85902 0.859018 0.859017 0.859015 0.859013 0.859011 0.859009 0.859007 0.859005 0.859003 0.859001 0.859 0.858998 0.858996 0.858995 0.858993 0.858992 0.858991 0.85899 0.858989 0.858988 0.858988 0.858988 0.858988 0.858988 0.858988 0.858989 0.85899 0.858991 0.858992 0.858993 0.858995 0.858996 
0.838466 0.838468 0.83847 0.838472 0.838474 0.838476 0.838477 0.838479 0.838481 0.838482 0.838483 0.838484 0.838485 0.838486 0.838486 0.838486 0.838486 0.838486 0.838486 0.838485 0.838484 0.838484 0.838482 0.838481 0.83848 0.838478 0.838476 0.838475 0.838473 0.838471 0.838469 0.838467 0.838465 0.838463 0.838461 0.838459 0.838457 0.838455 0.838454 0.838452 0.838451 0.83845 0.838449 0.838448 0.838447 0.838447 0.838447 0.838447 0.838447 0.838447 0.838448 0.838448 0.838449 0.83845 0.838452 0.838453 0.838455 0.838456 0.838458 0.83846 0.838462 0.838464 
0.809811 0.809813 0.809814 0.809816 0.809817 0.809818 0.809819 0.80982 0.80982 0.809821 0.809821 0.809821 0.809821 0.80982 0.80982 0.809819 0.809818 0.809817 0.809815 0.809814 0.809812 0.80981 0.809809 0.809807 0.809805 0.809803 0.809801 0.809799 0.809797 0.809795 0.809793 0.809791 0.80979 0.809788 0.809787 0.809786 0.809784 0.809784 0.809783 0.809782 0.809782 0.809782 0.809782 0.809782 0.809783 0.809783 0.809784 0.809785 0.809786 0.809787 0.809789 0.809791 0.809792 0.809794 0.809796 0.809798 0.8098 0.809802 0.809804 0.809806 0.809808 0.809809 
0.773136 0.773137 0.773137 0.773138 0.773138 0.773138 0.773138 0.773138 0.773137 0.773136 0.773135 0.773134 0.773133 0.773132 0.77313 0.773129 0.773127 0.773125 0.773124 0.773122 0.77312 0.773118 0.773116 0.773114 0.773113 0.773111 0.773109 0.773108 0.773106 0.773105 0.773104 0.773103 0.773102 0.773102 0.773101 0.773101 0.773101 0.773101 0.773102 0.773102 0.773103 0.773104 0.773105 0.773106 0.773108 0.773109 0.773111 0.773112 0.773114 0.773116 0.773118 0.77312 0.773121 0.773123 0.773125 0.773127 0.773128 0.77313 0.773132 0.773133 0.773134 0.773135 
0.728598 0.728597 0.728597 0.728596 0.728596 0.728595 0.728594 0.728593 0.728591 0.72859 0.728588 0.728587 0.728585 0.728584 0.728582 0.728581 0.728579 0.728577 0.728576 0.728574 0.728573 0.728572 0.72857 0.728569 0.728568 0.728567 0.728567 0.728566 0.728566 0.728566 0.728565 0.728566 0.728566 0.728566 0.728567 0.728568 0.728568 0.728569 0.728571 0.728572 0.728573 0.728575 0.728576 0.728578 0.728579 0.728581 0.728583 0.728584 0.728586 0.728587 0.728589 0.72859 0.728592 0.728593 0.728594 0.728595 0.728596 0.728596 0.728597 0.728597 0.728598 0.728598 
0.676425 0.676424 0.676423 0.676422 0.676421 0.67642 0.676418 0.676417 0.676416 0.676415 0.676413 0.676412 0.676411 0.67641 0.676408 0.676407 0.676406 0.676406 0.676405 0.676404 0.676403 0.676403 0.676403 0.676402 0.676402 0.676402 0.676403 0.676403 0.676403 0.676404 0.676405 0.676405 0.676406 0.676407 0.676408 0.676409 0.676411 0.676412 0.676413 0.676414 0.676416 0.676417 0.676418 0.676419 0.676421 0.676422 0.676423 0.676424 0.676425 0.676426 0.676426 0.676427 0.676427 0.676428 0.676428 0.676428 0.676428 0.676428 0.676427 0.676427 0.676426 0.676426 
0.616936 0.616935 0.616934 0.616933 0.616932 0.616932 0.616931 0.61693 0.616929 0.616928 0.616927 0.616927 0.616926 0.616926 0.616925 0.616925 0.616925 0.616925 0.616924 0.616924 0.616925 0.616925 0.616925 0.616925 0.616926 0.616926 0.616927 0.616928 0.616928 0.616929 0.61693 0.616931 0.616932 0.616933 0.616934 0.616935 0.616935 0.616936 0.616937 0.616938 0.616939 0.616939 0.61694 0.616941 0.616941 0.616942 0.616942 0.616942 0.616942 0.616942 0.616942 0.616942 0.616942 0.616942 0.616941 0.616941 0.61694 0.61694 0.616939 0.616938 0.616938 0.616937 
0.550551 0.55055 0.55055 0.550549 0.550549 0.550548 0.550548 0.550548 0.550547 0.550547 0.550547 0.550547 0.550547 0.550547 0.550547 0.550547 0.550547 0.550547 0.550548 0.550548 0.550548 0.550549 0.550549 0.550549 0.55055 0.550551 0.550551 0.550552 0.550552 0.550553 0.550553 0.550554 0.550554 0.550555 0.550555 0.550556 0.550556 0.550557 0.550557 0.550557 0.550557 0.550558 0.550558 0.550558 0.550558 0.550558 0.550558 0.550558 0.550557 0.550557 0.550557 0.550556 0.550556 0.550556 0.550555 0.550555 0.550554 0.550553 0.550553 0.550552 0.550552 0.550551 
0.477803 0.477803 0.477803 0.477803 0.477803 0.477803 0.477803 0.477803 0.477803 0.477803 0.477803 0.477803 0.477803 0.477803 0.477803 0.477803 0.477804 0.477804 0.477804 0.477804 0.477805 0.477805 0.477805 0.477805 0.477806 0.477806 0.477806 0.477807 0.477807 0.477807 0.477807 0.477807 0.477808 0.477808 0.477808 0.477808 0.477808 0.477808 0.477808 0.477808 0.477808 0.477808 0.477808 0.477808 0.477808 0.477808 0.477807 0.477807 0.477807 0.477807 0.477806 0.477806 0.477806 0.477806 0.477805 0.477805 0.477805 0.477804 0.477804 0.477804 0.477804 0.477803 
0.399355 0.399355 0.399355 0.399355 0.399355 0.399355 0.399355 0.399355 0.399355 0.399355 0.399355 0.399355 0.399355 0.399355 0.399356 0.399356 0.399356 0.399356 0.399356 0.399356 0.399356 0.399356 0.399356 0.399357 0.399357 0.399357 0.399357 0.399357 0.399357 0.399357 0.399357 0.399357 0.399357 0.399357 0.399357 0.399357 0.399357 0.399357 0.399357 0.399357 0.399357 0.399357 0.399357 0.399357 0.399357 0.399356 0.399356 0.399356 0.399356 0.399356 0.399356 0.399356 0.399356 0.399356 0.399356 0.399355 0.399355 0.399355 0.399355 0.399355 0.399355 0.399355 
0.316002 0.316002 0.316002 0.316002 0.316002 0.316002 0.316002 0.316002 0.316002 0.316002 0.316002 0.316002 0.316002 0.316002 0.316002 0.316002 0.316002 0.316002 0.316002 0.316002 0.316002 0.316002 0.316002 0.316002 0.316002 0.316002 0.316002 0.316002 0.316002 0.316002 0.316002 0.316002 0.316002 0.316002 0.316002 0.316002 0.316002 0.316002 0.316002 0.316002 0.316002 0.316002 0.316002 0.316002 0.316002 0.316002 0.316002 0.316002 0.316002 0.316002 0.316002 0.316002 0.316002 0.316002 0.316002 0.316002 0.316002 0.316002 0.316002 0.316002 0.316002 0.316002 
0.22867 0.22867 0.22867 0.22867 0.22867 0.22867 0.22867 0.22867 0.22867 0.22867 0.22867 0.22867 0.22867 0.22867 0.22867 0.22867 0.22867 0.22867 0.22867 0.22867 0.22867 0.22867 0.22867 0.22867 0.22867 0.22867 0.22867 0.22867 0.22867 0.22867 0.22867 0.22867 0.22867 0.22867 0.22867 0.22867 0.22867 0.22867 0.22867 0.22867 0.22867 0.22867 0.22867 0.22867 0.22867 0.22867 0.22867 0.22867 0.22867 0.22867 0.22867 0.22867 0.22867 0.22867 0.22867 0.22867 0.22867 0.22867 0.22867 0.22867 0.22867 0.22867 
0.138403 0.138403 0.138403 0.138403 0.138403 0.138403 0.138403 0.138403 0.138403 0.138403 0.138403 0.138403 0.138403 0.138403 0.138403 0.138403 0.138403 0.138403 0.138403 0.138403 0.138403 0.138403 0.138403 0.138403 0.138403 0.138403 0.138403 0.138403 0.138403 0.138403 0.138403 0.138403 0.138403 0.138403 0.138403 0.138403 0.138403 0.138403 0.138403 0.138403 0.138403 0.138403 0.138404 0.138404 0.138404 0.138404 0.138404 0.138404 0.138404 0.138404 0.138404 0.138404 0.138404 0.138404 0.138404 0.138404 0.138404 0.138403 0.138403 0.138403 0.138403 0.138403 
0.0463368 0.0463367 0.0463367 0.0463367 0.0463367 0.0463367 0.0463366 0.0463366 0.0463366 0.0463366 0.0463366 0.0463366 0.0463365 0.0463365 0.0463365 0.0463365 0.0463365 0.0463365 0.0463365 0.0463365 0.0463365 0.0463365 0.0463365 0.0463365 0.0463365 0.0463365 0.0463365 0.0463365 0.0463365 0.0463366 0.0463366 0.0463366 0.0463366 0.0463366 0.0463366 0.0463367 0.0463367 0.0463367 0.0463367 0.0463367 0.0463368 0.0463368 0.0463368 0.0463368 0.0463368 0.0463368 0.0463369 0.0463369 0.0463369 0.0463369 0.0463369 0.0463369 0.0463369 0.0463369 0.0463369 0.0463369 0.0463369 0.0463368 0.0463368 0.0463368 0.0463368 0.0463368 
