0.0455533 0.0455533 0.0455534 0.0455534 0.0455534 0.0455534 0.0455534 0.0455534 0.0455534 0.0455535 0.0455535 0.0455535 0.0455535 0.0455535 0.0455535 0.0455535 0.0455535 0.0455535 0.0455536 0.0455536 0.0455536 0.0455536 0.0455536 0.0455536 0.0455536 0.0455536 0.0455536 0.0455535 0.0455535 0.0455535 0.0455535 0.0455535 0.0455535 0.0455535 0.0455535 0.0455534 0.0455534 0.0455534 0.0455534 0.0455534 0.0455534 0.0455534 0.0455533 0.0455533 0.0455533 0.0455533 0.0455533 0.0455533 0.0455533 0.0455533 0.0455533 0.0455533 0.0455533 0.0455533 0.0455533 0.0455533 0.0455533 0.0455533 0.0455533 0.0455533 0.0455533 0.0455533 
0.136078 0.136078 0.136079 0.136079 0.136079 0.136079 0.136079 0.136079 0.136079 0.136079 0.136079 0.136079 0.136079 0.136079 0.136079 0.136079 0.136079 0.136079 0.136079 0.136079 0.136079 0.136079 0.136079 0.136079 0.136079 0.136079 0.136079 0.136079 0.136079 0.136079 0.136079 0.136079 0.136079 0.136079 0.136079 0.136079 0.136078 0.136078 0.136078 0.136078 0.136078 0.136078 0.136078 0.136078 0.136078 0.136078 0.136078 0.136078 0.136078 0.136078 0.136078 0.136078 0.136078 0.136078 0.136078 0.136078 0.136078 0.136078 0.136078 0.136078 0.136078 0.136078 
0.224876 0.224876 0.224876 0.224876 0.224876 0.224876 0.224876 0.224877 0.224877 0.224877 0.224877 0.224877 0.224877 0.224877 0.224877 0.224877 0.224877 0.224877 0.224877 0.224877 0.224877 0.224877 0.224877 0.224877 0.224877 0.224877 0.224877 0.224877 0.224877 0.224877 0.224877 0.224877 0.224876 0.224876 0.224876 0.224876 0.224876 0.224876 0.224876 0.224876 0.224876 0.224876 0.224876 0.224876 0.224876 0.224876 0.224876 0.224876 0.224876 0.224876 0.224876 0.224876 0.224876 0.224876 0.224876 0.224876 0.224876 0.224876 0.224876 0.224876 0.224876 0.224876 
0.310853 0.310853 0.310853 0.310853 0.310853 0.310853 0.310853 0.310853 0.310853 0.310854 0.310854 0.310854 0.310854 0.310854 0.310854 0.310854 0.310854 0.310854 0.310854 0.310854 0.310854 0.310854 0.310854 0.310854 0.310854 0.310854 0.310854 0.310854 0.310854 0.310854 0.310854 0.310854 0.310854 0.310853 0.310853 0.310853 0.310853 0.310853 0.310853 0.310853 0.310853 0.310853 0.310853 0.310853 0.310853 0.310853 0.310853 0.310853 0.310853 0.310853 0.310853 0.310853 0.310853 0.310853 0.310853 0.310853 0.310853 0.310853 0.310853 0.310853 0.310853 0.310853 
0.392997 0.392997 0.392997 0.392997 0.392997 0.392997 0.392997 0.392997 0.392997 0.392997 0.392997 0.392997 0.392997 0.392997 0.392997 0.392997 0.392997 0.392997 0.392997 0.392997 0.392997 0.392997 0.392997 0.392997 0.392997 0.392997 0.392997 0.392997 0.392997 0.392997 0.392997 0.392997 0.392997 0.392997 0.392997 0.392997 0.392997 0.392997 0.392997 0.392997 0.392997 0.392997 0.392997 0.392997 0.392997 0.392997 0.392997 0.392997 0.392997 0.392997 0.392997 0.392997 0.392997 0.392997 0.392997 0.392997 0.392997 0.392997 0.392997 0.392997 0.392997 0.392997 
0.4704 0.4704 0.4704 0.4704 0.4704 0.4704 0.4704 0.4704 0.4704 0.4704 0.4704 0.4704 0.4704 0.470399 0.470399 0.470399 0.470399 0.470399 0.470399 0.470399 0.470399 0.470399 0.470399 0.470399 0.470399 0.470399 0.470398 0.470398 0.470398 0.470398 0.470398 0.470398 0.470398 0.470398 0.470398 0.470398 0.470398 0.470398 0.470398 0.470398 0.470398 0.470398 0.470398 0.470398 0.470398 0.470399 0.470399 0.470399 0.470399 0.470399 0.470399 0.470399 0.470399 0.470399 0.470399 0.470399 0.470399 0.470399 0.4704 0.4704 0.4704 0.4704 
0.542269 0.54227 0.54227 0.54227 0.54227 0.54227 0.54227 0.54227 0.54227 0.54227 0.54227 0.54227 0.54227 0.54227 0.54227 0.542269 0.542269 0.542269 0.542269 0.542269 0.542268 0.542268 0.542268 0.542268 0.542268 0.542267 0.542267 0.542267 0.542267 0.542267 0.542266 0.542266 0.542266 0.542266 0.542266 0.542266 0.542266 0.542266 0.542266 0.542266 0.542266 0.542266 0.542266 0.542266 0.542266 0.542266 0.542266 0.542267 0.542267 0.542267 0.542267 0.542267 0.542268 0.542268 0.542268 0.542268 0.542268 0.542269 0.542269 0.542269 0.542269 0.542269 
0.607938 0.607938 0.607939 0.607939 0.607939 0.607939 0.60794 0.60794 0.60794 0.60794 0.60794 0.60794 0.60794 0.60794 0.60794 0.60794 0.60794 0.60794 0.607939 0.607939 0.607939 0.607938 0.607938 0.607938 0.607937 0.607937 0.607937 0.607936 0.607936 0.607935 0.607935 0.607934 0.607934 0.607934 0.607933 0.607933 0.607933 0.607933 0.607932 0.607932 0.607932 0.607932 0.607932 0.607932 0.607932 0.607932 0.607932 0.607933 0.607933 0.607933 0.607933 0.607934 0.607934 0.607934 0.607935 0.607935 0.607935 0.607936 0.607936 0.607937 0.607937 0.607937 
0.666857 0.666858 0.666858 0.666859 0.666859 0.66686 0.666861 0.666861 0.666862 0.666862 0.666862 0.666863 0.666863 0.666863 0.666863 0.666863 0.666863 0.666863 0.666863 0.666863 0.666863 0.666862 0.666862 0.666862 0.666861 0.666861 0.66686 0.66686 0.666859 0.666858 0.666858 0.666857 0.666856 0.666856 0.666855 0.666854 0.666854 0.666853 0.666853 0.666852 0.666852 0.666852 0.666851 0.666851 0.666851 0.666851 0.666851 0.666851 0.666851 0.666851 0.666851 0.666851 0.666852 0.666852 0.666852 0.666853 0.666853 0.666854 0.666855 0.666855 0.666856 0.666856 
0.718593 0.718594 0.718595 0.718596 0.718596 0.718597 0.718598 0.718599 0.7186 0.7186 0.718601 0.718602 0.718602 0.718603 0.718603 0.718604 0.718604 0.718604 0.718604 0.718605 0.718605 0.718604 0.718604 0.718604 0.718604 0.718603 0.718603 0.718602 0.718601 0.718601 0.7186 0.718599 0.718598 0.718598 0.718597 0.718596 0.718595 0.718594 0.718593 0.718593 0.718592 0.718591 0.718591 0.71859 0.718589 0.718589 0.718589 0.718588 0.718588 0.718588 0.718588 0.718588 0.718588 0.718588 0.718588 0.718589 0.718589 0.71859 0.71859 0.718591 0.718592 0.718592 
0.762813 0.762814 0.762815 0.762816 0.762817 0.762817 0.762818 0.762819 0.76282 0.762821 0.762822 0.762823 0.762824 0.762825 0.762825 0.762826 0.762827 0.762827 0.762828 0.762828 0.762828 0.762829 0.762829 0.762829 0.762829 0.762828 0.762828 0.762828 0.762827 0.762827 0.762826 0.762825 0.762825 0.762824 0.762823 0.762822 0.762821 0.76282 0.762819 0.762818 0.762817 0.762816 0.762815 0.762815 0.762814 0.762813 0.762812 0.762812 0.762811 0.762811 0.76281 0.76281 0.76281 0.76281 0.76281 0.76281 0.76281 0.76281 0.762811 0.762811 0.762812 0.762813 
0.79927 0.799271 0.799271 0.799272 0.799273 0.799273 0.799274 0.799275 0.799276 0.799277 0.799278 0.799279 0.79928 0.79928 0.799281 0.799282 0.799283 0.799283 0.799284 0.799284 0.799285 0.799285 0.799285 0.799285 0.799286 0.799286 0.799285 0.799285 0.799285 0.799285 0.799284 0.799284 0.799283 0.799282 0.799282 0.799281 0.79928 0.799279 0.799279 0.799278 0.799277 0.799276 0.799275 0.799274 0.799273 0.799273 0.799272 0.799271 0.79927 0.79927 0.799269 0.799269 0.799269 0.799268 0.799268 0.799268 0.799268 0.799268 0.799268 0.799269 0.799269 0.79927 
0.827785 0.827785 0.827785 0.827786 0.827786 0.827787 0.827788 0.827788 0.827789 0.827789 0.82779 0.827791 0.827791 0.827792 0.827792 0.827793 0.827793 0.827794 0.827794 0.827795 0.827795 0.827795 0.827795 0.827795 0.827796 0.827796 0.827795 0.827795 0.827795 0.827795 0.827795 0.827794 0.827794 0.827793 0.827793 0.827792 0.827792 0.827791 0.827791 0.82779 0.82779 0.827789 0.827788 0.827788 0.827787 0.827787 0.827786 0.827786 0.827785 0.827785 0.827784 0.827784 0.827784 0.827784 0.827784 0.827783 0.827783 0.827783 0.827784 0.827784 0.827784 0.827784 
0.848233 0.848233 0.848234 0.848234 0.848234 0.848234 0.848235 0.848235 0.848235 0.848235 0.848236 0.848236 0.848236 0.848236 0.848236 0.848236 0.848236 0.848236 0.848236 0.848236 0.848236 0.848236 0.848236 0.848236 0.848236 0.848236 0.848235 0.848235 0.848235 0.848235 0.848234 0.848234 0.848234 0.848233 0.848233 0.848233 0.848232 0.848232 0.848232 0.848232 0.848231 0.848231 0.848231 0.848231 0.848231 0.848231 0.848231 0.84823 0.84823 0.84823 0.84823 0.848231 0.848231 0.848231 0.848231 0.848231 0.848231 0.848232 0.848232 0.848232 0.848232 0.848233 
0.860534 0.860534 0.860534 0.860535 0.860535 0.860535 0.860535 0.860535 0.860534 0.860534 0.860534 0.860534 0.860533 0.860533 0.860532 0.860532 0.860532 0.860531 0.86053 0.86053 0.860529 0.860529 0.860528 0.860528 0.860527 0.860527 0.860526 0.860526 0.860525 0.860525 0.860525 0.860524 0.860524 0.860524 0.860524 0.860524 0.860524 0.860524 0.860524 0.860524 0.860524 0.860524 0.860525 0.860525 0.860525 0.860526 0.860526 0.860527 0.860527 0.860528 0.860528 0.860529 0.86053 0.86053 0.860531 0.860531 0.860532 0.860532 0.860533 0.860533 0.860533 0.860534 
0.864642 0.864643 0.864643 0.864642 0.864642 0.864642 0.864641 0.864641 0.86464 0.86464 0.864639 0.864638 0.864637 0.864636 0.864635 0.864634 0.864633 0.864632 0.864631 0.86463 0.864629 0.864628 0.864627 0.864627 0.864626 0.864625 0.864624 0.864624 0.864623 0.864623 0.864623 0.864622 0.864622 0.864622 0.864623 0.864623 0.864623 0.864624 0.864624 0.864625 0.864625 0.864626 0.864627 0.864628 0.864629 0.86463 0.864631 0.864632 0.864633 0.864634 0.864635 0.864636 0.864637 0.864638 0.864638 0.864639 0.86464 0.864641 0.864641 0.864642 0.864642 0.864642 
0.860543 0.860542 0.860542 0.860541 0.860541 0.86054 0.860539 0.860538 0.860537 0.860536 0.860534 0.860533 0.860532 0.860531 0.860529 0.860528 0.860526 0.860525 0.860524 0.860523 0.860521 0.86052 0.860519 0.860519 0.860518 0.860517 0.860517 0.860516 0.860516 0.860516 0.860516 0.860516 0.860516 0.860517 0.860517 0.860518 0.860519 0.86052 0.860521 0.860522 0.860523 0.860524 0.860526 0.860527 0.860528 0.86053 0.860531 0.860532 0.860534 0.860535 0.860536 0.860537 0.860538 0.860539 0.86054 0.860541 0.860542 0.860542 0.860542 0.860543 0.860543 0.860543 
0.848247 0.848246 0.848245 0.848244 0.848243 0.848242 0.84824 0.848239 0.848237 0.848236 0.848234 0.848233 0.848231 0.84823 0.848228 0.848227 0.848225 0.848224 0.848223 0.848222 0.848221 0.84822 0.84822 0.848219 0.848219 0.848219 0.848219 0.848219 0.848219 0.848219 0.84822 0.848221 0.848222 0.848223 0.848224 0.848225 0.848226 0.848228 0.848229 0.84823 0.848232 0.848234 0.848235 0.848237 0.848238 0.84824 0.848241 0.848242 0.848244 0.848245 0.848246 0.848247 0.848247 0.848248 0.848249 0.848249 0.848249 0.848249 0.848249 0.848249 0.848248 0.848248 
0.827799 0.827797 0.827796 0.827794 0.827793 0.827791 0.82779 0.827788 0.827786 0.827785 0.827783 0.827782 0.827781 0.82778 0.827778 0.827777 0.827777 0.827776 0.827775 0.827775 0.827774 0.827774 0.827774 0.827775 0.827775 0.827776 0.827776 0.827777 0.827778 0.827779 0.82778 0.827782 0.827783 0.827784 0.827786 0.827787 0.827789 0.827791 0.827792 0.827794 0.827795 0.827797 0.827798 0.827799 0.827801 0.827802 0.827803 0.827804 0.827804 0.827805 0.827805 0.827806 0.827806 0.827806 0.827806 0.827805 0.827805 0.827804 0.827803 0.827802 0.827801 0.8278 
0.799278 0.799277 0.799275 0.799274 0.799272 0.799271 0.79927 0.799268 0.799267 0.799266 0.799265 0.799264 0.799264 0.799263 0.799263 0.799262 0.799262 0.799262 0.799263 0.799263 0.799264 0.799264 0.799265 0.799266 0.799267 0.799268 0.799269 0.799271 0.799272 0.799274 0.799275 0.799277 0.799278 0.79928 0.799281 0.799283 0.799284 0.799286 0.799287 0.799288 0.799289 0.79929 0.799291 0.799292 0.799292 0.799293 0.799293 0.799293 0.799293 0.799293 0.799292 0.799292 0.799291 0.79929 0.799289 0.799288 0.799287 0.799286 0.799284 0.799283 0.799281 0.79928 
0.762813 0.762812 0.762811 0.76281 0.762809 0.762808 0.762807 0.762807 0.762806 0.762806 0.762806 0.762806 0.762806 0.762806 0.762807 0.762807 0.762808 0.762809 0.76281 0.762811 0.762812 0.762813 0.762815 0.762816 0.762817 0.762819 0.76282 0.762822 0.762823 0.762824 0.762826 0.762827 0.762828 0.762829 0.76283 0.762831 0.762832 0.762833 0.762833 0.762834 0.762834 0.762834 0.762834 0.762834 0.762834 0.762833 0.762833 0.762832 0.762831 0.76283 0.762829 0.762828 0.762827 0.762826 0.762824 0.762823 0.762821 0.76282 0.762819 0.762817 0.762816 0.762814 
0.718586 0.718586 0.718585 0.718585 0.718585 0.718585 0.718585 0.718585 0.718585 0.718586 0.718587 0.718587 0.718588 0.718589 0.71859 0.718591 0.718592 0.718593 0.718594 0.718596 0.718597 0.718598 0.718599 0.7186 0.718602 0.718603 0.718604 0.718605 0.718606 0.718607 0.718607 0.718608 0.718608 0.718609 0.718609 0.718609 0.718609 0.718609 0.718609 0.718609 0.718608 0.718608 0.718607 0.718606 0.718605 0.718604 0.718603 0.718602 0.718601 0.7186 0.718599 0.718597 0.718596 0.718595 0.718594 0.718592 0.718591 0.71859 0.718589 0.718588 0.718588 0.718587 
0.666848 0.666848 0.666849 0.666849 0.666849 0.66685 0.666851 0.666851 0.666852 0.666853 0.666854 0.666855 0.666856 0.666856 0.666857 0.666858 0.666859 0.66686 0.666861 0.666862 0.666863 0.666864 0.666865 0.666865 0.666866 0.666866 0.666867 0.666867 0.666867 0.666868 0.666868 0.666868 0.666867 0.666867 0.666867 0.666866 0.666866 0.666865 0.666864 0.666864 0.666863 0.666862 0.666861 0.66686 0.666859 0.666858 0.666857 0.666856 0.666855 0.666854 0.666854 0.666853 0.666852 0.666851 0.666851 0.66685 0.666849 0.666849 0.666849 0.666848 0.666848 0.666848 
0.607932 0.607932 0.607933 0.607933 0.607934 0.607935 0.607935 0.607936 0.607937 0.607937 0.607938 0.607939 0.607939 0.60794 0.607941 0.607941 0.607942 0.607942 0.607943 0.607943 0.607943 0.607944 0.607944 0.607944 0.607944 0.607944 0.607944 0.607944 0.607943 0.607943 0.607943 0.607942 0.607942 0.607941 0.607941 0.60794 0.607939 0.607939 0.607938 0.607937 0.607937 0.607936 0.607935 0.607935 0.607934 0.607933 0.607933 0.607932 0.607932 0.607931 0.607931 0.607931 0.607931 0.60793 0.60793 0.60793 0.60793 0.60793 0.607931 0.607931 0.607931 0.607931 
0.542267 0.542268 0.542268 0.542269 0.542269 0.54227 0.54227 0.54227 0.542271 0.542271 0.542271 0.542272 0.542272 0.542272 0.542272 0.542273 0.542273 0.542273 0.542273 0.542273 0.542273 0.542273 0.542273 0.542272 0.542272 0.542272 0.542272 0.542271 0.542271 0.542271 0.54227 0.54227 0.542269 0.542269 0.542269 0.542268 0.542268 0.542267 0.542267 0.542267 0.542266 0.542266 0.542266 0.542265 0.542265 0.542265 0.542265 0.542265 0.542265 0.542264 0.542264 0.542265 0.542265 0.542265 0.542265 0.542265 0.542265 0.542266 0.542266 0.542266 0.542267 0.542267 
0.4704 0.4704 0.470401 0.470401 0.470401 0.470401 0.470401 0.470401 0.470402 0.470402 0.470402 0.470402 0.470402 0.470402 0.470402 0.470402 0.470402 0.470402 0.470402 0.470401 0.470401 0.470401 0.470401 0.470401 0.470401 0.4704 0.4704 0.4704 0.4704 0.4704 0.470399 0.470399 0.470399 0.470399 0.470399 0.470398 0.470398 0.470398 0.470398 0.470398 0.470398 0.470398 0.470398 0.470397 0.470397 0.470397 0.470398 0.470398 0.470398 0.470398 0.470398 0.470398 0.470398 0.470398 0.470399 0.470399 0.470399 0.470399 0.470399 0.4704 0.4704 0.4704 
0.392998 0.392998 0.392998 0.392998 0.392999 0.392999 0.392999 0.392999 0.392999 0.392999 0.392999 0.392999 0.392999 0.392999 0.392998 0.392998 0.392998 0.392998 0.392998 0.392998 0.392998 0.392998 0.392998 0.392998 0.392998 0.392998 0.392998 0.392997 0.392997 0.392997 0.392997 0.392997 0.392997 0.392997 0.392997 0.392997 0.392997 0.392997 0.392997 0.392997 0.392997 0.392997 0.392997 0.392997 0.392997 0.392997 0.392997 0.392997 0.392997 0.392997 0.392997 0.392997 0.392998 0.392998 0.392998 0.392998 0.392998 0.392998 0.392998 0.392998 0.392998 0.392998 
0.310854 0.310854 0.310854 0.310854 0.310854 0.310854 0.310854 0.310854 0.310854 0.310854 0.310854 0.310854 0.310854 0.310854 0.310854 0.310854 0.310854 0.310854 0.310854 0.310854 0.310854 0.310854 0.310854 0.310854 0.310854 0.310854 0.310854 0.310854 0.310854 0.310854 0.310854 0.310854 0.310854 0.310854 0.310854 0.310854 0.310854 0.310854 0.310854 0.310854 0.310854 0.310854 0.310854 0.310854 0.310854 0.310854 0.310854 0.310854 0.310854 0.310854 0.310854 0.310854 0.310854 0.310854 0.310854 0.310854 0.310854 0.310854 0.310854 0.310854 0.310854 0.310854 
0.224877 0.224877 0.224877 0.224877 0.224877 0.224877 0.224877 0.224877 0.224877 0.224877 0.224877 0.224877 0.224877 0.224877 0.224877 0.224877 0.224877 0.224877 0.224877 0.224877 0.224877 0.224877 0.224877 0.224877 0.224877 0.224877 0.224877 0.224877 0.224877 0.224877 0.224877 0.224877 0.224877 0.224877 0.224877 0.224877 0.224877 0.224877 0.224877 0.224877 0.224877 0.224877 0.224877 0.224877 0.224877 0.224877 0.224877 0.224877 0.224877 0.224877 0.224877 0.224877 0.224877 0.224877 0.224877 0.224877 0.224877 0.224877 0.224877 0.224877 0.224877 0.224877 
0.136079 0.136079 0.136079 0.136079 0.136079 0.136079 0.136079 0.136079 0.136079 0.136079 0.136079 0.136079 0.136079 0.136079 0.136079 0.136079 0.136079 0.136079 0.136079 0.136079 0.136079 0.136079 0.136079 0.136079 0.136079 0.136079 0.136079 0.136079 0.136079 0.136079 0.136079 0.136079 0.136079 0.136079 0.136079 0.136079 0.136079 0.136079 0.136079 0.136079 0.136079 0.136079 0.136079 0.136079 0.136079 0.136079 0.136079 0.136079 0.136079 0.136079 0.136079 0.136079 0.136079 0.136079 0.136079 0.136079 0.136079 0.136079 0.136079 0.136079 0.136079 0.136079 
0.0455534 0.0455534 0.0455534 0.0455534 0.0455534 0.0455534 0.0455534 0.0455534 0.0455535 0.0455535 0.0455535 0.0455535 0.0455535 0.0455535 0.0455535 0.0455536 0.0455536 0.0455536 0.0455536 0.0455536 0.0455536 0.0455536 0.0455536 0.0455536 0.0455536 0.0455536 0.0455536 0.0455536 0.0455536 0.0455536 0.0455536 0.0455536 0.0455536 0.0455536 0.0455536 0.0455536 0.0455536 0.0455535 0.0455535 0.0455535 0.0455535 0.0455535 0.0455535 0.0455535 0.0455534 0.0455534 0.0455534 0.0455534 0.0455534 0.0455534 0.0455534 0.0455534 0.0455534 0.0455533 0.0455533 0.0455533 0.0455533 0.0455533 0.0455533 0.0455533 0.0455533 0.0455534 
