0.0443045 0.0443046 0.0443046 0.0443046 0.0443046 0.0443046 0.0443046 0.0443046 0.0443046 0.0443046 0.0443046 0.0443046 0.0443047 0.0443047 0.0443047 0.0443047 0.0443047 0.0443047 0.0443047 0.0443047 0.0443047 0.0443047 0.0443047 0.0443047 0.0443047 0.0443047 0.0443047 0.0443046 0.0443046 0.0443046 0.0443046 0.0443046 0.0443046 0.0443046 0.0443046 0.0443046 0.0443046 0.0443046 0.0443045 0.0443045 0.0443045 0.0443045 0.0443045 0.0443045 0.0443045 0.0443045 0.0443045 0.0443045 0.0443045 0.0443045 0.0443045 0.0443045 0.0443045 0.0443045 0.0443045 0.0443045 0.0443045 0.0443045 0.0443045 0.0443045 0.0443045 0.0443045 
0.132368 0.132368 0.132368 0.132368 0.132368 0.132368 0.132368 0.132368 0.132368 0.132368 0.132368 0.132368 0.132368 0.132368 0.132368 0.132368 0.132368 0.132368 0.132368 0.132368 0.132368 0.132368 0.132368 0.132368 0.132368 0.132368 0.132368 0.132368 0.132368 0.132368 0.132368 0.132368 0.132368 0.132368 0.132368 0.132368 0.132368 0.132368 0.132368 0.132368 0.132368 0.132368 0.132368 0.132368 0.132368 0.132368 0.132368 0.132368 0.132368 0.132368 0.132368 0.132368 0.132368 0.132368 0.132368 0.132368 0.132368 0.132368 0.132368 0.132368 0.132368 0.132368 
0.218809 0.218809 0.218809 0.218809 0.218809 0.218809 0.218809 0.218809 0.218809 0.218809 0.218809 0.218809 0.218809 0.218809 0.218809 0.218809 0.218809 0.218809 0.218809 0.218809 0.218809 0.218809 0.218809 0.218809 0.218809 0.218809 0.218809 0.218809 0.218809 0.218809 0.218809 0.218809 0.218809 0.218809 0.218809 0.218809 0.218809 0.218809 0.218809 0.218809 0.218809 0.218809 0.218809 0.218809 0.218809 0.218809 0.218809 0.218809 0.218809 0.218809 0.218809 0.218809 0.218809 0.218809 0.218809 0.218809 0.218809 0.218809 0.218809 0.218809 0.218809 0.218809 
0.302594 0.302594 0.302594 0.302594 0.302594 0.302594 0.302594 0.302594 0.302594 0.302594 0.302594 0.302594 0.302594 0.302594 0.302594 0.302594 0.302594 0.302594 0.302594 0.302594 0.302594 0.302594 0.302594 0.302594 0.302594 0.302594 0.302594 0.302594 0.302594 0.302594 0.302594 0.302594 0.302594 0.302594 0.302594 0.302594 0.302594 0.302594 0.302594 0.302594 0.302594 0.302594 0.302594 0.302593 0.302593 0.302593 0.302593 0.302593 0.302593 0.302593 0.302593 0.302593 0.302593 0.302593 0.302593 0.302593 0.302594 0.302594 0.302594 0.302594 0.302594 0.302594 
0.382756 0.382756 0.382756 0.382756 0.382756 0.382756 0.382756 0.382756 0.382756 0.382756 0.382756 0.382756 0.382756 0.382756 0.382756 0.382756 0.382756 0.382756 0.382756 0.382756 0.382756 0.382756 0.382756 0.382756 0.382756 0.382756 0.382756 0.382756 0.382756 0.382756 0.382756 0.382756 0.382756 0.382756 0.382756 0.382756 0.382756 0.382756 0.382756 0.382756 0.382756 0.382756 0.382756 0.382756 0.382756 0.382756 0.382756 0.382756 0.382756 0.382756 0.382756 0.382756 0.382756 0.382756 0.382756 0.382756 0.382756 0.382756 0.382756 0.382756 0.382756 0.382756 
0.458419 0.458419 0.458419 0.458419 0.458419 0.458419 0.458419 0.458419 0.458419 0.458419 0.458419 0.458419 0.458419 0.458419 0.458419 0.458419 0.458419 0.458419 0.458419 0.458419 0.458419 0.458419 0.458419 0.458419 0.458418 0.458418 0.458418 0.458418 0.458418 0.458418 0.458418 0.458418 0.458418 0.458418 0.458418 0.458418 0.458418 0.458418 0.458418 0.458419 0.458419 0.458419 0.458419 0.458419 0.458419 0.458419 0.458419 0.458419 0.458419 0.458419 0.458419 0.458419 0.458419 0.458419 0.458419 0.458419 0.458419 0.458419 0.458419 0.458419 0.458419 0.458419 
0.528805 0.528805 0.528805 0.528805 0.528805 0.528805 0.528805 0.528805 0.528805 0.528805 0.528805 0.528805 0.528805 0.528805 0.528805 0.528805 0.528804 0.528804 0.528804 0.528804 0.528804 0.528804 0.528804 0.528803 0.528803 0.528803 0.528803 0.528803 0.528803 0.528803 0.528803 0.528803 0.528803 0.528803 0.528803 0.528803 0.528803 0.528803 0.528803 0.528803 0.528803 0.528803 0.528803 0.528803 0.528803 0.528803 0.528803 0.528804 0.528804 0.528804 0.528804 0.528804 0.528804 0.528804 0.528804 0.528805 0.528805 0.528805 0.528805 0.528805 0.528805 0.528805 
0.593244 0.593244 0.593244 0.593245 0.593245 0.593245 0.593245 0.593245 0.593245 0.593245 0.593245 0.593245 0.593245 0.593245 0.593244 0.593244 0.593244 0.593244 0.593244 0.593243 0.593243 0.593243 0.593243 0.593242 0.593242 0.593242 0.593242 0.593241 0.593241 0.593241 0.593241 0.59324 0.59324 0.59324 0.59324 0.59324 0.59324 0.59324 0.59324 0.59324 0.59324 0.59324 0.59324 0.59324 0.59324 0.59324 0.59324 0.59324 0.593241 0.593241 0.593241 0.593241 0.593242 0.593242 0.593242 0.593242 0.593243 0.593243 0.593243 0.593243 0.593244 0.593244 
0.651174 0.651174 0.651175 0.651175 0.651175 0.651176 0.651176 0.651176 0.651176 0.651176 0.651177 0.651177 0.651177 0.651177 0.651177 0.651177 0.651176 0.651176 0.651176 0.651176 0.651175 0.651175 0.651175 0.651174 0.651174 0.651174 0.651173 0.651173 0.651172 0.651172 0.651171 0.651171 0.651171 0.65117 0.65117 0.651169 0.651169 0.651169 0.651169 0.651168 0.651168 0.651168 0.651168 0.651168 0.651168 0.651168 0.651168 0.651168 0.651169 0.651169 0.651169 0.651169 0.65117 0.65117 0.65117 0.651171 0.651171 0.651172 0.651172 0.651173 0.651173 0.651173 
0.702136 0.702137 0.702138 0.702138 0.702139 0.702139 0.70214 0.70214 0.702141 0.702141 0.702141 0.702142 0.702142 0.702142 0.702142 0.702143 0.702143 0.702143 0.702142 0.702142 0.702142 0.702142 0.702142 0.702141 0.702141 0.70214 0.70214 0.702139 0.702139 0.702138 0.702138 0.702137 0.702136 0.702136 0.702135 0.702135 0.702134 0.702134 0.702133 0.702133 0.702132 0.702132 0.702132 0.702131 0.702131 0.702131 0.702131 0.702131 0.702131 0.702131 0.702131 0.702131 0.702132 0.702132 0.702132 0.702133 0.702133 0.702134 0.702134 0.702135 0.702135 0.702136 
0.74577 0.74577 0.745771 0.745772 0.745772 0.745773 0.745774 0.745774 0.745775 0.745776 0.745776 0.745777 0.745777 0.745778 0.745778 0.745778 0.745779 0.745779 0.745779 0.745779 0.745779 0.745779 0.745779 0.745778 0.745778 0.745778 0.745777 0.745777 0.745776 0.745776 0.745775 0.745775 0.745774 0.745773 0.745773 0.745772 0.745771 0.745771 0.74577 0.745769 0.745769 0.745768 0.745768 0.745767 0.745767 0.745766 0.745766 0.745766 0.745765 0.745765 0.745765 0.745765 0.745765 0.745766 0.745766 0.745766 0.745766 0.745767 0.745767 0.745768 0.745768 0.745769 
0.781795 0.781796 0.781797 0.781797 0.781798 0.781798 0.781799 0.7818 0.7818 0.781801 0.781802 0.781802 0.781803 0.781803 0.781804 0.781804 0.781805 0.781805 0.781805 0.781806 0.781806 0.781806 0.781806 0.781806 0.781806 0.781805 0.781805 0.781805 0.781804 0.781804 0.781804 0.781803 0.781802 0.781802 0.781801 0.781801 0.7818 0.781799 0.781799 0.781798 0.781797 0.781797 0.781796 0.781795 0.781795 0.781794 0.781794 0.781794 0.781793 0.781793 0.781793 0.781793 0.781793 0.781793 0.781793 0.781793 0.781793 0.781793 0.781794 0.781794 0.781794 0.781795 
0.810007 0.810007 0.810008 0.810008 0.810009 0.810009 0.81001 0.81001 0.810011 0.810011 0.810012 0.810012 0.810013 0.810013 0.810013 0.810014 0.810014 0.810014 0.810015 0.810015 0.810015 0.810015 0.810015 0.810015 0.810015 0.810015 0.810015 0.810015 0.810014 0.810014 0.810014 0.810013 0.810013 0.810013 0.810012 0.810012 0.810011 0.810011 0.81001 0.81001 0.810009 0.810009 0.810008 0.810008 0.810007 0.810007 0.810006 0.810006 0.810006 0.810005 0.810005 0.810005 0.810005 0.810005 0.810005 0.810005 0.810005 0.810005 0.810005 0.810006 0.810006 0.810006 
0.830256 0.830256 0.830256 0.830257 0.830257 0.830257 0.830258 0.830258 0.830258 0.830258 0.830258 0.830259 0.830259 0.830259 0.830259 0.830259 0.830259 0.83026 0.83026 0.83026 0.83026 0.83026 0.830259 0.830259 0.830259 0.830259 0.830259 0.830259 0.830259 0.830258 0.830258 0.830258 0.830258 0.830257 0.830257 0.830257 0.830257 0.830256 0.830256 0.830256 0.830256 0.830255 0.830255 0.830255 0.830255 0.830255 0.830255 0.830254 0.830254 0.830254 0.830254 0.830254 0.830254 0.830254 0.830254 0.830255 0.830255 0.830255 0.830255 0.830255 0.830255 0.830256 
0.842444 0.842444 0.842445 0.842445 0.842445 0.842445 0.842445 0.842445 0.842444 0.842444 0.842444 0.842444 0.842444 0.842444 0.842443 0.842443 0.842443 0.842443 0.842442 0.842442 0.842442 0.842442 0.842441 0.842441 0.842441 0.842441 0.84244 0.84244 0.84244 0.84244 0.84244 0.84244 0.842439 0.842439 0.842439 0.842439 0.842439 0.842439 0.842439 0.842439 0.84244 0.84244 0.84244 0.84244 0.84244 0.842441 0.842441 0.842441 0.842441 0.842442 0.842442 0.842442 0.842442 0.842443 0.842443 0.842443 0.842443 0.842444 0.842444 0.842444 0.842444 0.842444 
0.846515 0.846515 0.846515 0.846515 0.846515 0.846514 0.846514 0.846514 0.846513 0.846513 0.846512 0.846512 0.846511 0.84651 0.84651 0.846509 0.846509 0.846508 0.846508 0.846507 0.846507 0.846506 0.846506 0.846505 0.846505 0.846505 0.846504 0.846504 0.846504 0.846504 0.846504 0.846504 0.846504 0.846504 0.846504 0.846505 0.846505 0.846505 0.846506 0.846506 0.846507 0.846507 0.846508 0.846508 0.846509 0.846509 0.84651 0.846511 0.846511 0.846512 0.846512 0.846513 0.846513 0.846514 0.846514 0.846515 0.846515 0.846515 0.846515 0.846515 0.846516 0.846516 
0.84245 0.84245 0.842449 0.842449 0.842448 0.842447 0.842447 0.842446 0.842445 0.842444 0.842443 0.842443 0.842442 0.842441 0.84244 0.842439 0.842438 0.842438 0.842437 0.842436 0.842436 0.842435 0.842435 0.842434 0.842434 0.842434 0.842434 0.842434 0.842434 0.842434 0.842434 0.842434 0.842435 0.842435 0.842436 0.842436 0.842437 0.842438 0.842438 0.842439 0.84244 0.842441 0.842442 0.842443 0.842444 0.842444 0.842445 0.842446 0.842447 0.842447 0.842448 0.842449 0.842449 0.84245 0.84245 0.84245 0.842451 0.842451 0.842451 0.842451 0.842451 0.84245 
0.830265 0.830264 0.830263 0.830262 0.830261 0.830261 0.83026 0.830258 0.830257 0.830256 0.830255 0.830254 0.830253 0.830252 0.830252 0.830251 0.83025 0.830249 0.830249 0.830248 0.830248 0.830247 0.830247 0.830247 0.830247 0.830247 0.830247 0.830248 0.830248 0.830249 0.830249 0.83025 0.830251 0.830251 0.830252 0.830253 0.830254 0.830255 0.830256 0.830257 0.830258 0.830259 0.83026 0.830261 0.830262 0.830263 0.830264 0.830265 0.830265 0.830266 0.830266 0.830267 0.830267 0.830267 0.830267 0.830267 0.830267 0.830267 0.830267 0.830266 0.830266 0.830265 
0.810015 0.810014 0.810013 0.810012 0.810011 0.81001 0.810009 0.810008 0.810007 0.810006 0.810005 0.810004 0.810003 0.810002 0.810002 0.810001 0.810001 0.81 0.81 0.81 0.81 0.81 0.81 0.810001 0.810001 0.810001 0.810002 0.810003 0.810004 0.810004 0.810005 0.810006 0.810007 0.810008 0.810009 0.810011 0.810012 0.810013 0.810014 0.810015 0.810016 0.810017 0.810017 0.810018 0.810019 0.81002 0.81002 0.810021 0.810021 0.810021 0.810021 0.810021 0.810021 0.810021 0.810021 0.81002 0.81002 0.810019 0.810018 0.810018 0.810017 0.810016 
0.781799 0.781798 0.781797 0.781796 0.781795 0.781794 0.781793 0.781793 0.781792 0.781791 0.781791 0.78179 0.78179 0.78179 0.78179 0.78179 0.78179 0.78179 0.78179 0.78179 0.781791 0.781792 0.781792 0.781793 0.781794 0.781795 0.781796 0.781796 0.781797 0.781799 0.7818 0.781801 0.781802 0.781803 0.781804 0.781805 0.781805 0.781806 0.781807 0.781808 0.781808 0.781809 0.781809 0.78181 0.78181 0.78181 0.78181 0.78181 0.78181 0.78181 0.781809 0.781809 0.781808 0.781807 0.781807 0.781806 0.781805 0.781804 0.781803 0.781802 0.781801 0.7818 
0.745768 0.745767 0.745766 0.745766 0.745765 0.745765 0.745764 0.745764 0.745764 0.745764 0.745764 0.745764 0.745764 0.745764 0.745765 0.745765 0.745766 0.745766 0.745767 0.745768 0.745768 0.745769 0.74577 0.745771 0.745772 0.745773 0.745774 0.745775 0.745776 0.745777 0.745777 0.745778 0.745779 0.74578 0.74578 0.745781 0.745781 0.745782 0.745782 0.745782 0.745782 0.745782 0.745782 0.745782 0.745782 0.745781 0.745781 0.74578 0.74578 0.745779 0.745778 0.745777 0.745776 0.745776 0.745775 0.745774 0.745773 0.745772 0.745771 0.74577 0.745769 0.745768 
0.70213 0.70213 0.70213 0.70213 0.70213 0.70213 0.70213 0.70213 0.70213 0.702131 0.702131 0.702132 0.702132 0.702133 0.702134 0.702134 0.702135 0.702136 0.702137 0.702137 0.702138 0.702139 0.70214 0.70214 0.702141 0.702142 0.702142 0.702143 0.702144 0.702144 0.702144 0.702145 0.702145 0.702145 0.702145 0.702145 0.702145 0.702145 0.702145 0.702145 0.702144 0.702144 0.702143 0.702143 0.702142 0.702141 0.702141 0.70214 0.702139 0.702138 0.702138 0.702137 0.702136 0.702135 0.702135 0.702134 0.702133 0.702133 0.702132 0.702131 0.702131 0.702131 
0.651167 0.651167 0.651168 0.651168 0.651168 0.651169 0.651169 0.65117 0.65117 0.651171 0.651171 0.651172 0.651172 0.651173 0.651174 0.651174 0.651175 0.651175 0.651176 0.651176 0.651177 0.651177 0.651178 0.651178 0.651179 0.651179 0.651179 0.651179 0.651179 0.651179 0.651179 0.651179 0.651179 0.651179 0.651179 0.651178 0.651178 0.651177 0.651177 0.651176 0.651176 0.651175 0.651175 0.651174 0.651173 0.651173 0.651172 0.651172 0.651171 0.65117 0.65117 0.651169 0.651169 0.651168 0.651168 0.651168 0.651168 0.651167 0.651167 0.651167 0.651167 0.651167 
0.59324 0.59324 0.593241 0.593241 0.593242 0.593242 0.593242 0.593243 0.593243 0.593244 0.593244 0.593245 0.593245 0.593245 0.593246 0.593246 0.593246 0.593247 0.593247 0.593247 0.593247 0.593247 0.593247 0.593247 0.593247 0.593247 0.593247 0.593247 0.593247 0.593247 0.593246 0.593246 0.593246 0.593245 0.593245 0.593245 0.593244 0.593244 0.593243 0.593243 0.593242 0.593242 0.593241 0.593241 0.593241 0.59324 0.59324 0.59324 0.593239 0.593239 0.593239 0.593239 0.593239 0.593239 0.593239 0.593239 0.593239 0.593239 0.593239 0.593239 0.593239 0.59324 
0.528804 0.528805 0.528805 0.528805 0.528805 0.528806 0.528806 0.528806 0.528806 0.528807 0.528807 0.528807 0.528807 0.528807 0.528807 0.528807 0.528807 0.528807 0.528807 0.528807 0.528807 0.528807 0.528807 0.528807 0.528807 0.528807 0.528806 0.528806 0.528806 0.528806 0.528805 0.528805 0.528805 0.528805 0.528804 0.528804 0.528804 0.528804 0.528803 0.528803 0.528803 0.528803 0.528803 0.528802 0.528802 0.528802 0.528802 0.528802 0.528802 0.528802 0.528802 0.528802 0.528802 0.528802 0.528802 0.528803 0.528803 0.528803 0.528803 0.528804 0.528804 0.528804 
0.45842 0.45842 0.45842 0.45842 0.458421 0.458421 0.458421 0.458421 0.458421 0.458421 0.458421 0.458421 0.458421 0.458421 0.458421 0.458421 0.458421 0.458421 0.458421 0.458421 0.458421 0.45842 0.45842 0.45842 0.45842 0.45842 0.45842 0.45842 0.458419 0.458419 0.458419 0.458419 0.458419 0.458419 0.458419 0.458419 0.458418 0.458418 0.458418 0.458418 0.458418 0.458418 0.458418 0.458418 0.458418 0.458418 0.458418 0.458418 0.458418 0.458418 0.458418 0.458419 0.458419 0.458419 0.458419 0.458419 0.458419 0.458419 0.45842 0.45842 0.45842 0.45842 
0.382757 0.382757 0.382757 0.382757 0.382757 0.382757 0.382758 0.382758 0.382758 0.382758 0.382757 0.382757 0.382757 0.382757 0.382757 0.382757 0.382757 0.382757 0.382757 0.382757 0.382757 0.382757 0.382757 0.382757 0.382757 0.382757 0.382757 0.382757 0.382757 0.382757 0.382757 0.382756 0.382756 0.382756 0.382756 0.382756 0.382756 0.382756 0.382756 0.382756 0.382756 0.382756 0.382756 0.382756 0.382756 0.382756 0.382757 0.382757 0.382757 0.382757 0.382757 0.382757 0.382757 0.382757 0.382757 0.382757 0.382757 0.382757 0.382757 0.382757 0.382757 0.382757 
0.302594 0.302594 0.302594 0.302594 0.302594 0.302594 0.302594 0.302594 0.302594 0.302594 0.302594 0.302594 0.302594 0.302594 0.302594 0.302594 0.302594 0.302594 0.302594 0.302594 0.302594 0.302594 0.302594 0.302594 0.302594 0.302594 0.302594 0.302594 0.302594 0.302594 0.302594 0.302594 0.302594 0.302594 0.302594 0.302594 0.302594 0.302594 0.302594 0.302594 0.302594 0.302594 0.302594 0.302594 0.302594 0.302594 0.302594 0.302594 0.302594 0.302594 0.302594 0.302594 0.302594 0.302594 0.302594 0.302594 0.302594 0.302594 0.302594 0.302594 0.302594 0.302594 
0.218809 0.218809 0.218809 0.218809 0.218809 0.218809 0.218809 0.218809 0.218809 0.218809 0.218809 0.218809 0.218809 0.218809 0.218809 0.218809 0.218809 0.218809 0.218809 0.218809 0.218809 0.218809 0.218809 0.218809 0.218809 0.218809 0.218809 0.218809 0.218809 0.218809 0.218809 0.218809 0.218809 0.218809 0.218809 0.218809 0.218809 0.218809 0.218809 0.218809 0.218809 0.218809 0.218809 0.218809 0.218809 0.218809 0.218809 0.218809 0.218809 0.218809 0.218809 0.218809 0.218809 0.218809 0.218809 0.218809 0.218809 0.218809 0.218809 0.218809 0.218809 0.218809 
0.132368 0.132368 0.132368 0.132368 0.132368 0.132368 0.132368 0.132368 0.132368 0.132368 0.132368 0.132368 0.132368 0.132368 0.132368 0.132368 0.132368 0.132368 0.132368 0.132368 0.132368 0.132368 0.132368 0.132368 0.132368 0.132368 0.132368 0.132368 0.132368 0.132368 0.132368 0.132368 0.132368 0.132368 0.132368 0.132368 0.132368 0.132368 0.132368 0.132368 0.132368 0.132368 0.132368 0.132368 0.132368 0.132368 0.132368 0.132368 0.132368 0.132368 0.132368 0.132368 0.132368 0.132368 0.132368 0.132368 0.132368 0.132368 0.132368 0.132368 0.132368 0.132368 
0.0443046 0.0443046 0.0443046 0.0443046 0.0443046 0.0443046 0.0443046 0.0443046 0.0443046 0.0443047 0.0443047 0.0443047 0.0443047 0.0443047 0.0443047 0.0443047 0.0443047 0.0443047 0.0443047 0.0443047 0.0443047 0.0443047 0.0443047 0.0443047 0.0443047 0.0443047 0.0443047 0.0443047 0.0443047 0.0443047 0.0443047 0.0443047 0.0443047 0.0443047 0.0443047 0.0443047 0.0443047 0.0443047 0.0443047 0.0443046 0.0443046 0.0443046 0.0443046 0.0443046 0.0443046 0.0443046 0.0443046 0.0443046 0.0443046 0.0443046 0.0443046 0.0443046 0.0443046 0.0443046 0.0443046 0.0443046 0.0443046 0.0443046 0.0443046 0.0443046 0.0443046 0.0443046 
