0.0441416 0.0441416 0.0441416 0.0441416 0.0441416 0.0441416 0.0441416 0.0441416 0.0441417 0.0441417 0.0441417 0.0441417 0.0441417 0.0441417 0.0441417 0.0441417 0.0441417 0.0441417 0.0441417 0.0441418 0.0441418 0.0441418 0.0441418 0.0441418 0.0441418 0.0441418 0.0441418 0.0441418 0.0441418 0.0441418 0.0441418 0.0441418 0.0441418 0.0441418 0.0441418 0.0441418 0.0441417 0.0441417 0.0441417 0.0441417 0.0441417 0.0441417 0.0441417 0.0441417 0.0441417 0.0441417 0.0441417 0.0441416 0.0441416 0.0441416 0.0441416 0.0441416 0.0441416 0.0441416 0.0441416 0.0441416 0.0441416 0.0441416 0.0441416 0.0441416 0.0441416 0.0441416 
0.131884 0.131884 0.131884 0.131884 0.131884 0.131884 0.131884 0.131884 0.131884 0.131884 0.131884 0.131884 0.131884 0.131884 0.131884 0.131884 0.131884 0.131884 0.131884 0.131884 0.131884 0.131884 0.131884 0.131884 0.131884 0.131884 0.131884 0.131884 0.131884 0.131884 0.131884 0.131884 0.131884 0.131884 0.131884 0.131884 0.131884 0.131884 0.131884 0.131884 0.131884 0.131884 0.131884 0.131884 0.131884 0.131884 0.131884 0.131884 0.131884 0.131884 0.131884 0.131884 0.131884 0.131884 0.131884 0.131884 0.131884 0.131884 0.131884 0.131884 0.131884 0.131884 
0.218016 0.218016 0.218016 0.218016 0.218016 0.218016 0.218016 0.218016 0.218016 0.218016 0.218016 0.218016 0.218016 0.218016 0.218016 0.218016 0.218016 0.218016 0.218016 0.218016 0.218016 0.218016 0.218016 0.218016 0.218016 0.218016 0.218016 0.218016 0.218016 0.218016 0.218016 0.218016 0.218016 0.218016 0.218016 0.218016 0.218016 0.218016 0.218016 0.218016 0.218016 0.218016 0.218016 0.218016 0.218016 0.218016 0.218016 0.218016 0.218016 0.218016 0.218016 0.218016 0.218016 0.218016 0.218016 0.218016 0.218016 0.218016 0.218016 0.218016 0.218016 0.218016 
0.301512 0.301512 0.301512 0.301512 0.301512 0.301512 0.301512 0.301512 0.301512 0.301512 0.301512 0.301512 0.301512 0.301512 0.301512 0.301512 0.301512 0.301512 0.301512 0.301512 0.301512 0.301512 0.301512 0.301512 0.301512 0.301512 0.301512 0.301512 0.301512 0.301512 0.301512 0.301512 0.301512 0.301512 0.301512 0.301512 0.301512 0.301512 0.301512 0.301512 0.301512 0.301512 0.301512 0.301512 0.301512 0.301512 0.301512 0.301512 0.301512 0.301512 0.301512 0.301512 0.301512 0.301512 0.301512 0.301512 0.301512 0.301512 0.301512 0.301512 0.301512 0.301512 
0.381412 0.381412 0.381412 0.381412 0.381412 0.381412 0.381412 0.381412 0.381412 0.381412 0.381412 0.381412 0.381412 0.381412 0.381412 0.381412 0.381412 0.381412 0.381412 0.381412 0.381412 0.381412 0.381412 0.381412 0.381412 0.381412 0.381412 0.381412 0.381412 0.381412 0.381412 0.381412 0.381412 0.381412 0.381412 0.381412 0.381412 0.381412 0.381412 0.381412 0.381412 0.381412 0.381412 0.381412 0.381412 0.381412 0.381412 0.381412 0.381412 0.381412 0.381412 0.381412 0.381412 0.381412 0.381412 0.381412 0.381412 0.381412 0.381412 0.381412 0.381412 0.381412 
0.456843 0.456843 0.456843 0.456843 0.456843 0.456843 0.456843 0.456843 0.456843 0.456843 0.456843 0.456843 0.456843 0.456843 0.456843 0.456843 0.456843 0.456842 0.456842 0.456842 0.456842 0.456842 0.456842 0.456842 0.456842 0.456842 0.456842 0.456842 0.456842 0.456842 0.456842 0.456842 0.456842 0.456842 0.456842 0.456842 0.456842 0.456842 0.456842 0.456842 0.456842 0.456842 0.456842 0.456842 0.456842 0.456842 0.456842 0.456842 0.456842 0.456842 0.456842 0.456842 0.456842 0.456842 0.456842 0.456842 0.456842 0.456842 0.456842 0.456842 0.456842 0.456842 
0.527027 0.527027 0.527027 0.527028 0.527028 0.527028 0.527028 0.527028 0.527028 0.527028 0.527028 0.527028 0.527028 0.527028 0.527028 0.527028 0.527028 0.527028 0.527028 0.527028 0.527028 0.527027 0.527027 0.527027 0.527027 0.527027 0.527027 0.527027 0.527027 0.527026 0.527026 0.527026 0.527026 0.527026 0.527026 0.527026 0.527026 0.527026 0.527026 0.527025 0.527025 0.527025 0.527025 0.527025 0.527025 0.527025 0.527025 0.527026 0.527026 0.527026 0.527026 0.527026 0.527026 0.527026 0.527026 0.527026 0.527026 0.527027 0.527027 0.527027 0.527027 0.527027 
0.591296 0.591297 0.591297 0.591297 0.591297 0.591298 0.591298 0.591298 0.591298 0.591299 0.591299 0.591299 0.591299 0.591299 0.591299 0.591299 0.591299 0.591299 0.591299 0.591299 0.591299 0.591299 0.591299 0.591298 0.591298 0.591298 0.591298 0.591298 0.591297 0.591297 0.591297 0.591297 0.591296 0.591296 0.591296 0.591296 0.591295 0.591295 0.591295 0.591295 0.591295 0.591294 0.591294 0.591294 0.591294 0.591294 0.591294 0.591294 0.591294 0.591294 0.591294 0.591294 0.591294 0.591294 0.591295 0.591295 0.591295 0.591295 0.591295 0.591296 0.591296 0.591296 
0.649087 0.649088 0.649088 0.649088 0.649089 0.649089 0.64909 0.64909 0.649091 0.649091 0.649091 0.649092 0.649092 0.649092 0.649092 0.649093 0.649093 0.649093 0.649093 0.649093 0.649093 0.649093 0.649093 0.649093 0.649093 0.649093 0.649093 0.649092 0.649092 0.649092 0.649091 0.649091 0.649091 0.64909 0.64909 0.649089 0.649089 0.649089 0.649088 0.649088 0.649087 0.649087 0.649087 0.649086 0.649086 0.649086 0.649086 0.649085 0.649085 0.649085 0.649085 0.649085 0.649085 0.649085 0.649085 0.649085 0.649086 0.649086 0.649086 0.649086 0.649087 0.649087 
0.69994 0.69994 0.699941 0.699941 0.699942 0.699942 0.699943 0.699943 0.699944 0.699944 0.699945 0.699946 0.699946 0.699947 0.699947 0.699948 0.699948 0.699948 0.699949 0.699949 0.699949 0.69995 0.69995 0.69995 0.69995 0.69995 0.69995 0.699949 0.699949 0.699949 0.699949 0.699948 0.699948 0.699948 0.699947 0.699947 0.699946 0.699946 0.699945 0.699944 0.699944 0.699943 0.699943 0.699942 0.699942 0.699941 0.699941 0.69994 0.69994 0.69994 0.699939 0.699939 0.699939 0.699939 0.699939 0.699939 0.699939 0.699939 0.699939 0.699939 0.699939 0.69994 
0.743489 0.74349 0.74349 0.74349 0.743491 0.743491 0.743492 0.743492 0.743493 0.743494 0.743494 0.743495 0.743496 0.743496 0.743497 0.743497 0.743498 0.743499 0.743499 0.7435 0.7435 0.743501 0.743501 0.743501 0.743502 0.743502 0.743502 0.743502 0.743502 0.743502 0.743502 0.743501 0.743501 0.743501 0.7435 0.7435 0.743499 0.743499 0.743498 0.743498 0.743497 0.743496 0.743496 0.743495 0.743494 0.743494 0.743493 0.743493 0.743492 0.743491 0.743491 0.74349 0.74349 0.74349 0.743489 0.743489 0.743489 0.743489 0.743489 0.743489 0.743489 0.743489 
0.779453 0.779453 0.779454 0.779454 0.779454 0.779455 0.779455 0.779455 0.779456 0.779456 0.779457 0.779458 0.779458 0.779459 0.77946 0.77946 0.779461 0.779462 0.779462 0.779463 0.779463 0.779464 0.779464 0.779465 0.779465 0.779465 0.779466 0.779466 0.779466 0.779466 0.779466 0.779466 0.779466 0.779466 0.779465 0.779465 0.779465 0.779464 0.779464 0.779463 0.779463 0.779462 0.779461 0.779461 0.77946 0.77946 0.779459 0.779458 0.779458 0.779457 0.779456 0.779456 0.779455 0.779455 0.779454 0.779454 0.779454 0.779454 0.779453 0.779453 0.779453 0.779453 
0.807621 0.807621 0.807621 0.807621 0.807621 0.807621 0.807622 0.807622 0.807622 0.807623 0.807623 0.807624 0.807624 0.807625 0.807625 0.807626 0.807626 0.807627 0.807627 0.807628 0.807628 0.807629 0.807629 0.807629 0.80763 0.80763 0.80763 0.80763 0.807631 0.807631 0.807631 0.807631 0.807631 0.807631 0.80763 0.80763 0.80763 0.80763 0.807629 0.807629 0.807629 0.807628 0.807628 0.807627 0.807627 0.807626 0.807626 0.807625 0.807625 0.807624 0.807624 0.807623 0.807623 0.807622 0.807622 0.807622 0.807621 0.807621 0.807621 0.807621 0.807621 0.807621 
0.82784 0.827841 0.827841 0.827841 0.827841 0.827841 0.827841 0.827842 0.827842 0.827842 0.827842 0.827843 0.827843 0.827843 0.827843 0.827844 0.827844 0.827844 0.827844 0.827845 0.827845 0.827845 0.827845 0.827845 0.827845 0.827845 0.827845 0.827846 0.827846 0.827846 0.827845 0.827845 0.827845 0.827845 0.827845 0.827845 0.827845 0.827844 0.827844 0.827844 0.827844 0.827843 0.827843 0.827843 0.827843 0.827842 0.827842 0.827842 0.827842 0.827841 0.827841 0.827841 0.827841 0.827841 0.827841 0.82784 0.82784 0.82784 0.82784 0.82784 0.82784 0.82784 
0.840012 0.840012 0.840012 0.840012 0.840013 0.840013 0.840013 0.840013 0.840013 0.840013 0.840013 0.840013 0.840014 0.840014 0.840013 0.840013 0.840013 0.840013 0.840013 0.840013 0.840013 0.840013 0.840012 0.840012 0.840012 0.840012 0.840012 0.840011 0.840011 0.840011 0.840011 0.84001 0.84001 0.84001 0.84001 0.84001 0.840009 0.840009 0.840009 0.840009 0.840009 0.840009 0.840009 0.840009 0.840009 0.840009 0.840009 0.840009 0.840009 0.840009 0.840009 0.840009 0.84001 0.84001 0.84001 0.84001 0.84001 0.840011 0.840011 0.840011 0.840011 0.840012 
0.844078 0.844078 0.844078 0.844078 0.844079 0.844079 0.844079 0.844079 0.844079 0.844079 0.844079 0.844078 0.844078 0.844078 0.844077 0.844077 0.844077 0.844076 0.844076 0.844075 0.844075 0.844074 0.844074 0.844073 0.844072 0.844072 0.844071 0.844071 0.84407 0.84407 0.84407 0.844069 0.844069 0.844069 0.844068 0.844068 0.844068 0.844068 0.844068 0.844068 0.844068 0.844068 0.844068 0.844069 0.844069 0.844069 0.84407 0.84407 0.844071 0.844071 0.844072 0.844072 0.844073 0.844073 0.844074 0.844074 0.844075 0.844075 0.844076 0.844076 0.844077 0.844077 
0.840019 0.840019 0.840019 0.840019 0.840019 0.840019 0.840019 0.840019 0.840019 0.840018 0.840018 0.840017 0.840017 0.840016 0.840015 0.840015 0.840014 0.840013 0.840012 0.840012 0.840011 0.84001 0.840009 0.840008 0.840008 0.840007 0.840006 0.840006 0.840005 0.840005 0.840004 0.840004 0.840004 0.840003 0.840003 0.840003 0.840003 0.840003 0.840004 0.840004 0.840004 0.840005 0.840005 0.840006 0.840006 0.840007 0.840008 0.840009 0.840009 0.84001 0.840011 0.840012 0.840013 0.840013 0.840014 0.840015 0.840016 0.840016 0.840017 0.840018 0.840018 0.840018 
0.827853 0.827853 0.827853 0.827853 0.827852 0.827852 0.827852 0.827851 0.82785 0.82785 0.827849 0.827848 0.827847 0.827846 0.827845 0.827844 0.827843 0.827842 0.827841 0.827841 0.82784 0.827839 0.827838 0.827837 0.827836 0.827836 0.827835 0.827835 0.827834 0.827834 0.827834 0.827834 0.827834 0.827834 0.827834 0.827834 0.827835 0.827835 0.827836 0.827836 0.827837 0.827838 0.827838 0.827839 0.82784 0.827841 0.827842 0.827843 0.827844 0.827845 0.827846 0.827847 0.827848 0.827849 0.827849 0.82785 0.827851 0.827851 0.827852 0.827852 0.827853 0.827853 
0.807636 0.807635 0.807635 0.807634 0.807634 0.807633 0.807632 0.807631 0.80763 0.807629 0.807628 0.807627 0.807626 0.807625 0.807624 0.807623 0.807622 0.807621 0.807621 0.80762 0.807619 0.807618 0.807618 0.807617 0.807617 0.807616 0.807616 0.807616 0.807616 0.807616 0.807616 0.807617 0.807617 0.807618 0.807618 0.807619 0.80762 0.80762 0.807621 0.807622 0.807623 0.807624 0.807625 0.807626 0.807627 0.807628 0.807629 0.80763 0.807631 0.807632 0.807633 0.807633 0.807634 0.807635 0.807635 0.807636 0.807636 0.807636 0.807636 0.807636 0.807636 0.807636 
0.779467 0.779466 0.779465 0.779464 0.779464 0.779463 0.779462 0.779461 0.77946 0.779459 0.779458 0.779457 0.779456 0.779455 0.779454 0.779453 0.779453 0.779452 0.779452 0.779451 0.779451 0.779451 0.779451 0.77945 0.779451 0.779451 0.779451 0.779451 0.779452 0.779452 0.779453 0.779454 0.779454 0.779455 0.779456 0.779457 0.779458 0.779459 0.77946 0.779461 0.779462 0.779463 0.779464 0.779465 0.779465 0.779466 0.779467 0.779468 0.779468 0.779469 0.779469 0.77947 0.77947 0.77947 0.77947 0.77947 0.77947 0.779469 0.779469 0.779469 0.779468 0.779468 
0.743498 0.743497 0.743496 0.743495 0.743494 0.743494 0.743493 0.743492 0.743491 0.74349 0.74349 0.743489 0.743489 0.743488 0.743488 0.743488 0.743487 0.743487 0.743487 0.743487 0.743488 0.743488 0.743488 0.743489 0.743489 0.74349 0.74349 0.743491 0.743492 0.743493 0.743493 0.743494 0.743495 0.743496 0.743497 0.743498 0.743499 0.743499 0.7435 0.743501 0.743502 0.743502 0.743503 0.743503 0.743504 0.743504 0.743505 0.743505 0.743505 0.743505 0.743505 0.743505 0.743504 0.743504 0.743504 0.743503 0.743502 0.743502 0.743501 0.7435 0.7435 0.743499 
0.699942 0.699942 0.699941 0.69994 0.69994 0.699939 0.699939 0.699938 0.699938 0.699938 0.699938 0.699938 0.699938 0.699938 0.699938 0.699938 0.699938 0.699939 0.699939 0.699939 0.69994 0.69994 0.699941 0.699942 0.699942 0.699943 0.699944 0.699945 0.699945 0.699946 0.699947 0.699948 0.699948 0.699949 0.69995 0.69995 0.699951 0.699951 0.699951 0.699952 0.699952 0.699952 0.699952 0.699952 0.699952 0.699952 0.699952 0.699952 0.699951 0.699951 0.69995 0.69995 0.699949 0.699949 0.699948 0.699947 0.699947 0.699946 0.699945 0.699944 0.699944 0.699943 
0.649085 0.649085 0.649085 0.649084 0.649084 0.649084 0.649084 0.649084 0.649084 0.649084 0.649085 0.649085 0.649085 0.649086 0.649086 0.649086 0.649087 0.649087 0.649088 0.649088 0.649089 0.64909 0.64909 0.649091 0.649091 0.649092 0.649092 0.649093 0.649093 0.649094 0.649094 0.649095 0.649095 0.649095 0.649095 0.649096 0.649096 0.649096 0.649096 0.649096 0.649095 0.649095 0.649095 0.649095 0.649094 0.649094 0.649093 0.649093 0.649092 0.649092 0.649091 0.649091 0.64909 0.64909 0.649089 0.649088 0.649088 0.649087 0.649087 0.649086 0.649086 0.649086 
0.591293 0.591293 0.591293 0.591293 0.591294 0.591294 0.591294 0.591294 0.591294 0.591295 0.591295 0.591295 0.591296 0.591296 0.591297 0.591297 0.591297 0.591298 0.591298 0.591299 0.591299 0.591299 0.5913 0.5913 0.5913 0.591301 0.591301 0.591301 0.591301 0.591301 0.591301 0.591301 0.591301 0.591301 0.591301 0.591301 0.591301 0.591301 0.5913 0.5913 0.5913 0.5913 0.591299 0.591299 0.591298 0.591298 0.591298 0.591297 0.591297 0.591296 0.591296 0.591296 0.591295 0.591295 0.591295 0.591294 0.591294 0.591294 0.591294 0.591293 0.591293 0.591293 
0.527025 0.527025 0.527026 0.527026 0.527026 0.527026 0.527026 0.527027 0.527027 0.527027 0.527027 0.527028 0.527028 0.527028 0.527028 0.527029 0.527029 0.527029 0.527029 0.527029 0.52703 0.52703 0.52703 0.52703 0.52703 0.52703 0.52703 0.52703 0.52703 0.52703 0.52703 0.52703 0.527029 0.527029 0.527029 0.527029 0.527029 0.527028 0.527028 0.527028 0.527028 0.527027 0.527027 0.527027 0.527027 0.527026 0.527026 0.527026 0.527026 0.527026 0.527025 0.527025 0.527025 0.527025 0.527025 0.527025 0.527025 0.527025 0.527025 0.527025 0.527025 0.527025 
0.456842 0.456842 0.456843 0.456843 0.456843 0.456843 0.456843 0.456843 0.456843 0.456843 0.456844 0.456844 0.456844 0.456844 0.456844 0.456844 0.456844 0.456844 0.456844 0.456844 0.456844 0.456844 0.456844 0.456844 0.456844 0.456844 0.456844 0.456844 0.456844 0.456844 0.456844 0.456843 0.456843 0.456843 0.456843 0.456843 0.456843 0.456843 0.456842 0.456842 0.456842 0.456842 0.456842 0.456842 0.456842 0.456842 0.456842 0.456842 0.456842 0.456842 0.456841 0.456841 0.456842 0.456842 0.456842 0.456842 0.456842 0.456842 0.456842 0.456842 0.456842 0.456842 
0.381413 0.381413 0.381413 0.381413 0.381413 0.381413 0.381413 0.381413 0.381413 0.381413 0.381413 0.381413 0.381413 0.381413 0.381413 0.381413 0.381413 0.381413 0.381413 0.381413 0.381413 0.381413 0.381413 0.381413 0.381413 0.381413 0.381413 0.381413 0.381413 0.381413 0.381413 0.381413 0.381413 0.381413 0.381413 0.381413 0.381413 0.381412 0.381412 0.381412 0.381412 0.381412 0.381412 0.381412 0.381412 0.381412 0.381412 0.381412 0.381412 0.381412 0.381412 0.381412 0.381412 0.381412 0.381412 0.381412 0.381413 0.381413 0.381413 0.381413 0.381413 0.381413 
0.301513 0.301513 0.301513 0.301513 0.301513 0.301513 0.301513 0.301513 0.301513 0.301513 0.301513 0.301513 0.301513 0.301513 0.301513 0.301513 0.301513 0.301513 0.301513 0.301513 0.301513 0.301513 0.301513 0.301513 0.301513 0.301513 0.301513 0.301513 0.301513 0.301513 0.301513 0.301513 0.301513 0.301513 0.301513 0.301513 0.301512 0.301512 0.301512 0.301512 0.301512 0.301512 0.301512 0.301512 0.301512 0.301512 0.301512 0.301512 0.301512 0.301512 0.301512 0.301512 0.301512 0.301512 0.301512 0.301512 0.301513 0.301513 0.301513 0.301513 0.301513 0.301513 
0.218016 0.218016 0.218016 0.218016 0.218016 0.218016 0.218016 0.218016 0.218016 0.218016 0.218016 0.218016 0.218016 0.218016 0.218016 0.218016 0.218016 0.218016 0.218016 0.218016 0.218016 0.218016 0.218016 0.218016 0.218016 0.218016 0.218016 0.218016 0.218016 0.218016 0.218016 0.218016 0.218016 0.218016 0.218016 0.218016 0.218016 0.218016 0.218016 0.218016 0.218016 0.218016 0.218016 0.218016 0.218016 0.218016 0.218016 0.218016 0.218016 0.218016 0.218016 0.218016 0.218016 0.218016 0.218016 0.218016 0.218016 0.218016 0.218016 0.218016 0.218016 0.218016 
0.131884 0.131884 0.131884 0.131884 0.131884 0.131884 0.131884 0.131884 0.131884 0.131884 0.131884 0.131884 0.131884 0.131884 0.131884 0.131884 0.131884 0.131884 0.131884 0.131884 0.131884 0.131884 0.131884 0.131884 0.131884 0.131884 0.131884 0.131884 0.131884 0.131884 0.131884 0.131884 0.131884 0.131884 0.131884 0.131884 0.131884 0.131884 0.131884 0.131884 0.131884 0.131884 0.131884 0.131884 0.131884 0.131884 0.131884 0.131884 0.131884 0.131884 0.131884 0.131884 0.131884 0.131884 0.131884 0.131884 0.131884 0.131884 0.131884 0.131884 0.131884 0.131884 
0.0441417 0.0441417 0.0441417 0.0441417 0.0441417 0.0441417 0.0441417 0.0441417 0.0441417 0.0441417 0.0441417 0.0441417 0.0441417 0.0441417 0.0441417 0.0441417 0.0441418 0.0441418 0.0441418 0.0441418 0.0441418 0.0441418 0.0441418 0.0441418 0.0441418 0.0441418 0.0441418 0.0441418 0.0441418 0.0441418 0.0441418 0.0441418 0.0441418 0.0441418 0.0441418 0.0441418 0.0441418 0.0441418 0.0441418 0.0441418 0.0441418 0.0441418 0.0441418 0.0441418 0.0441418 0.0441418 0.0441418 0.0441418 0.0441417 0.0441417 0.0441417 0.0441417 0.0441417 0.0441417 0.0441417 0.0441417 0.0441417 0.0441417 0.0441417 0.0441417 0.0441417 0.0441417 
