0.0438837 0.0438837 0.0438837 0.0438837 0.0438837 0.0438837 0.0438837 0.0438837 0.0438837 0.0438837 0.0438837 0.0438837 0.0438837 0.0438837 0.0438837 0.0438837 0.0438837 0.0438837 0.0438837 0.0438837 0.0438837 0.0438837 0.0438837 0.0438837 0.0438837 0.0438838 0.0438838 0.0438838 0.0438838 0.0438838 0.0438838 0.0438838 0.0438838 0.0438838 0.0438838 0.0438838 0.0438838 0.0438838 0.0438838 0.0438838 0.0438838 0.0438838 0.0438838 0.0438838 0.0438838 0.0438838 0.0438838 0.0438838 0.0438838 0.0438838 0.0438838 0.0438838 0.0438838 0.0438838 0.0438838 0.0438837 0.0438837 0.0438837 0.0438837 0.0438837 0.0438837 0.0438837 
0.131117 0.131116 0.131116 0.131116 0.131116 0.131116 0.131116 0.131116 0.131116 0.131116 0.131116 0.131117 0.131117 0.131117 0.131117 0.131117 0.131117 0.131117 0.131117 0.131117 0.131117 0.131117 0.131117 0.131117 0.131117 0.131117 0.131117 0.131117 0.131117 0.131117 0.131117 0.131117 0.131117 0.131117 0.131117 0.131117 0.131117 0.131117 0.131117 0.131117 0.131117 0.131117 0.131117 0.131117 0.131117 0.131117 0.131117 0.131117 0.131117 0.131117 0.131117 0.131117 0.131117 0.131117 0.131117 0.131117 0.131117 0.131117 0.131117 0.131117 0.131117 0.131117 
0.216759 0.216759 0.216759 0.216759 0.216759 0.216759 0.216759 0.216759 0.216759 0.216759 0.216759 0.216759 0.216759 0.216759 0.216759 0.216759 0.216759 0.216759 0.216759 0.216759 0.21676 0.21676 0.21676 0.21676 0.21676 0.21676 0.21676 0.21676 0.21676 0.21676 0.21676 0.21676 0.21676 0.21676 0.21676 0.21676 0.21676 0.21676 0.21676 0.21676 0.21676 0.21676 0.21676 0.21676 0.21676 0.21676 0.21676 0.21676 0.21676 0.21676 0.21676 0.21676 0.21676 0.21676 0.21676 0.216759 0.216759 0.216759 0.216759 0.216759 0.216759 0.216759 
0.299798 0.299798 0.299798 0.299798 0.299798 0.299798 0.299798 0.299798 0.299798 0.299798 0.299798 0.299798 0.299798 0.299798 0.299798 0.299798 0.299798 0.299798 0.299798 0.299798 0.299798 0.299798 0.299798 0.299798 0.299798 0.299798 0.299798 0.299798 0.299798 0.299798 0.299798 0.299798 0.299798 0.299798 0.299798 0.299798 0.299798 0.299798 0.299798 0.299798 0.299798 0.299798 0.299798 0.299798 0.299798 0.299798 0.299798 0.299798 0.299798 0.299798 0.299798 0.299798 0.299798 0.299798 0.299798 0.299798 0.299798 0.299798 0.299798 0.299798 0.299798 0.299798 
0.37928 0.37928 0.37928 0.37928 0.37928 0.37928 0.37928 0.37928 0.37928 0.37928 0.37928 0.37928 0.37928 0.37928 0.37928 0.37928 0.37928 0.37928 0.37928 0.37928 0.37928 0.37928 0.37928 0.37928 0.37928 0.37928 0.37928 0.37928 0.37928 0.37928 0.37928 0.37928 0.37928 0.37928 0.37928 0.37928 0.37928 0.37928 0.37928 0.37928 0.37928 0.37928 0.37928 0.37928 0.37928 0.37928 0.37928 0.37928 0.37928 0.37928 0.37928 0.37928 0.37928 0.37928 0.37928 0.37928 0.37928 0.37928 0.37928 0.37928 0.37928 0.37928 
0.454339 0.454339 0.454339 0.454339 0.454339 0.454339 0.454339 0.454339 0.454339 0.454339 0.454339 0.454339 0.454339 0.45434 0.45434 0.45434 0.45434 0.45434 0.45434 0.45434 0.45434 0.45434 0.45434 0.45434 0.45434 0.45434 0.45434 0.45434 0.454339 0.454339 0.454339 0.454339 0.454339 0.454339 0.454339 0.454339 0.454339 0.454339 0.454339 0.454339 0.454339 0.454339 0.454339 0.454339 0.454339 0.454339 0.454339 0.454339 0.454339 0.454339 0.454339 0.454339 0.454339 0.454339 0.454339 0.454339 0.454339 0.454339 0.454339 0.454339 0.454339 0.454339 
0.524202 0.524202 0.524202 0.524202 0.524202 0.524202 0.524203 0.524203 0.524203 0.524203 0.524203 0.524203 0.524203 0.524203 0.524204 0.524204 0.524204 0.524204 0.524204 0.524204 0.524204 0.524204 0.524204 0.524204 0.524204 0.524204 0.524204 0.524204 0.524204 0.524204 0.524204 0.524204 0.524204 0.524204 0.524204 0.524203 0.524203 0.524203 0.524203 0.524203 0.524203 0.524203 0.524203 0.524202 0.524202 0.524202 0.524202 0.524202 0.524202 0.524202 0.524202 0.524202 0.524202 0.524202 0.524202 0.524202 0.524202 0.524202 0.524202 0.524202 0.524202 0.524202 
0.5882 0.5882 0.5882 0.588201 0.588201 0.588201 0.588201 0.588201 0.588201 0.588202 0.588202 0.588202 0.588202 0.588203 0.588203 0.588203 0.588203 0.588203 0.588204 0.588204 0.588204 0.588204 0.588204 0.588205 0.588205 0.588205 0.588205 0.588205 0.588205 0.588205 0.588205 0.588205 0.588205 0.588205 0.588205 0.588204 0.588204 0.588204 0.588204 0.588204 0.588203 0.588203 0.588203 0.588203 0.588202 0.588202 0.588202 0.588202 0.588202 0.588201 0.588201 0.588201 0.588201 0.588201 0.588201 0.5882 0.5882 0.5882 0.5882 0.5882 0.5882 0.5882 
0.64577 0.64577 0.64577 0.64577 0.64577 0.64577 0.64577 0.64577 0.64577 0.645771 0.645771 0.645771 0.645772 0.645772 0.645772 0.645773 0.645773 0.645773 0.645774 0.645774 0.645775 0.645775 0.645775 0.645776 0.645776 0.645776 0.645776 0.645777 0.645777 0.645777 0.645777 0.645777 0.645777 0.645777 0.645777 0.645777 0.645777 0.645777 0.645777 0.645777 0.645776 0.645776 0.645776 0.645775 0.645775 0.645775 0.645774 0.645774 0.645774 0.645773 0.645773 0.645772 0.645772 0.645772 0.645771 0.645771 0.645771 0.645771 0.64577 0.64577 0.64577 0.64577 
0.696447 0.696447 0.696447 0.696447 0.696447 0.696446 0.696446 0.696447 0.696447 0.696447 0.696447 0.696447 0.696448 0.696448 0.696448 0.696449 0.696449 0.69645 0.69645 0.696451 0.696451 0.696452 0.696452 0.696453 0.696453 0.696454 0.696454 0.696455 0.696455 0.696455 0.696456 0.696456 0.696456 0.696457 0.696457 0.696457 0.696457 0.696457 0.696457 0.696457 0.696457 0.696456 0.696456 0.696456 0.696455 0.696455 0.696455 0.696454 0.696454 0.696453 0.696453 0.696452 0.696452 0.696451 0.696451 0.69645 0.69645 0.696449 0.696449 0.696448 0.696448 0.696448 
0.739862 0.739862 0.739861 0.739861 0.73986 0.73986 0.73986 0.73986 0.73986 0.73986 0.73986 0.73986 0.73986 0.73986 0.739861 0.739861 0.739861 0.739862 0.739862 0.739863 0.739863 0.739864 0.739864 0.739865 0.739866 0.739866 0.739867 0.739868 0.739868 0.739869 0.739869 0.73987 0.73987 0.739871 0.739871 0.739871 0.739871 0.739872 0.739872 0.739872 0.739872 0.739872 0.739872 0.739872 0.739871 0.739871 0.739871 0.73987 0.73987 0.739869 0.739869 0.739868 0.739868 0.739867 0.739867 0.739866 0.739865 0.739865 0.739864 0.739864 0.739863 0.739862 
0.775725 0.775724 0.775724 0.775723 0.775723 0.775723 0.775722 0.775722 0.775722 0.775722 0.775722 0.775721 0.775722 0.775722 0.775722 0.775722 0.775722 0.775723 0.775723 0.775723 0.775724 0.775724 0.775725 0.775725 0.775726 0.775727 0.775727 0.775728 0.775728 0.775729 0.77573 0.77573 0.775731 0.775731 0.775732 0.775732 0.775732 0.775733 0.775733 0.775733 0.775733 0.775734 0.775734 0.775734 0.775733 0.775733 0.775733 0.775733 0.775733 0.775732 0.775732 0.775731 0.775731 0.77573 0.77573 0.775729 0.775728 0.775728 0.775727 0.775727 0.775726 0.775725 
0.803819 0.803818 0.803818 0.803817 0.803817 0.803817 0.803816 0.803816 0.803816 0.803816 0.803816 0.803816 0.803815 0.803815 0.803816 0.803816 0.803816 0.803816 0.803816 0.803817 0.803817 0.803817 0.803818 0.803818 0.803818 0.803819 0.803819 0.80382 0.80382 0.803821 0.803821 0.803822 0.803822 0.803823 0.803823 0.803823 0.803824 0.803824 0.803824 0.803825 0.803825 0.803825 0.803825 0.803825 0.803825 0.803825 0.803825 0.803825 0.803824 0.803824 0.803824 0.803824 0.803823 0.803823 0.803822 0.803822 0.803822 0.803821 0.803821 0.80382 0.80382 0.803819 
0.823987 0.823987 0.823987 0.823987 0.823987 0.823986 0.823986 0.823986 0.823986 0.823986 0.823986 0.823986 0.823986 0.823986 0.823986 0.823986 0.823987 0.823987 0.823987 0.823987 0.823987 0.823987 0.823988 0.823988 0.823988 0.823988 0.823989 0.823989 0.823989 0.823989 0.82399 0.82399 0.82399 0.82399 0.823991 0.823991 0.823991 0.823991 0.823991 0.823991 0.823991 0.823991 0.823991 0.823991 0.823991 0.823991 0.823991 0.823991 0.823991 0.82399 0.82399 0.82399 0.82399 0.823989 0.823989 0.823989 0.823989 0.823988 0.823988 0.823988 0.823988 0.823987 
0.836127 0.836127 0.836127 0.836128 0.836128 0.836128 0.836128 0.836128 0.836129 0.836129 0.836129 0.836129 0.836129 0.83613 0.83613 0.83613 0.83613 0.83613 0.83613 0.836131 0.836131 0.836131 0.836131 0.836131 0.836131 0.836131 0.836131 0.836131 0.836131 0.836131 0.836131 0.836131 0.836131 0.83613 0.83613 0.83613 0.83613 0.83613 0.83613 0.836129 0.836129 0.836129 0.836129 0.836129 0.836128 0.836128 0.836128 0.836128 0.836128 0.836128 0.836127 0.836127 0.836127 0.836127 0.836127 0.836127 0.836127 0.836127 0.836127 0.836127 0.836127 0.836127 
0.84018 0.840181 0.840181 0.840182 0.840182 0.840183 0.840183 0.840184 0.840184 0.840185 0.840185 0.840185 0.840186 0.840186 0.840186 0.840187 0.840187 0.840187 0.840187 0.840187 0.840187 0.840187 0.840187 0.840187 0.840187 0.840186 0.840186 0.840186 0.840185 0.840185 0.840185 0.840184 0.840184 0.840183 0.840183 0.840182 0.840182 0.840181 0.840181 0.84018 0.84018 0.840179 0.840179 0.840179 0.840178 0.840178 0.840178 0.840178 0.840178 0.840177 0.840177 0.840177 0.840177 0.840178 0.840178 0.840178 0.840178 0.840178 0.840179 0.840179 0.840179 0.84018 
0.836128 0.836129 0.83613 0.836131 0.836131 0.836132 0.836133 0.836133 0.836134 0.836134 0.836135 0.836135 0.836136 0.836136 0.836136 0.836136 0.836136 0.836136 0.836136 0.836136 0.836136 0.836136 0.836135 0.836135 0.836135 0.836134 0.836133 0.836133 0.836132 0.836131 0.836131 0.83613 0.836129 0.836128 0.836128 0.836127 0.836126 0.836126 0.836125 0.836124 0.836124 0.836123 0.836123 0.836123 0.836122 0.836122 0.836122 0.836122 0.836122 0.836122 0.836122 0.836122 0.836123 0.836123 0.836123 0.836124 0.836124 0.836125 0.836126 0.836126 0.836127 0.836128 
0.823991 0.823992 0.823993 0.823993 0.823994 0.823995 0.823995 0.823996 0.823997 0.823997 0.823997 0.823998 0.823998 0.823998 0.823998 0.823998 0.823998 0.823997 0.823997 0.823996 0.823996 0.823995 0.823995 0.823994 0.823993 0.823992 0.823992 0.823991 0.82399 0.823989 0.823988 0.823987 0.823986 0.823985 0.823985 0.823984 0.823983 0.823982 0.823982 0.823981 0.823981 0.823981 0.82398 0.82398 0.82398 0.82398 0.82398 0.82398 0.823981 0.823981 0.823981 0.823982 0.823983 0.823983 0.823984 0.823985 0.823986 0.823986 0.823987 0.823988 0.823989 0.82399 
0.803826 0.803827 0.803827 0.803828 0.803829 0.803829 0.803829 0.80383 0.80383 0.80383 0.80383 0.80383 0.80383 0.803829 0.803829 0.803829 0.803828 0.803828 0.803827 0.803826 0.803825 0.803824 0.803824 0.803823 0.803822 0.803821 0.80382 0.803819 0.803818 0.803817 0.803816 0.803815 0.803815 0.803814 0.803813 0.803813 0.803812 0.803812 0.803812 0.803812 0.803811 0.803811 0.803812 0.803812 0.803812 0.803812 0.803813 0.803813 0.803814 0.803815 0.803815 0.803816 0.803817 0.803818 0.803819 0.80382 0.803821 0.803822 0.803823 0.803824 0.803824 0.803825 
0.775736 0.775736 0.775737 0.775737 0.775737 0.775737 0.775737 0.775737 0.775737 0.775736 0.775736 0.775735 0.775735 0.775734 0.775734 0.775733 0.775732 0.775731 0.77573 0.775729 0.775728 0.775728 0.775727 0.775726 0.775725 0.775724 0.775723 0.775723 0.775722 0.775721 0.775721 0.77572 0.77572 0.77572 0.775719 0.775719 0.775719 0.775719 0.775719 0.77572 0.77572 0.77572 0.775721 0.775721 0.775722 0.775723 0.775724 0.775724 0.775725 0.775726 0.775727 0.775728 0.775729 0.77573 0.775731 0.775731 0.775732 0.775733 0.775734 0.775734 0.775735 0.775736 
0.739875 0.739874 0.739874 0.739874 0.739874 0.739873 0.739873 0.739872 0.739872 0.739871 0.73987 0.73987 0.739869 0.739868 0.739867 0.739867 0.739866 0.739865 0.739864 0.739863 0.739863 0.739862 0.739861 0.739861 0.73986 0.73986 0.739859 0.739859 0.739859 0.739859 0.739859 0.739859 0.739859 0.739859 0.739859 0.739859 0.73986 0.73986 0.739861 0.739861 0.739862 0.739863 0.739863 0.739864 0.739865 0.739866 0.739867 0.739867 0.739868 0.739869 0.73987 0.73987 0.739871 0.739872 0.739872 0.739873 0.739873 0.739874 0.739874 0.739874 0.739874 0.739875 
0.696458 0.696458 0.696457 0.696457 0.696456 0.696455 0.696455 0.696454 0.696453 0.696453 0.696452 0.696451 0.696451 0.69645 0.696449 0.696449 0.696448 0.696448 0.696447 0.696447 0.696447 0.696446 0.696446 0.696446 0.696446 0.696446 0.696446 0.696446 0.696446 0.696446 0.696447 0.696447 0.696447 0.696448 0.696448 0.696449 0.69645 0.69645 0.696451 0.696452 0.696452 0.696453 0.696454 0.696454 0.696455 0.696455 0.696456 0.696457 0.696457 0.696458 0.696458 0.696458 0.696459 0.696459 0.696459 0.696459 0.696459 0.696459 0.696459 0.696459 0.696459 0.696458 
0.645776 0.645776 0.645775 0.645775 0.645774 0.645773 0.645773 0.645772 0.645772 0.645772 0.645771 0.645771 0.64577 0.64577 0.64577 0.645769 0.645769 0.645769 0.645769 0.645769 0.645769 0.645769 0.645769 0.645769 0.64577 0.64577 0.64577 0.645771 0.645771 0.645772 0.645772 0.645772 0.645773 0.645773 0.645774 0.645775 0.645775 0.645776 0.645776 0.645777 0.645777 0.645777 0.645778 0.645778 0.645779 0.645779 0.645779 0.645779 0.645779 0.645779 0.645779 0.645779 0.645779 0.645779 0.645779 0.645779 0.645779 0.645778 0.645778 0.645777 0.645777 0.645777 
0.588202 0.588202 0.588202 0.588201 0.588201 0.588201 0.588201 0.5882 0.5882 0.5882 0.5882 0.5882 0.5882 0.5882 0.5882 0.5882 0.5882 0.5882 0.5882 0.5882 0.5882 0.588201 0.588201 0.588201 0.588202 0.588202 0.588202 0.588203 0.588203 0.588203 0.588204 0.588204 0.588205 0.588205 0.588205 0.588206 0.588206 0.588206 0.588206 0.588207 0.588207 0.588207 0.588207 0.588207 0.588207 0.588207 0.588207 0.588207 0.588207 0.588207 0.588206 0.588206 0.588206 0.588206 0.588205 0.588205 0.588205 0.588204 0.588204 0.588203 0.588203 0.588203 
0.524202 0.524202 0.524202 0.524202 0.524201 0.524201 0.524201 0.524201 0.524201 0.524201 0.524201 0.524201 0.524202 0.524202 0.524202 0.524202 0.524202 0.524202 0.524203 0.524203 0.524203 0.524203 0.524203 0.524204 0.524204 0.524204 0.524204 0.524205 0.524205 0.524205 0.524205 0.524205 0.524205 0.524206 0.524206 0.524206 0.524206 0.524206 0.524206 0.524206 0.524206 0.524206 0.524206 0.524206 0.524206 0.524205 0.524205 0.524205 0.524205 0.524205 0.524204 0.524204 0.524204 0.524204 0.524204 0.524203 0.524203 0.524203 0.524203 0.524202 0.524202 0.524202 
0.454339 0.454339 0.454339 0.454339 0.454339 0.454339 0.454339 0.454339 0.454339 0.454339 0.454339 0.454339 0.454339 0.454339 0.454339 0.45434 0.45434 0.45434 0.45434 0.45434 0.45434 0.45434 0.45434 0.454341 0.454341 0.454341 0.454341 0.454341 0.454341 0.454341 0.454341 0.454341 0.454341 0.454341 0.454341 0.454341 0.454341 0.454341 0.454341 0.454341 0.454341 0.454341 0.454341 0.45434 0.45434 0.45434 0.45434 0.45434 0.45434 0.45434 0.45434 0.454339 0.454339 0.454339 0.454339 0.454339 0.454339 0.454339 0.454339 0.454339 0.454339 0.454339 
0.37928 0.37928 0.37928 0.37928 0.37928 0.37928 0.37928 0.37928 0.37928 0.379281 0.379281 0.379281 0.379281 0.379281 0.379281 0.379281 0.379281 0.379281 0.379281 0.379281 0.379281 0.379281 0.379281 0.379281 0.379281 0.379281 0.379281 0.379281 0.379281 0.379281 0.379281 0.379281 0.379281 0.379281 0.379281 0.379281 0.379281 0.379281 0.379281 0.379281 0.379281 0.379281 0.379281 0.379281 0.379281 0.379281 0.379281 0.379281 0.37928 0.37928 0.37928 0.37928 0.37928 0.37928 0.37928 0.37928 0.37928 0.37928 0.37928 0.37928 0.37928 0.37928 
0.299798 0.299798 0.299798 0.299798 0.299798 0.299798 0.299798 0.299798 0.299798 0.299798 0.299798 0.299798 0.299798 0.299798 0.299798 0.299798 0.299798 0.299798 0.299798 0.299798 0.299798 0.299798 0.299798 0.299798 0.299798 0.299798 0.299798 0.299798 0.299798 0.299798 0.299798 0.299798 0.299798 0.299798 0.299798 0.299798 0.299798 0.299798 0.299798 0.299798 0.299798 0.299798 0.299798 0.299798 0.299798 0.299798 0.299798 0.299798 0.299798 0.299798 0.299798 0.299798 0.299798 0.299798 0.299798 0.299798 0.299798 0.299798 0.299798 0.299798 0.299798 0.299798 
0.21676 0.21676 0.21676 0.21676 0.21676 0.21676 0.21676 0.21676 0.21676 0.21676 0.21676 0.21676 0.21676 0.21676 0.21676 0.21676 0.21676 0.21676 0.21676 0.21676 0.21676 0.21676 0.21676 0.21676 0.21676 0.21676 0.21676 0.21676 0.21676 0.21676 0.21676 0.21676 0.21676 0.21676 0.21676 0.21676 0.21676 0.21676 0.21676 0.21676 0.21676 0.21676 0.21676 0.21676 0.21676 0.21676 0.21676 0.21676 0.21676 0.21676 0.21676 0.21676 0.21676 0.21676 0.21676 0.21676 0.21676 0.21676 0.21676 0.21676 0.21676 0.21676 
0.131117 0.131117 0.131117 0.131117 0.131117 0.131117 0.131117 0.131117 0.131117 0.131117 0.131117 0.131117 0.131117 0.131117 0.131117 0.131117 0.131117 0.131117 0.131117 0.131117 0.131117 0.131117 0.131117 0.131117 0.131117 0.131117 0.131117 0.131117 0.131117 0.131117 0.131117 0.131117 0.131117 0.131117 0.131117 0.131117 0.131117 0.131117 0.131117 0.131117 0.131117 0.131117 0.131117 0.131117 0.131117 0.131117 0.131117 0.131117 0.131117 0.131117 0.131117 0.131117 0.131117 0.131117 0.131117 0.131117 0.131117 0.131117 0.131117 0.131117 0.131117 0.131117 
0.0438838 0.0438838 0.0438838 0.0438838 0.0438838 0.0438838 0.0438837 0.0438837 0.0438837 0.0438837 0.0438837 0.0438837 0.0438837 0.0438837 0.0438837 0.0438837 0.0438837 0.0438837 0.0438837 0.0438837 0.0438837 0.0438838 0.0438838 0.0438838 0.0438838 0.0438838 0.0438838 0.0438838 0.0438838 0.0438838 0.0438838 0.0438838 0.0438838 0.0438838 0.0438839 0.0438839 0.0438839 0.0438839 0.0438839 0.0438839 0.0438839 0.0438839 0.0438839 0.0438839 0.0438839 0.0438839 0.0438839 0.0438839 0.0438839 0.0438839 0.0438839 0.0438839 0.0438839 0.0438839 0.0438839 0.0438838 0.0438838 0.0438838 0.0438838 0.0438838 0.0438838 0.0438838 
