0.0581522 0.0581533 0.0581541 0.0581547 0.058155 0.058155 0.0581548 0.0581543 0.0581535 0.0581525 0.0581513 0.0581498 0.0581481 0.0581462 0.0581441 0.0581419 0.0581395 0.058137 0.0581344 0.0581317 0.058129 0.0581263 0.0581237 0.058121 0.0581185 0.058116 0.0581137 0.0581115 0.0581095 0.0581077 0.0581061 0.0581048 0.0581036 0.0581028 0.0581021 0.0581018 0.0581017 0.0581019 0.0581024 0.0581032 0.0581042 0.0581054 0.0581069 0.0581086 0.0581105 0.0581126 0.0581148 0.0581172 0.0581197 0.0581223 0.0581249 0.0581276 0.0581303 0.0581329 0.0581355 0.058138 0.0581405 0.0581428 0.0581449 0.0581469 0.0581487 0.0581505 
0.172701 0.172709 0.172717 0.172724 0.17273 0.172735 0.172739 0.172743 0.172746 0.172747 0.172748 0.172747 0.172746 0.172743 0.17274 0.172736 0.172731 0.172725 0.172718 0.172711 0.172703 0.172695 0.172686 0.172677 0.172667 0.172657 0.172648 0.172638 0.172628 0.172619 0.17261 0.172602 0.172594 0.172586 0.172579 0.172573 0.172568 0.172564 0.17256 0.172558 0.172556 0.172556 0.172556 0.172557 0.17256 0.172563 0.172567 0.172572 0.172578 0.172585 0.172592 0.1726 0.172608 0.172617 0.172627 0.172636 0.172646 0.172655 0.172665 0.172674 0.172683 0.172692 
0.282438 0.282455 0.282472 0.282488 0.282505 0.282521 0.282536 0.28255 0.282563 0.282575 0.282586 0.282596 0.282604 0.28261 0.282615 0.282618 0.282619 0.282619 0.282617 0.282613 0.282608 0.282601 0.282593 0.282583 0.282572 0.28256 0.282546 0.282532 0.282516 0.282501 0.282484 0.282468 0.282451 0.282434 0.282417 0.282401 0.282385 0.28237 0.282356 0.282343 0.282331 0.28232 0.282311 0.282303 0.282297 0.282292 0.282289 0.282287 0.282288 0.28229 0.282294 0.282299 0.282306 0.282314 0.282324 0.282335 0.282348 0.282361 0.282375 0.28239 0.282406 0.282422 
0.385415 0.385433 0.385453 0.385474 0.385497 0.38552 0.385544 0.385568 0.385592 0.385616 0.38564 0.385663 0.385685 0.385706 0.385726 0.385744 0.38576 0.385775 0.385788 0.385798 0.385806 0.385812 0.385815 0.385816 0.385814 0.38581 0.385804 0.385795 0.385784 0.385771 0.385756 0.385739 0.385721 0.385701 0.385679 0.385657 0.385634 0.38561 0.385586 0.385561 0.385537 0.385514 0.385491 0.385468 0.385447 0.385428 0.38541 0.385393 0.385379 0.385366 0.385356 0.385348 0.385343 0.385339 0.385339 0.38534 0.385344 0.385351 0.38536 0.385371 0.385384 0.385398 
0.48071 0.480718 0.480729 0.480743 0.48076 0.48078 0.480802 0.480826 0.480851 0.480879 0.480908 0.480938 0.480969 0.481 0.481032 0.481063 0.481094 0.481124 0.481152 0.48118 0.481205 0.481229 0.48125 0.481269 0.481286 0.481299 0.48131 0.481317 0.481322 0.481323 0.481321 0.481316 0.481308 0.481297 0.481283 0.481266 0.481246 0.481225 0.4812 0.481174 0.481147 0.481118 0.481087 0.481056 0.481025 0.480994 0.480962 0.480932 0.480902 0.480873 0.480846 0.48082 0.480796 0.480775 0.480756 0.48074 0.480727 0.480716 0.480709 0.480705 0.480704 0.480705 
0.567991 0.56798 0.567973 0.56797 0.56797 0.567975 0.567983 0.567994 0.568009 0.568028 0.568049 0.568074 0.568101 0.568131 0.568162 0.568196 0.568231 0.568267 0.568304 0.568341 0.568378 0.568414 0.56845 0.568485 0.568518 0.568549 0.568578 0.568605 0.568629 0.56865 0.568667 0.568681 0.568692 0.568699 0.568703 0.568702 0.568698 0.56869 0.568679 0.568664 0.568645 0.568623 0.568599 0.568571 0.568542 0.56851 0.568476 0.568441 0.568404 0.568368 0.56833 0.568293 0.568256 0.56822 0.568186 0.568153 0.568122 0.568093 0.568066 0.568042 0.568022 0.568005 
0.647133 0.647105 0.647079 0.647056 0.647037 0.647022 0.64701 0.647003 0.646999 0.647 0.647004 0.647013 0.647025 0.647041 0.647061 0.647085 0.647111 0.647141 0.647173 0.647207 0.647244 0.647281 0.64732 0.64736 0.6474 0.647441 0.64748 0.647519 0.647556 0.647592 0.647626 0.647658 0.647687 0.647713 0.647735 0.647754 0.64777 0.647782 0.647789 0.647793 0.647793 0.647788 0.64778 0.647767 0.647751 0.647731 0.647708 0.647681 0.647651 0.647619 0.647584 0.647548 0.64751 0.64747 0.64743 0.64739 0.64735 0.64731 0.647271 0.647234 0.647198 0.647164 
0.718051 0.718013 0.717976 0.71794 0.717907 0.717876 0.717848 0.717823 0.717802 0.717783 0.717769 0.717759 0.717752 0.71775 0.717751 0.717757 0.717767 0.717781 0.717798 0.717819 0.717843 0.717871 0.717901 0.717934 0.717969 0.718006 0.718044 0.718083 0.718123 0.718163 0.718203 0.718243 0.718281 0.718318 0.718354 0.718387 0.718418 0.718446 0.718471 0.718492 0.718511 0.718525 0.718536 0.718542 0.718545 0.718543 0.718538 0.718528 0.718514 0.718497 0.718476 0.718451 0.718424 0.718393 0.71836 0.718325 0.718288 0.718249 0.71821 0.71817 0.71813 0.71809 
0.780659 0.780622 0.780585 0.780548 0.780511 0.780474 0.780439 0.780405 0.780373 0.780343 0.780316 0.780291 0.780269 0.78025 0.780235 0.780223 0.780215 0.78021 0.78021 0.780213 0.78022 0.78023 0.780244 0.780262 0.780283 0.780306 0.780333 0.780362 0.780393 0.780426 0.780461 0.780497 0.780533 0.780571 0.780608 0.780645 0.780681 0.780716 0.78075 0.780782 0.780811 0.780839 0.780864 0.780886 0.780905 0.78092 0.780932 0.78094 0.780945 0.780946 0.780943 0.780936 0.780925 0.780911 0.780894 0.780873 0.780849 0.780822 0.780793 0.780762 0.780729 0.780694 
0.834891 0.834866 0.834838 0.834809 0.834779 0.834748 0.834716 0.834684 0.834651 0.834619 0.834588 0.834558 0.834529 0.834502 0.834476 0.834453 0.834432 0.834414 0.834398 0.834385 0.834376 0.83437 0.834367 0.834367 0.83437 0.834377 0.834387 0.8344 0.834415 0.834434 0.834455 0.834479 0.834504 0.834531 0.83456 0.834591 0.834622 0.834654 0.834686 0.834718 0.834749 0.834781 0.834811 0.834839 0.834867 0.834892 0.834915 0.834936 0.834955 0.83497 0.834983 0.834993 0.834999 0.835002 0.835002 0.834999 0.834992 0.834983 0.83497 0.834954 0.834935 0.834914 
0.88072 0.88071 0.880698 0.880684 0.880667 0.880648 0.880628 0.880606 0.880582 0.880557 0.880531 0.880505 0.880478 0.880451 0.880424 0.880398 0.880372 0.880348 0.880324 0.880302 0.880282 0.880264 0.880247 0.880234 0.880222 0.880213 0.880207 0.880203 0.880202 0.880204 0.880208 0.880215 0.880225 0.880237 0.880252 0.880268 0.880287 0.880308 0.88033 0.880353 0.880378 0.880404 0.88043 0.880457 0.880484 0.88051 0.880536 0.880562 0.880587 0.88061 0.880632 0.880652 0.88067 0.880687 0.880701 0.880713 0.880722 0.880728 0.880732 0.880733 0.880731 0.880727 
0.918152 0.918158 0.918162 0.918164 0.918163 0.91816 0.918154 0.918146 0.918136 0.918123 0.918109 0.918092 0.918074 0.918055 0.918034 0.918012 0.917989 0.917966 0.917942 0.917918 0.917893 0.91787 0.917847 0.917824 0.917803 0.917783 0.917765 0.917748 0.917733 0.91772 0.917709 0.917701 0.917694 0.91769 0.917689 0.91769 0.917693 0.917699 0.917707 0.917717 0.917729 0.917744 0.91776 0.917778 0.917798 0.917818 0.91784 0.917863 0.917886 0.91791 0.917934 0.917958 0.917982 0.918005 0.918027 0.918049 0.918069 0.918087 0.918104 0.918119 0.918132 0.918143 
0.947215 0.947234 0.947252 0.947267 0.947281 0.947292 0.947301 0.947308 0.947312 0.947313 0.947312 0.947308 0.947302 0.947293 0.947282 0.947268 0.947252 0.947235 0.947215 0.947194 0.947172 0.947149 0.947124 0.947099 0.947074 0.947048 0.947023 0.946998 0.946973 0.94695 0.946927 0.946906 0.946887 0.946869 0.946854 0.94684 0.946829 0.94682 0.946814 0.94681 0.946809 0.94681 0.946814 0.94682 0.946829 0.94684 0.946854 0.946869 0.946887 0.946906 0.946927 0.94695 0.946973 0.946997 0.947022 0.947048 0.947073 0.947099 0.947124 0.947148 0.947172 0.947194 
0.967944 0.967972 0.967999 0.968025 0.96805 0.968072 0.968093 0.968111 0.968127 0.96814 0.96815 0.968158 0.968162 0.968164 0.968163 0.968158 0.968151 0.968141 0.968128 0.968112 0.968094 0.968074 0.968051 0.968027 0.968001 0.967974 0.967945 0.967916 0.967887 0.967857 0.967827 0.967798 0.96777 0.967743 0.967717 0.967692 0.96767 0.967649 0.967631 0.967616 0.967603 0.967592 0.967585 0.96758 0.967579 0.96758 0.967585 0.967592 0.967602 0.967615 0.967631 0.967649 0.96767 0.967692 0.967716 0.967742 0.96777 0.967798 0.967827 0.967856 0.967886 0.967915 
0.980369 0.980402 0.980435 0.980467 0.980498 0.980528 0.980555 0.980581 0.980604 0.980625 0.980644 0.980659 0.980671 0.98068 0.980686 0.980688 0.980687 0.980682 0.980675 0.980664 0.980649 0.980632 0.980612 0.98059 0.980565 0.980537 0.980508 0.980478 0.980446 0.980413 0.98038 0.980347 0.980313 0.98028 0.980248 0.980217 0.980188 0.98016 0.980134 0.980111 0.98009 0.980072 0.980056 0.980044 0.980035 0.98003 0.980028 0.980029 0.980034 0.980042 0.980053 0.980067 0.980084 0.980104 0.980127 0.980152 0.980179 0.980208 0.980239 0.98027 0.980303 0.980336 
0.984509 0.984544 0.984579 0.984613 0.984646 0.984678 0.984709 0.984737 0.984763 0.984787 0.984808 0.984826 0.984841 0.984853 0.984861 0.984866 0.984867 0.984865 0.984859 0.984849 0.984837 0.984821 0.984801 0.98478 0.984755 0.984728 0.984699 0.984668 0.984635 0.984601 0.984567 0.984532 0.984496 0.984461 0.984427 0.984394 0.984362 0.984331 0.984303 0.984277 0.984253 0.984232 0.984214 0.984199 0.984187 0.984179 0.984175 0.984174 0.984176 0.984182 0.984192 0.984205 0.984221 0.98424 0.984262 0.984287 0.984314 0.984343 0.984374 0.984406 0.98444 0.984474 
0.980371 0.980405 0.980438 0.980471 0.980502 0.980532 0.980561 0.980587 0.980611 0.980632 0.980651 0.980666 0.980678 0.980688 0.980693 0.980696 0.980694 0.98069 0.980682 0.98067 0.980656 0.980638 0.980618 0.980595 0.980569 0.980541 0.980512 0.98048 0.980448 0.980415 0.980381 0.980346 0.980312 0.980279 0.980246 0.980214 0.980184 0.980156 0.980129 0.980106 0.980084 0.980066 0.98005 0.980038 0.980029 0.980023 0.980021 0.980023 0.980027 0.980036 0.980047 0.980062 0.980079 0.9801 0.980123 0.980149 0.980177 0.980206 0.980238 0.98027 0.980303 0.980337 
0.967949 0.967979 0.968007 0.968035 0.96806 0.968084 0.968105 0.968125 0.968141 0.968155 0.968166 0.968174 0.968179 0.96818 0.968179 0.968174 0.968167 0.968156 0.968142 0.968126 0.968107 0.968085 0.968062 0.968036 0.968009 0.96798 0.96795 0.96792 0.967889 0.967857 0.967826 0.967796 0.967766 0.967737 0.96771 0.967684 0.96766 0.967639 0.96762 0.967603 0.967589 0.967579 0.967571 0.967566 0.967564 0.967566 0.967571 0.967579 0.967589 0.967603 0.96762 0.967639 0.96766 0.967684 0.96771 0.967737 0.967766 0.967795 0.967826 0.967857 0.967888 0.967919 
0.947228 0.947249 0.947269 0.947287 0.947302 0.947315 0.947325 0.947333 0.947337 0.94734 0.947339 0.947335 0.947329 0.947319 0.947308 0.947293 0.947277 0.947258 0.947237 0.947214 0.94719 0.947164 0.947138 0.94711 0.947082 0.947054 0.947026 0.946998 0.946971 0.946945 0.94692 0.946897 0.946875 0.946855 0.946838 0.946822 0.946809 0.946799 0.946792 0.946787 0.946785 0.946786 0.946789 0.946796 0.946805 0.946817 0.946831 0.946848 0.946867 0.946888 0.946911 0.946935 0.946961 0.946987 0.947015 0.947043 0.947071 0.947099 0.947127 0.947154 0.94718 0.947205 
0.918178 0.918187 0.918194 0.918198 0.918199 0.918197 0.918193 0.918186 0.918176 0.918164 0.918149 0.918132 0.918113 0.918092 0.918069 0.918045 0.91802 0.917994 0.917967 0.917939 0.917912 0.917885 0.917858 0.917832 0.917806 0.917782 0.91776 0.917739 0.917721 0.917704 0.91769 0.917678 0.917668 0.917662 0.917658 0.917657 0.917658 0.917663 0.91767 0.91768 0.917692 0.917707 0.917724 0.917743 0.917764 0.917786 0.917811 0.917836 0.917862 0.917889 0.917916 0.917944 0.917971 0.917998 0.918024 0.918049 0.918073 0.918096 0.918117 0.918135 0.918152 0.918166 
0.880766 0.880759 0.880749 0.880737 0.880722 0.880704 0.880683 0.880661 0.880637 0.88061 0.880583 0.880554 0.880524 0.880494 0.880464 0.880433 0.880403 0.880374 0.880346 0.880318 0.880293 0.880269 0.880247 0.880228 0.880211 0.880197 0.880185 0.880177 0.880171 0.880169 0.880169 0.880173 0.880179 0.880189 0.880202 0.880217 0.880235 0.880255 0.880278 0.880302 0.880328 0.880356 0.880384 0.880414 0.880444 0.880475 0.880505 0.880535 0.880564 0.880593 0.88062 0.880645 0.880669 0.880691 0.88071 0.880727 0.880742 0.880753 0.880762 0.880767 0.88077 0.880769 
0.834959 0.834935 0.834909 0.83488 0.83485 0.834817 0.834784 0.834749 0.834714 0.834678 0.834643 0.834608 0.834574 0.834541 0.834509 0.834479 0.834452 0.834426 0.834404 0.834384 0.834368 0.834354 0.834345 0.834338 0.834335 0.834336 0.834341 0.834349 0.83436 0.834375 0.834393 0.834414 0.834438 0.834464 0.834493 0.834523 0.834555 0.834589 0.834624 0.834659 0.834694 0.83473 0.834765 0.834799 0.834832 0.834863 0.834893 0.834921 0.834946 0.834968 0.834988 0.835005 0.835018 0.835028 0.835034 0.835037 0.835036 0.835032 0.835024 0.835012 0.834997 0.834979 
0.780743 0.780705 0.780667 0.780627 0.780587 0.780547 0.780507 0.780468 0.78043 0.780393 0.780358 0.780326 0.780296 0.780269 0.780246 0.780225 0.780209 0.780196 0.780187 0.780182 0.780182 0.780185 0.780192 0.780204 0.780219 0.780238 0.78026 0.780286 0.780314 0.780346 0.78038 0.780415 0.780453 0.780492 0.780531 0.780571 0.780612 0.780652 0.780691 0.780729 0.780765 0.7808 0.780832 0.780862 0.780889 0.780912 0.780933 0.780949 0.780962 0.780971 0.780976 0.780977 0.780973 0.780966 0.780954 0.780939 0.78092 0.780898 0.780872 0.780843 0.780812 0.780778 
0.718136 0.718093 0.718051 0.71801 0.71797 0.717932 0.717896 0.717863 0.717832 0.717805 0.717782 0.717762 0.717746 0.717734 0.717727 0.717724 0.717725 0.717731 0.71774 0.717754 0.717773 0.717794 0.71782 0.717849 0.717881 0.717916 0.717953 0.717992 0.718033 0.718075 0.718117 0.71816 0.718203 0.718246 0.718287 0.718327 0.718365 0.718401 0.718434 0.718465 0.718492 0.718515 0.718535 0.718551 0.718563 0.71857 0.718573 0.718572 0.718567 0.718557 0.718542 0.718524 0.718502 0.718476 0.718447 0.718415 0.71838 0.718342 0.718303 0.718262 0.718221 0.718178 
0.647195 0.647159 0.647125 0.647094 0.647065 0.64704 0.647019 0.647002 0.646988 0.646979 0.646974 0.646974 0.646978 0.646986 0.646998 0.647015 0.647035 0.647059 0.647087 0.647117 0.647151 0.647187 0.647225 0.647266 0.647307 0.647349 0.647392 0.647435 0.647477 0.647519 0.647559 0.647598 0.647635 0.647669 0.647701 0.647729 0.647754 0.647775 0.647793 0.647806 0.647815 0.64782 0.647821 0.647817 0.647808 0.647796 0.647779 0.647759 0.647735 0.647707 0.647676 0.647642 0.647605 0.647567 0.647527 0.647485 0.647443 0.6474 0.647357 0.647315 0.647273 0.647233 
0.568008 0.567988 0.567972 0.56796 0.567951 0.567946 0.567945 0.567948 0.567956 0.567967 0.567982 0.568 0.568022 0.568047 0.568075 0.568106 0.56814 0.568175 0.568212 0.56825 0.568289 0.568329 0.568368 0.568408 0.568446 0.568484 0.56852 0.568554 0.568586 0.568615 0.568642 0.568665 0.568685 0.568702 0.568715 0.568723 0.568728 0.568729 0.568726 0.568719 0.568707 0.568692 0.568674 0.568652 0.568626 0.568598 0.568567 0.568533 0.568498 0.56846 0.568422 0.568383 0.568343 0.568303 0.568264 0.568225 0.568188 0.568152 0.568118 0.568086 0.568057 0.568031 
0.480679 0.48068 0.480684 0.480691 0.480702 0.480715 0.480732 0.480752 0.480775 0.480799 0.480827 0.480856 0.480886 0.480918 0.480951 0.480985 0.481019 0.481053 0.481086 0.481119 0.48115 0.481181 0.481209 0.481236 0.48126 0.481282 0.481301 0.481317 0.481329 0.481339 0.481345 0.481348 0.481348 0.481344 0.481336 0.481326 0.481312 0.481295 0.481275 0.481252 0.481227 0.4812 0.481171 0.48114 0.481108 0.481075 0.481041 0.481007 0.480973 0.48094 0.480907 0.480875 0.480845 0.480817 0.48079 0.480766 0.480745 0.480726 0.480711 0.480698 0.480688 0.480682 
0.385356 0.385371 0.385388 0.385407 0.385428 0.385451 0.385475 0.3855 0.385526 0.385552 0.385579 0.385605 0.385631 0.385657 0.385682 0.385706 0.385728 0.385749 0.385768 0.385786 0.385801 0.385814 0.385824 0.385832 0.385837 0.385839 0.385839 0.385836 0.385831 0.385823 0.385812 0.385799 0.385784 0.385766 0.385747 0.385726 0.385703 0.385679 0.385654 0.385628 0.385602 0.385575 0.385548 0.385522 0.385497 0.385472 0.385448 0.385426 0.385405 0.385386 0.385369 0.385354 0.385341 0.385331 0.385323 0.385318 0.385316 0.385316 0.385319 0.385325 0.385333 0.385343 
0.282386 0.282404 0.282422 0.282441 0.28246 0.282479 0.282497 0.282516 0.282533 0.28255 0.282566 0.28258 0.282594 0.282605 0.282616 0.282624 0.282631 0.282636 0.282639 0.28264 0.282639 0.282637 0.282632 0.282626 0.282618 0.282608 0.282597 0.282584 0.282569 0.282554 0.282538 0.28252 0.282502 0.282484 0.282465 0.282446 0.282427 0.282408 0.28239 0.282373 0.282356 0.282341 0.282326 0.282313 0.282301 0.282291 0.282283 0.282276 0.282271 0.282268 0.282267 0.282268 0.282271 0.282275 0.282282 0.28229 0.2823 0.282311 0.282324 0.282338 0.282353 0.282369 
0.172677 0.172688 0.172698 0.172708 0.172718 0.172727 0.172735 0.172742 0.172748 0.172753 0.172757 0.17276 0.172762 0.172763 0.172763 0.172761 0.172759 0.172755 0.17275 0.172744 0.172738 0.17273 0.172721 0.172712 0.172703 0.172692 0.172681 0.17267 0.172659 0.172648 0.172637 0.172625 0.172615 0.172604 0.172594 0.172585 0.172576 0.172568 0.172561 0.172555 0.17255 0.172546 0.172543 0.172541 0.17254 0.172541 0.172542 0.172545 0.172548 0.172553 0.172559 0.172566 0.172574 0.172582 0.172591 0.172601 0.172611 0.172622 0.172633 0.172644 0.172655 0.172666 
0.0581493 0.0581518 0.058154 0.058156 0.0581577 0.0581591 0.0581601 0.0581609 0.0581613 0.0581613 0.0581611 0.0581605 0.0581595 0.0581583 0.0581567 0.0581548 0.0581527 0.0581503 0.0581478 0.0581449 0.058142 0.0581389 0.0581356 0.0581324 0.058129 0.0581257 0.0581224 0.0581191 0.0581159 0.0581129 0.05811 0.0581073 0.0581049 0.0581027 0.0581007 0.058099 0.0580976 0.0580966 0.0580959 0.0580955 0.0580954 0.0580957 0.0580963 0.0580972 0.0580985 0.0581001 0.0581019 0.058104 0.0581064 0.058109 0.0581118 0.0581148 0.0581179 0.0581211 0.0581243 0.0581276 0.0581309 0.0581342 0.0581373 0.0581405 0.0581434 0.0581464 
