0.0435028 0.0435028 0.0435028 0.0435028 0.0435028 0.0435028 0.0435028 0.0435028 0.0435028 0.0435028 0.0435028 0.0435028 0.0435028 0.0435028 0.0435027 0.0435027 0.0435027 0.0435027 0.0435027 0.0435027 0.0435027 0.0435027 0.0435027 0.0435027 0.0435027 0.0435027 0.0435027 0.0435027 0.0435027 0.0435027 0.0435027 0.0435027 0.0435027 0.0435027 0.0435027 0.0435027 0.0435027 0.0435027 0.0435027 0.0435027 0.0435027 0.0435027 0.0435028 0.0435028 0.0435028 0.0435028 0.0435028 0.0435028 0.0435028 0.0435028 0.0435028 0.0435028 0.0435028 0.0435028 0.0435028 0.0435028 0.0435028 0.0435028 0.0435028 0.0435028 0.0435028 0.0435028 
0.129983 0.129983 0.129983 0.129983 0.129983 0.129983 0.129983 0.129983 0.129983 0.129983 0.129983 0.129983 0.129983 0.129983 0.129983 0.129983 0.129983 0.129983 0.129983 0.129983 0.129983 0.129983 0.129983 0.129983 0.129983 0.129983 0.129983 0.129983 0.129983 0.129983 0.129983 0.129983 0.129983 0.129983 0.129983 0.129983 0.129983 0.129983 0.129983 0.129983 0.129983 0.129983 0.129983 0.129983 0.129983 0.129983 0.129983 0.129983 0.129983 0.129983 0.129983 0.129983 0.129983 0.129984 0.129984 0.129984 0.129984 0.129984 0.129983 0.129983 0.129983 0.129983 
0.214903 0.214902 0.214902 0.214902 0.214902 0.214902 0.214902 0.214902 0.214902 0.214902 0.214902 0.214902 0.214902 0.214902 0.214902 0.214902 0.214902 0.214902 0.214902 0.214902 0.214902 0.214902 0.214902 0.214902 0.214902 0.214902 0.214902 0.214902 0.214902 0.214902 0.214902 0.214902 0.214902 0.214902 0.214902 0.214902 0.214902 0.214902 0.214902 0.214902 0.214902 0.214902 0.214902 0.214902 0.214902 0.214902 0.214902 0.214902 0.214903 0.214903 0.214903 0.214903 0.214903 0.214903 0.214903 0.214903 0.214903 0.214903 0.214903 0.214903 0.214903 0.214903 
0.297262 0.297262 0.297262 0.297262 0.297262 0.297262 0.297262 0.297262 0.297262 0.297262 0.297261 0.297261 0.297261 0.297261 0.297261 0.297261 0.297261 0.297261 0.297261 0.297261 0.297261 0.297261 0.297261 0.297261 0.297261 0.297261 0.297261 0.297261 0.297261 0.297261 0.297261 0.297261 0.297261 0.297261 0.297261 0.297261 0.297261 0.297261 0.297261 0.297261 0.297261 0.297261 0.297261 0.297261 0.297262 0.297262 0.297262 0.297262 0.297262 0.297262 0.297262 0.297262 0.297262 0.297262 0.297262 0.297262 0.297262 0.297262 0.297262 0.297262 0.297262 0.297262 
0.376123 0.376123 0.376123 0.376123 0.376123 0.376123 0.376123 0.376123 0.376123 0.376123 0.376123 0.376123 0.376123 0.376123 0.376123 0.376123 0.376123 0.376123 0.376123 0.376123 0.376123 0.376123 0.376123 0.376123 0.376123 0.376123 0.376123 0.376123 0.376123 0.376123 0.376123 0.376123 0.376123 0.376123 0.376123 0.376123 0.376123 0.376123 0.376123 0.376123 0.376123 0.376123 0.376123 0.376123 0.376123 0.376123 0.376123 0.376123 0.376123 0.376123 0.376123 0.376123 0.376123 0.376123 0.376123 0.376123 0.376123 0.376123 0.376123 0.376123 0.376123 0.376123 
0.450629 0.450629 0.450629 0.450629 0.450629 0.450629 0.450629 0.450629 0.450629 0.450629 0.450629 0.450629 0.450629 0.450629 0.450629 0.450629 0.450629 0.450629 0.450629 0.450629 0.450629 0.450629 0.450629 0.450629 0.450629 0.450629 0.450629 0.450629 0.450629 0.450629 0.450629 0.450629 0.450629 0.450629 0.450629 0.450629 0.450629 0.450629 0.450629 0.450629 0.450629 0.450629 0.450629 0.450629 0.450629 0.450629 0.450629 0.450629 0.450629 0.450629 0.450629 0.450629 0.450629 0.450629 0.450629 0.450629 0.450629 0.450629 0.450629 0.450629 0.450629 0.450629 
0.520012 0.520011 0.520011 0.520011 0.520011 0.520011 0.520011 0.520011 0.520011 0.520011 0.520011 0.520011 0.520011 0.520011 0.520011 0.520011 0.520011 0.520011 0.520011 0.520011 0.520011 0.520011 0.520011 0.520012 0.520012 0.520012 0.520012 0.520012 0.520012 0.520012 0.520012 0.520012 0.520012 0.520013 0.520013 0.520013 0.520013 0.520013 0.520013 0.520013 0.520013 0.520013 0.520013 0.520013 0.520013 0.520013 0.520013 0.520013 0.520013 0.520013 0.520013 0.520013 0.520013 0.520013 0.520012 0.520012 0.520012 0.520012 0.520012 0.520012 0.520012 0.520012 
0.583605 0.583605 0.583604 0.583604 0.583604 0.583604 0.583604 0.583603 0.583603 0.583603 0.583603 0.583603 0.583603 0.583603 0.583603 0.583603 0.583603 0.583603 0.583603 0.583603 0.583603 0.583603 0.583603 0.583603 0.583603 0.583603 0.583604 0.583604 0.583604 0.583604 0.583604 0.583605 0.583605 0.583605 0.583605 0.583605 0.583606 0.583606 0.583606 0.583606 0.583606 0.583606 0.583606 0.583607 0.583607 0.583607 0.583607 0.583607 0.583607 0.583607 0.583607 0.583607 0.583606 0.583606 0.583606 0.583606 0.583606 0.583606 0.583606 0.583605 0.583605 0.583605 
0.640842 0.640841 0.640841 0.640841 0.64084 0.64084 0.64084 0.640839 0.640839 0.640839 0.640838 0.640838 0.640838 0.640837 0.640837 0.640837 0.640837 0.640837 0.640837 0.640837 0.640837 0.640837 0.640837 0.640837 0.640837 0.640837 0.640837 0.640837 0.640838 0.640838 0.640838 0.640838 0.640839 0.640839 0.640839 0.64084 0.64084 0.64084 0.640841 0.640841 0.640841 0.640842 0.640842 0.640842 0.640842 0.640843 0.640843 0.640843 0.640843 0.640843 0.640843 0.640843 0.640843 0.640843 0.640843 0.640843 0.640843 0.640843 0.640843 0.640842 0.640842 0.640842 
0.691252 0.691252 0.691252 0.691251 0.691251 0.69125 0.69125 0.691249 0.691249 0.691248 0.691248 0.691248 0.691247 0.691247 0.691246 0.691246 0.691246 0.691245 0.691245 0.691245 0.691244 0.691244 0.691244 0.691244 0.691244 0.691244 0.691244 0.691244 0.691244 0.691245 0.691245 0.691245 0.691245 0.691246 0.691246 0.691246 0.691247 0.691247 0.691248 0.691248 0.691249 0.691249 0.69125 0.69125 0.691251 0.691251 0.691251 0.691252 0.691252 0.691252 0.691253 0.691253 0.691253 0.691253 0.691253 0.691253 0.691253 0.691253 0.691253 0.691253 0.691253 0.691252 
0.734458 0.734457 0.734457 0.734457 0.734457 0.734456 0.734456 0.734455 0.734455 0.734454 0.734454 0.734453 0.734453 0.734452 0.734451 0.734451 0.73445 0.73445 0.734449 0.734449 0.734449 0.734448 0.734448 0.734448 0.734447 0.734447 0.734447 0.734447 0.734447 0.734447 0.734447 0.734447 0.734448 0.734448 0.734448 0.734449 0.734449 0.734449 0.73445 0.73445 0.734451 0.734451 0.734452 0.734453 0.734453 0.734454 0.734454 0.734455 0.734455 0.734456 0.734456 0.734457 0.734457 0.734457 0.734457 0.734458 0.734458 0.734458 0.734458 0.734458 0.734458 0.734458 
0.770161 0.770161 0.770161 0.770161 0.770161 0.77016 0.77016 0.77016 0.770159 0.770159 0.770158 0.770158 0.770157 0.770157 0.770156 0.770156 0.770155 0.770154 0.770154 0.770153 0.770153 0.770152 0.770152 0.770152 0.770151 0.770151 0.770151 0.770151 0.77015 0.77015 0.77015 0.77015 0.77015 0.770151 0.770151 0.770151 0.770151 0.770152 0.770152 0.770152 0.770153 0.770153 0.770154 0.770154 0.770155 0.770156 0.770156 0.770157 0.770157 0.770158 0.770158 0.770159 0.770159 0.77016 0.77016 0.77016 0.770161 0.770161 0.770161 0.770161 0.770161 0.770161 
0.798139 0.798139 0.798139 0.798139 0.798139 0.798138 0.798138 0.798138 0.798138 0.798137 0.798137 0.798136 0.798136 0.798136 0.798135 0.798135 0.798134 0.798134 0.798133 0.798133 0.798133 0.798132 0.798132 0.798131 0.798131 0.798131 0.798131 0.79813 0.79813 0.79813 0.79813 0.79813 0.79813 0.79813 0.79813 0.79813 0.79813 0.798131 0.798131 0.798131 0.798132 0.798132 0.798132 0.798133 0.798133 0.798134 0.798134 0.798135 0.798135 0.798135 0.798136 0.798136 0.798137 0.798137 0.798137 0.798138 0.798138 0.798138 0.798138 0.798139 0.798139 0.798139 
0.818229 0.818229 0.818229 0.818229 0.818228 0.818228 0.818228 0.818228 0.818228 0.818228 0.818227 0.818227 0.818227 0.818227 0.818226 0.818226 0.818226 0.818226 0.818225 0.818225 0.818225 0.818225 0.818225 0.818224 0.818224 0.818224 0.818224 0.818224 0.818224 0.818224 0.818224 0.818224 0.818224 0.818224 0.818224 0.818224 0.818224 0.818225 0.818225 0.818225 0.818225 0.818225 0.818226 0.818226 0.818226 0.818226 0.818227 0.818227 0.818227 0.818227 0.818228 0.818228 0.818228 0.818228 0.818228 0.818228 0.818229 0.818229 0.818229 0.818229 0.818229 0.818229 
0.830323 0.830323 0.830323 0.830322 0.830322 0.830322 0.830322 0.830322 0.830322 0.830322 0.830322 0.830322 0.830322 0.830321 0.830321 0.830321 0.830321 0.830322 0.830322 0.830322 0.830322 0.830322 0.830322 0.830322 0.830322 0.830322 0.830322 0.830323 0.830323 0.830323 0.830323 0.830323 0.830323 0.830324 0.830324 0.830324 0.830324 0.830324 0.830324 0.830324 0.830324 0.830325 0.830325 0.830325 0.830325 0.830325 0.830325 0.830325 0.830325 0.830325 0.830325 0.830324 0.830324 0.830324 0.830324 0.830324 0.830324 0.830324 0.830324 0.830323 0.830323 0.830323 
0.834359 0.834359 0.834359 0.834358 0.834358 0.834358 0.834358 0.834358 0.834358 0.834358 0.834358 0.834358 0.834358 0.834359 0.834359 0.834359 0.83436 0.83436 0.83436 0.834361 0.834361 0.834361 0.834362 0.834362 0.834363 0.834363 0.834363 0.834364 0.834364 0.834364 0.834365 0.834365 0.834365 0.834366 0.834366 0.834366 0.834366 0.834366 0.834366 0.834366 0.834366 0.834366 0.834366 0.834366 0.834366 0.834365 0.834365 0.834365 0.834364 0.834364 0.834364 0.834363 0.834363 0.834362 0.834362 0.834362 0.834361 0.834361 0.83436 0.83436 0.83436 0.834359 
0.830318 0.830317 0.830317 0.830317 0.830317 0.830317 0.830317 0.830317 0.830317 0.830318 0.830318 0.830318 0.830319 0.830319 0.83032 0.83032 0.830321 0.830321 0.830322 0.830323 0.830323 0.830324 0.830325 0.830325 0.830326 0.830326 0.830327 0.830327 0.830328 0.830328 0.830329 0.830329 0.830329 0.830329 0.83033 0.83033 0.83033 0.83033 0.830329 0.830329 0.830329 0.830329 0.830328 0.830328 0.830327 0.830327 0.830326 0.830326 0.830325 0.830325 0.830324 0.830323 0.830323 0.830322 0.830321 0.830321 0.83032 0.83032 0.830319 0.830319 0.830318 0.830318 
0.818219 0.818219 0.818219 0.818219 0.818219 0.818219 0.81822 0.81822 0.818221 0.818221 0.818222 0.818222 0.818223 0.818224 0.818224 0.818225 0.818226 0.818227 0.818228 0.818228 0.818229 0.81823 0.818231 0.818231 0.818232 0.818232 0.818233 0.818233 0.818234 0.818234 0.818234 0.818234 0.818235 0.818235 0.818234 0.818234 0.818234 0.818234 0.818233 0.818233 0.818232 0.818232 0.818231 0.81823 0.81823 0.818229 0.818228 0.818227 0.818227 0.818226 0.818225 0.818224 0.818224 0.818223 0.818222 0.818222 0.818221 0.818221 0.81822 0.81822 0.818219 0.818219 
0.798127 0.798127 0.798127 0.798128 0.798128 0.798129 0.798129 0.79813 0.798131 0.798131 0.798132 0.798133 0.798134 0.798135 0.798136 0.798136 0.798137 0.798138 0.798139 0.798139 0.79814 0.798141 0.798141 0.798142 0.798142 0.798143 0.798143 0.798143 0.798143 0.798143 0.798143 0.798143 0.798143 0.798142 0.798142 0.798141 0.798141 0.79814 0.79814 0.798139 0.798138 0.798137 0.798137 0.798136 0.798135 0.798134 0.798133 0.798133 0.798132 0.798131 0.79813 0.79813 0.798129 0.798128 0.798128 0.798128 0.798127 0.798127 0.798127 0.798127 0.798127 0.798127 
0.77015 0.770151 0.770151 0.770152 0.770153 0.770154 0.770154 0.770155 0.770156 0.770157 0.770158 0.770158 0.770159 0.77016 0.770161 0.770161 0.770162 0.770162 0.770163 0.770163 0.770164 0.770164 0.770164 0.770164 0.770164 0.770164 0.770164 0.770164 0.770164 0.770163 0.770163 0.770162 0.770162 0.770161 0.770161 0.77016 0.770159 0.770158 0.770158 0.770157 0.770156 0.770155 0.770155 0.770154 0.770153 0.770152 0.770152 0.770151 0.77015 0.77015 0.77015 0.770149 0.770149 0.770149 0.770149 0.770149 0.770149 0.770149 0.770149 0.770149 0.770149 0.77015 
0.734451 0.734452 0.734452 0.734453 0.734454 0.734454 0.734455 0.734456 0.734456 0.734457 0.734458 0.734458 0.734459 0.734459 0.734459 0.73446 0.73446 0.73446 0.73446 0.73446 0.73446 0.73446 0.73446 0.73446 0.734459 0.734459 0.734459 0.734458 0.734457 0.734457 0.734456 0.734456 0.734455 0.734454 0.734454 0.734453 0.734452 0.734451 0.734451 0.73445 0.734449 0.734449 0.734448 0.734448 0.734447 0.734447 0.734447 0.734447 0.734446 0.734446 0.734446 0.734446 0.734446 0.734447 0.734447 0.734447 0.734448 0.734448 0.734448 0.734449 0.73445 0.73445 
0.691251 0.691251 0.691252 0.691252 0.691253 0.691253 0.691254 0.691254 0.691254 0.691255 0.691255 0.691255 0.691255 0.691255 0.691255 0.691255 0.691255 0.691255 0.691255 0.691254 0.691254 0.691253 0.691253 0.691253 0.691252 0.691252 0.691251 0.69125 0.69125 0.691249 0.691249 0.691248 0.691247 0.691247 0.691246 0.691246 0.691245 0.691245 0.691245 0.691244 0.691244 0.691244 0.691244 0.691244 0.691243 0.691243 0.691244 0.691244 0.691244 0.691244 0.691244 0.691245 0.691245 0.691246 0.691246 0.691247 0.691247 0.691248 0.691248 0.691249 0.69125 0.69125 
0.640844 0.640844 0.640845 0.640845 0.640845 0.640845 0.640845 0.640845 0.640845 0.640845 0.640845 0.640845 0.640845 0.640845 0.640844 0.640844 0.640844 0.640843 0.640843 0.640842 0.640842 0.640842 0.640841 0.640841 0.64084 0.64084 0.640839 0.640839 0.640838 0.640838 0.640838 0.640837 0.640837 0.640837 0.640837 0.640836 0.640836 0.640836 0.640836 0.640836 0.640836 0.640836 0.640836 0.640837 0.640837 0.640837 0.640837 0.640838 0.640838 0.640839 0.640839 0.640839 0.64084 0.64084 0.640841 0.640841 0.640842 0.640842 0.640843 0.640843 0.640843 0.640844 
0.583609 0.583609 0.583609 0.583609 0.583608 0.583608 0.583608 0.583608 0.583608 0.583608 0.583607 0.583607 0.583607 0.583607 0.583606 0.583606 0.583606 0.583605 0.583605 0.583605 0.583604 0.583604 0.583604 0.583604 0.583603 0.583603 0.583603 0.583603 0.583603 0.583602 0.583602 0.583602 0.583602 0.583602 0.583602 0.583602 0.583602 0.583603 0.583603 0.583603 0.583603 0.583603 0.583604 0.583604 0.583604 0.583604 0.583605 0.583605 0.583605 0.583606 0.583606 0.583606 0.583607 0.583607 0.583607 0.583608 0.583608 0.583608 0.583608 0.583608 0.583608 0.583609 
0.520014 0.520014 0.520014 0.520014 0.520014 0.520014 0.520014 0.520014 0.520013 0.520013 0.520013 0.520013 0.520013 0.520012 0.520012 0.520012 0.520012 0.520012 0.520011 0.520011 0.520011 0.520011 0.520011 0.520011 0.520011 0.520011 0.520011 0.520011 0.520011 0.520011 0.520011 0.520011 0.520011 0.520011 0.520011 0.520011 0.520012 0.520012 0.520012 0.520012 0.520012 0.520012 0.520013 0.520013 0.520013 0.520013 0.520013 0.520014 0.520014 0.520014 0.520014 0.520014 0.520014 0.520014 0.520015 0.520015 0.520015 0.520015 0.520015 0.520015 0.520015 0.520015 
0.45063 0.45063 0.45063 0.45063 0.45063 0.45063 0.45063 0.450629 0.450629 0.450629 0.450629 0.450629 0.450629 0.450629 0.450629 0.450629 0.450629 0.450629 0.450629 0.450628 0.450628 0.450628 0.450628 0.450628 0.450629 0.450629 0.450629 0.450629 0.450629 0.450629 0.450629 0.450629 0.450629 0.450629 0.450629 0.450629 0.450629 0.45063 0.45063 0.45063 0.45063 0.45063 0.45063 0.45063 0.45063 0.45063 0.45063 0.45063 0.450631 0.450631 0.450631 0.450631 0.450631 0.450631 0.450631 0.450631 0.450631 0.45063 0.45063 0.45063 0.45063 0.45063 
0.376124 0.376124 0.376124 0.376124 0.376124 0.376124 0.376124 0.376123 0.376123 0.376123 0.376123 0.376123 0.376123 0.376123 0.376123 0.376123 0.376123 0.376123 0.376123 0.376123 0.376123 0.376123 0.376123 0.376123 0.376123 0.376123 0.376123 0.376123 0.376124 0.376124 0.376124 0.376124 0.376124 0.376124 0.376124 0.376124 0.376124 0.376124 0.376124 0.376124 0.376124 0.376124 0.376124 0.376124 0.376124 0.376124 0.376124 0.376124 0.376124 0.376124 0.376124 0.376124 0.376124 0.376124 0.376124 0.376124 0.376124 0.376124 0.376124 0.376124 0.376124 0.376124 
0.297262 0.297262 0.297262 0.297262 0.297262 0.297262 0.297262 0.297262 0.297262 0.297262 0.297262 0.297262 0.297262 0.297262 0.297262 0.297262 0.297262 0.297262 0.297262 0.297262 0.297262 0.297262 0.297262 0.297262 0.297262 0.297262 0.297262 0.297262 0.297262 0.297262 0.297262 0.297262 0.297262 0.297262 0.297262 0.297262 0.297262 0.297262 0.297262 0.297262 0.297262 0.297262 0.297262 0.297262 0.297262 0.297262 0.297262 0.297262 0.297262 0.297262 0.297262 0.297262 0.297262 0.297262 0.297262 0.297262 0.297262 0.297262 0.297262 0.297262 0.297262 0.297262 
0.214903 0.214903 0.214903 0.214903 0.214903 0.214903 0.214903 0.214903 0.214903 0.214903 0.214903 0.214903 0.214903 0.214903 0.214903 0.214903 0.214903 0.214903 0.214903 0.214903 0.214903 0.214903 0.214903 0.214903 0.214903 0.214903 0.214903 0.214903 0.214903 0.214903 0.214903 0.214903 0.214903 0.214903 0.214903 0.214903 0.214903 0.214903 0.214903 0.214903 0.214903 0.214903 0.214903 0.214903 0.214903 0.214903 0.214903 0.214903 0.214903 0.214903 0.214903 0.214903 0.214903 0.214903 0.214903 0.214903 0.214903 0.214903 0.214903 0.214903 0.214903 0.214903 
0.129984 0.129984 0.129984 0.129984 0.129984 0.129984 0.129984 0.129984 0.129984 0.129984 0.129984 0.129984 0.129984 0.129984 0.129984 0.129984 0.129984 0.129984 0.129984 0.129984 0.129984 0.129984 0.129984 0.129983 0.129983 0.129983 0.129983 0.129983 0.129983 0.129983 0.129983 0.129983 0.129983 0.129983 0.129983 0.129983 0.129983 0.129983 0.129984 0.129984 0.129984 0.129984 0.129984 0.129984 0.129984 0.129984 0.129984 0.129984 0.129984 0.129984 0.129984 0.129984 0.129984 0.129984 0.129984 0.129984 0.129984 0.129984 0.129984 0.129984 0.129984 0.129984 
0.0435029 0.0435029 0.0435029 0.0435029 0.0435029 0.0435029 0.0435029 0.0435029 0.0435029 0.0435029 0.0435029 0.0435029 0.0435029 0.0435029 0.0435028 0.0435028 0.0435028 0.0435028 0.0435028 0.0435028 0.0435028 0.0435028 0.0435028 0.0435028 0.0435028 0.0435028 0.0435028 0.0435028 0.0435028 0.0435028 0.0435028 0.0435028 0.0435028 0.0435028 0.0435028 0.0435028 0.0435028 0.0435028 0.0435028 0.0435028 0.0435028 0.0435028 0.0435028 0.0435028 0.0435028 0.0435028 0.0435028 0.0435028 0.0435028 0.0435028 0.0435028 0.0435029 0.0435029 0.0435029 0.0435029 0.0435029 0.0435029 0.0435029 0.0435029 0.0435029 0.0435029 0.0435029 
