0.0577444 0.0577459 0.0577471 0.0577482 0.057749 0.0577496 0.0577499 0.05775 0.0577498 0.0577494 0.0577487 0.0577478 0.0577467 0.0577453 0.0577437 0.057742 0.0577401 0.057738 0.0577359 0.0577336 0.0577312 0.0577288 0.0577263 0.0577239 0.0577214 0.057719 0.0577167 0.0577144 0.0577123 0.0577103 0.0577085 0.0577068 0.0577054 0.0577041 0.0577031 0.0577023 0.0577017 0.0577014 0.0577014 0.0577016 0.057702 0.0577027 0.0577036 0.0577047 0.0577061 0.0577076 0.0577094 0.0577113 0.0577133 0.0577155 0.0577178 0.0577202 0.0577226 0.057725 0.0577275 0.0577299 0.0577323 0.0577345 0.0577367 0.0577388 0.0577407 0.0577427 
0.171566 0.171574 0.171582 0.17159 0.171597 0.171603 0.171609 0.171614 0.171619 0.171623 0.171626 0.171628 0.171629 0.17163 0.17163 0.171628 0.171626 0.171624 0.17162 0.171616 0.171611 0.171605 0.171599 0.171592 0.171585 0.171578 0.17157 0.171562 0.171553 0.171545 0.171537 0.171529 0.171521 0.171513 0.171506 0.171499 0.171492 0.171487 0.171481 0.171477 0.171473 0.17147 0.171468 0.171467 0.171466 0.171466 0.171467 0.171469 0.171472 0.171476 0.17148 0.171485 0.171491 0.171497 0.171504 0.171511 0.171518 0.171526 0.171534 0.171542 0.17155 0.171558 
0.280812 0.280826 0.280839 0.280854 0.280868 0.280883 0.280898 0.280912 0.280927 0.28094 0.280953 0.280966 0.280977 0.280987 0.280996 0.281004 0.281011 0.281016 0.28102 0.281023 0.281024 0.281023 0.281021 0.281018 0.281013 0.281007 0.280999 0.28099 0.28098 0.280969 0.280958 0.280945 0.280931 0.280917 0.280903 0.280889 0.280874 0.280859 0.280845 0.280831 0.280817 0.280804 0.280792 0.280781 0.280771 0.280761 0.280753 0.280747 0.280742 0.280738 0.280735 0.280734 0.280735 0.280737 0.28074 0.280745 0.280752 0.280759 0.280768 0.280778 0.280789 0.2808 
0.38355 0.383559 0.38357 0.383582 0.383597 0.383613 0.383631 0.38365 0.38367 0.383691 0.383712 0.383734 0.383756 0.383778 0.3838 0.383821 0.383841 0.383861 0.383879 0.383896 0.383911 0.383925 0.383937 0.383948 0.383956 0.383962 0.383966 0.383967 0.383967 0.383964 0.383959 0.383952 0.383943 0.383932 0.383919 0.383904 0.383888 0.38387 0.383851 0.383831 0.383811 0.383789 0.383767 0.383745 0.383723 0.383702 0.383681 0.38366 0.383641 0.383623 0.383606 0.38359 0.383576 0.383564 0.383554 0.383546 0.38354 0.383536 0.383535 0.383535 0.383538 0.383543 
0.478796 0.478789 0.478786 0.478785 0.478787 0.478792 0.4788 0.478811 0.478825 0.478841 0.47886 0.47888 0.478903 0.478928 0.478954 0.478982 0.47901 0.479039 0.479069 0.479098 0.479127 0.479156 0.479184 0.479211 0.479236 0.47926 0.479282 0.479302 0.479319 0.479334 0.479347 0.479356 0.479363 0.479367 0.479368 0.479366 0.47936 0.479352 0.479342 0.479328 0.479312 0.479293 0.479272 0.479249 0.479224 0.479198 0.479171 0.479142 0.479113 0.479083 0.479054 0.479025 0.478996 0.478968 0.478941 0.478915 0.478892 0.47887 0.47885 0.478833 0.478818 0.478806 
0.566131 0.566105 0.566081 0.56606 0.566042 0.566027 0.566016 0.566008 0.566004 0.566004 0.566007 0.566014 0.566024 0.566038 0.566055 0.566075 0.566098 0.566124 0.566152 0.566182 0.566214 0.566247 0.566282 0.566318 0.566353 0.566389 0.566425 0.56646 0.566494 0.566526 0.566557 0.566586 0.566612 0.566636 0.566657 0.566675 0.566689 0.566701 0.566709 0.566713 0.566713 0.56671 0.566704 0.566693 0.56668 0.566663 0.566642 0.566619 0.566593 0.566565 0.566535 0.566503 0.566469 0.566434 0.566398 0.566362 0.566326 0.566291 0.566256 0.566222 0.56619 0.566159 
0.645346 0.645307 0.64527 0.645233 0.645198 0.645165 0.645135 0.645107 0.645083 0.645061 0.645044 0.64503 0.64502 0.645014 0.645011 0.645013 0.645019 0.645029 0.645043 0.645061 0.645082 0.645106 0.645134 0.645164 0.645197 0.645231 0.645268 0.645306 0.645345 0.645385 0.645424 0.645464 0.645503 0.645541 0.645578 0.645613 0.645645 0.645676 0.645703 0.645728 0.645749 0.645767 0.645781 0.645791 0.645797 0.645799 0.645797 0.645791 0.645781 0.645768 0.64575 0.645729 0.645704 0.645677 0.645646 0.645614 0.645579 0.645542 0.645504 0.645465 0.645425 0.645385 
0.716294 0.716256 0.716216 0.716175 0.716135 0.716094 0.716054 0.716015 0.715978 0.715942 0.715909 0.715878 0.715849 0.715824 0.715803 0.715785 0.71577 0.71576 0.715754 0.715752 0.715754 0.71576 0.71577 0.715784 0.715802 0.715823 0.715848 0.715876 0.715907 0.71594 0.715975 0.716012 0.716051 0.716091 0.716131 0.716172 0.716212 0.716252 0.71629 0.716328 0.716363 0.716397 0.716427 0.716456 0.716481 0.716502 0.71652 0.716535 0.716545 0.716551 0.716554 0.716552 0.716546 0.716536 0.716522 0.716504 0.716483 0.716458 0.71643 0.716399 0.716366 0.716331 
0.778865 0.778839 0.77881 0.778778 0.778745 0.778709 0.778673 0.778635 0.778597 0.778559 0.778521 0.778483 0.778447 0.778412 0.778379 0.778348 0.778319 0.778293 0.77827 0.778251 0.778234 0.778221 0.778213 0.778207 0.778206 0.778209 0.778215 0.778225 0.778239 0.778256 0.778277 0.778301 0.778327 0.778356 0.778388 0.778422 0.778457 0.778493 0.778531 0.778568 0.778606 0.778644 0.778681 0.778717 0.778752 0.778785 0.778816 0.778845 0.778871 0.778893 0.778913 0.77893 0.778942 0.778952 0.778957 0.778959 0.778956 0.77895 0.77894 0.778926 0.778909 0.778889 
0.833008 0.832999 0.832987 0.832972 0.832954 0.832933 0.83291 0.832884 0.832856 0.832827 0.832796 0.832764 0.832731 0.832698 0.832665 0.832632 0.8326 0.832568 0.832538 0.832509 0.832483 0.832458 0.832436 0.832416 0.832399 0.832385 0.832374 0.832367 0.832363 0.832362 0.832364 0.83237 0.832379 0.832392 0.832407 0.832425 0.832446 0.832469 0.832495 0.832523 0.832552 0.832583 0.832614 0.832647 0.83268 0.832713 0.832746 0.832778 0.832809 0.832839 0.832868 0.832895 0.832919 0.832941 0.832961 0.832978 0.832992 0.833003 0.833011 0.833015 0.833016 0.833014 
0.878727 0.878735 0.87874 0.878742 0.878741 0.878738 0.878732 0.878723 0.878711 0.878697 0.878681 0.878663 0.878642 0.87862 0.878597 0.878572 0.878546 0.878519 0.878492 0.878464 0.878437 0.87841 0.878384 0.878358 0.878334 0.878311 0.87829 0.87827 0.878253 0.878238 0.878226 0.878216 0.878208 0.878204 0.878202 0.878202 0.878206 0.878212 0.878221 0.878233 0.878247 0.878263 0.878282 0.878302 0.878324 0.878347 0.878372 0.878398 0.878425 0.878452 0.878479 0.878506 0.878533 0.878559 0.878585 0.878609 0.878632 0.878653 0.878672 0.87869 0.878705 0.878717 
0.916061 0.91608 0.916097 0.916113 0.916126 0.916138 0.916148 0.916155 0.91616 0.916163 0.916163 0.916161 0.916157 0.91615 0.916141 0.91613 0.916116 0.916101 0.916084 0.916066 0.916046 0.916025 0.916002 0.91598 0.915956 0.915933 0.915909 0.915886 0.915863 0.91584 0.915819 0.915799 0.91578 0.915763 0.915747 0.915734 0.915722 0.915713 0.915705 0.9157 0.915698 0.915698 0.9157 0.915705 0.915711 0.915721 0.915732 0.915745 0.91576 0.915777 0.915796 0.915815 0.915836 0.915858 0.915881 0.915904 0.915928 0.915951 0.915975 0.915998 0.91602 0.916041 
0.945055 0.945079 0.945103 0.945127 0.94515 0.945172 0.945193 0.945213 0.945231 0.945248 0.945263 0.945275 0.945286 0.945294 0.9453 0.945303 0.945304 0.945303 0.945299 0.945293 0.945284 0.945273 0.94526 0.945245 0.945228 0.945209 0.945189 0.945168 0.945145 0.945122 0.945098 0.945074 0.94505 0.945026 0.945002 0.944979 0.944957 0.944936 0.944916 0.944898 0.944882 0.944867 0.944854 0.944844 0.944836 0.94483 0.944827 0.944826 0.944828 0.944832 0.944838 0.944847 0.944858 0.944871 0.944886 0.944902 0.944921 0.944941 0.944962 0.944984 0.945008 0.945031 
0.965746 0.965771 0.965797 0.965824 0.965852 0.96588 0.965908 0.965936 0.965963 0.965989 0.966014 0.966037 0.966059 0.966079 0.966097 0.966113 0.966126 0.966136 0.966144 0.96615 0.966152 0.966151 0.966148 0.966142 0.966133 0.966122 0.966108 0.966091 0.966073 0.966052 0.966029 0.966005 0.96598 0.965953 0.965926 0.965898 0.96587 0.965842 0.965815 0.965788 0.965762 0.965737 0.965713 0.965691 0.965672 0.965654 0.965638 0.965625 0.965615 0.965607 0.965602 0.965599 0.9656 0.965603 0.96561 0.965618 0.96563 0.965644 0.96566 0.965679 0.965699 0.965722 
0.978153 0.978178 0.978204 0.978232 0.978262 0.978293 0.978324 0.978356 0.978387 0.978419 0.97845 0.97848 0.978509 0.978536 0.978562 0.978585 0.978606 0.978625 0.978641 0.978654 0.978664 0.978671 0.978675 0.978676 0.978673 0.978667 0.978658 0.978646 0.978632 0.978614 0.978594 0.978571 0.978546 0.97852 0.978491 0.978462 0.978431 0.9784 0.978368 0.978336 0.978305 0.978274 0.978244 0.978215 0.978187 0.978162 0.978139 0.978117 0.978099 0.978083 0.97807 0.97806 0.978053 0.978049 0.978049 0.978051 0.978057 0.978066 0.978078 0.978093 0.978111 0.978131 
0.982287 0.982311 0.982338 0.982366 0.982397 0.982428 0.98246 0.982494 0.982527 0.982561 0.982594 0.982626 0.982657 0.982687 0.982716 0.982742 0.982766 0.982788 0.982807 0.982823 0.982835 0.982845 0.982852 0.982855 0.982855 0.982851 0.982844 0.982834 0.98282 0.982804 0.982784 0.982762 0.982738 0.982711 0.982682 0.982652 0.982621 0.982588 0.982555 0.982521 0.982488 0.982455 0.982422 0.982391 0.982361 0.982333 0.982306 0.982282 0.982261 0.982242 0.982226 0.982213 0.982204 0.982197 0.982194 0.982195 0.982198 0.982205 0.982216 0.982229 0.982246 0.982265 
0.978149 0.978175 0.978202 0.978231 0.978261 0.978293 0.978325 0.978357 0.97839 0.978422 0.978454 0.978485 0.978514 0.978542 0.978568 0.978592 0.978614 0.978633 0.978649 0.978663 0.978673 0.97868 0.978684 0.978684 0.978682 0.978675 0.978666 0.978654 0.978638 0.97862 0.978599 0.978576 0.978551 0.978523 0.978494 0.978464 0.978432 0.9784 0.978367 0.978335 0.978302 0.978271 0.97824 0.97821 0.978182 0.978156 0.978132 0.978111 0.978092 0.978076 0.978062 0.978052 0.978045 0.978042 0.978041 0.978044 0.97805 0.97806 0.978072 0.978087 0.978106 0.978126 
0.965739 0.965766 0.965794 0.965823 0.965853 0.965882 0.965912 0.965942 0.96597 0.965998 0.966025 0.96605 0.966073 0.966094 0.966113 0.96613 0.966144 0.966155 0.966163 0.966169 0.966171 0.96617 0.966167 0.96616 0.966151 0.966138 0.966123 0.966106 0.966086 0.966064 0.96604 0.966014 0.965987 0.965959 0.96593 0.9659 0.96587 0.965841 0.965811 0.965782 0.965755 0.965728 0.965703 0.96568 0.965659 0.96564 0.965623 0.965609 0.965598 0.96559 0.965585 0.965582 0.965583 0.965587 0.965593 0.965603 0.965615 0.96563 0.965648 0.965668 0.96569 0.965714 
0.945049 0.945076 0.945103 0.94513 0.945156 0.945182 0.945206 0.945228 0.945249 0.945268 0.945285 0.9453 0.945312 0.945322 0.945329 0.945334 0.945336 0.945335 0.945331 0.945324 0.945315 0.945304 0.945289 0.945273 0.945254 0.945234 0.945212 0.945188 0.945163 0.945137 0.945111 0.945083 0.945056 0.945029 0.945002 0.944976 0.944951 0.944927 0.944904 0.944883 0.944864 0.944847 0.944833 0.94482 0.944811 0.944803 0.944799 0.944797 0.944798 0.944802 0.944809 0.944818 0.94483 0.944844 0.94486 0.944879 0.944899 0.944922 0.944945 0.94497 0.944996 0.945022 
0.916062 0.916086 0.916107 0.916128 0.916146 0.916162 0.916175 0.916186 0.916195 0.916201 0.916204 0.916204 0.916201 0.916196 0.916188 0.916177 0.916164 0.916148 0.91613 0.91611 0.916089 0.916065 0.916041 0.916015 0.915988 0.915961 0.915934 0.915906 0.915879 0.915852 0.915826 0.915801 0.915778 0.915756 0.915736 0.915718 0.915702 0.915688 0.915677 0.915669 0.915663 0.915661 0.91566 0.915663 0.915669 0.915677 0.915687 0.915701 0.915716 0.915734 0.915754 0.915776 0.915799 0.915824 0.91585 0.915876 0.915903 0.915931 0.915958 0.915985 0.916012 0.916038 
0.878746 0.87876 0.87877 0.878778 0.878782 0.878784 0.878782 0.878777 0.878769 0.878757 0.878743 0.878726 0.878707 0.878685 0.878661 0.878635 0.878607 0.878578 0.878548 0.878517 0.878486 0.878454 0.878423 0.878392 0.878362 0.878334 0.878306 0.878281 0.878257 0.878236 0.878217 0.8782 0.878187 0.878176 0.878169 0.878164 0.878163 0.878165 0.87817 0.878179 0.87819 0.878204 0.878221 0.878241 0.878262 0.878287 0.878313 0.87834 0.878369 0.878399 0.87843 0.878461 0.878493 0.878524 0.878555 0.878584 0.878613 0.87864 0.878666 0.87869 0.878711 0.87873 
0.833055 0.833053 0.833047 0.833037 0.833023 0.833006 0.832986 0.832963 0.832937 0.832908 0.832878 0.832845 0.832811 0.832775 0.832739 0.832702 0.832665 0.832629 0.832593 0.832557 0.832524 0.832492 0.832462 0.832434 0.832409 0.832387 0.832368 0.832353 0.832341 0.832332 0.832327 0.832326 0.832329 0.832335 0.832345 0.832359 0.832375 0.832396 0.832419 0.832445 0.832473 0.832504 0.832537 0.832571 0.832606 0.832643 0.832679 0.832716 0.832753 0.832789 0.832824 0.832857 0.832889 0.832919 0.832947 0.832972 0.832994 0.833013 0.833028 0.833041 0.833049 0.833054 
0.778945 0.778924 0.778899 0.77887 0.778839 0.778805 0.778769 0.778731 0.778691 0.77865 0.778609 0.778567 0.778526 0.778485 0.778445 0.778406 0.77837 0.778335 0.778303 0.778274 0.778249 0.778226 0.778208 0.778193 0.778182 0.778175 0.778173 0.778175 0.77818 0.778191 0.778205 0.778223 0.778244 0.77827 0.778298 0.778329 0.778363 0.778399 0.778438 0.778477 0.778518 0.778559 0.778601 0.778642 0.778683 0.778723 0.778761 0.778798 0.778832 0.778864 0.778893 0.778919 0.778941 0.77896 0.778975 0.778986 0.778992 0.778995 0.778993 0.778987 0.778977 0.778963 
0.716398 0.716361 0.716322 0.71628 0.716238 0.716194 0.71615 0.716106 0.716063 0.71602 0.715979 0.71594 0.715903 0.715868 0.715837 0.715808 0.715784 0.715763 0.715746 0.715733 0.715725 0.715721 0.715721 0.715726 0.715735 0.715749 0.715767 0.715788 0.715814 0.715843 0.715875 0.71591 0.715948 0.715987 0.716029 0.716071 0.716115 0.716158 0.716202 0.716246 0.716288 0.716329 0.716368 0.716405 0.71644 0.716471 0.7165 0.716524 0.716545 0.716562 0.716575 0.716584 0.716587 0.716587 0.716582 0.716573 0.716559 0.716541 0.716519 0.716494 0.716465 0.716433 
0.645449 0.645406 0.645364 0.645321 0.645279 0.645239 0.6452 0.645164 0.645129 0.645098 0.64507 0.645045 0.645025 0.645007 0.644995 0.644986 0.644982 0.644982 0.644986 0.644995 0.645007 0.645024 0.645045 0.64507 0.645098 0.645129 0.645163 0.6452 0.645238 0.645279 0.64532 0.645363 0.645406 0.645449 0.645492 0.645533 0.645574 0.645612 0.645649 0.645683 0.645714 0.645742 0.645767 0.645788 0.645805 0.645818 0.645827 0.645831 0.645831 0.645827 0.645818 0.645805 0.645788 0.645767 0.645742 0.645714 0.645682 0.645648 0.645612 0.645573 0.645533 0.645491 
0.566198 0.566164 0.566131 0.566101 0.566073 0.566049 0.566027 0.566009 0.565995 0.565984 0.565977 0.565974 0.565975 0.56598 0.565989 0.566001 0.566017 0.566037 0.56606 0.566086 0.566115 0.566147 0.566181 0.566216 0.566253 0.566291 0.56633 0.566369 0.566408 0.566446 0.566484 0.56652 0.566555 0.566587 0.566617 0.566645 0.56667 0.566691 0.56671 0.566724 0.566735 0.566742 0.566745 0.566744 0.566739 0.56673 0.566717 0.566701 0.566681 0.566658 0.566631 0.566602 0.566571 0.566537 0.566501 0.566464 0.566426 0.566387 0.566348 0.566309 0.566271 0.566234 
0.478805 0.47879 0.478777 0.478767 0.478761 0.478757 0.478757 0.47876 0.478767 0.478776 0.478789 0.478804 0.478823 0.478844 0.478867 0.478893 0.478921 0.47895 0.47898 0.479011 0.479043 0.479076 0.479108 0.47914 0.479172 0.479202 0.479231 0.479259 0.479285 0.479308 0.47933 0.479348 0.479364 0.479377 0.479387 0.479393 0.479397 0.479397 0.479394 0.479387 0.479378 0.479365 0.479349 0.479331 0.479309 0.479286 0.47926 0.479232 0.479203 0.479173 0.479141 0.479109 0.479076 0.479044 0.479012 0.47898 0.47895 0.478921 0.478894 0.478868 0.478845 0.478824 
0.38351 0.383513 0.383518 0.383526 0.383536 0.383549 0.383563 0.38358 0.383598 0.383618 0.383639 0.383662 0.383685 0.383709 0.383733 0.383758 0.383783 0.383807 0.38383 0.383853 0.383875 0.383895 0.383914 0.383932 0.383947 0.383961 0.383972 0.383981 0.383988 0.383992 0.383994 0.383993 0.38399 0.383984 0.383976 0.383966 0.383953 0.383938 0.383922 0.383904 0.383884 0.383862 0.38384 0.383817 0.383793 0.383768 0.383744 0.383719 0.383695 0.383671 0.383648 0.383627 0.383606 0.383587 0.38357 0.383555 0.383542 0.383531 0.383522 0.383515 0.383511 0.383509 
0.280759 0.280771 0.280785 0.280799 0.280814 0.28083 0.280846 0.280863 0.28088 0.280897 0.280914 0.28093 0.280946 0.280961 0.280975 0.280988 0.281 0.281011 0.281021 0.281029 0.281035 0.28104 0.281043 0.281045 0.281045 0.281043 0.281039 0.281034 0.281027 0.281019 0.281009 0.280998 0.280986 0.280973 0.280958 0.280943 0.280927 0.280911 0.280894 0.280877 0.28086 0.280844 0.280827 0.280812 0.280797 0.280783 0.280769 0.280757 0.280747 0.280737 0.280729 0.280723 0.280718 0.280715 0.280713 0.280714 0.280716 0.280719 0.280724 0.280731 0.280739 0.280749 
0.171534 0.171544 0.171553 0.171563 0.171573 0.171582 0.171591 0.1716 0.171608 0.171615 0.171622 0.171628 0.171633 0.171637 0.17164 0.171643 0.171644 0.171644 0.171644 0.171642 0.17164 0.171636 0.171632 0.171626 0.17162 0.171613 0.171606 0.171598 0.171589 0.17158 0.171571 0.171561 0.171551 0.171542 0.171532 0.171522 0.171513 0.171504 0.171496 0.171488 0.17148 0.171474 0.171468 0.171463 0.171459 0.171455 0.171453 0.171452 0.171452 0.171452 0.171454 0.171456 0.17146 0.171464 0.17147 0.171476 0.171483 0.17149 0.171498 0.171507 0.171515 0.171525 
0.0577367 0.0577393 0.0577418 0.0577442 0.0577464 0.0577484 0.0577501 0.0577516 0.0577528 0.0577537 0.0577543 0.0577547 0.0577547 0.0577544 0.0577538 0.0577529 0.0577518 0.0577504 0.0577487 0.0577468 0.0577447 0.0577424 0.0577399 0.0577372 0.0577345 0.0577317 0.0577288 0.0577258 0.0577229 0.05772 0.0577171 0.0577144 0.0577117 0.0577092 0.0577069 0.0577047 0.0577028 0.0577011 0.0576997 0.0576985 0.0576977 0.0576971 0.0576968 0.0576968 0.057697 0.0576976 0.0576985 0.0576997 0.0577011 0.0577027 0.0577047 0.0577068 0.0577091 0.0577116 0.0577142 0.0577169 0.0577197 0.0577226 0.0577254 0.0577283 0.057731 0.0577339 
