0.0403703 0.0403703 0.0403703 0.0403703 0.0403703 0.0403703 0.0403703 0.0403703 0.0403703 0.0403703 0.0403703 0.0403703 0.0403703 0.0403703 0.0403703 0.0403703 0.0403703 0.0403703 0.0403703 0.0403703 0.0403703 0.0403703 0.0403703 0.0403704 0.0403704 0.0403704 0.0403704 0.0403704 0.0403704 0.0403704 0.0403704 0.0403704 0.0403704 0.0403704 0.0403704 0.0403704 0.0403704 0.0403704 0.0403704 0.0403704 0.0403704 0.0403704 0.0403704 0.0403704 0.0403704 0.0403704 0.0403704 0.0403704 0.0403703 0.0403703 0.0403703 0.0403703 0.0403703 0.0403703 0.0403703 0.0403703 0.0403703 0.0403703 0.0403703 0.0403703 0.0403703 0.0403703 
0.120654 0.120654 0.120654 0.120654 0.120654 0.120654 0.120654 0.120654 0.120654 0.120654 0.120654 0.120654 0.120654 0.120654 0.120654 0.120654 0.120654 0.120654 0.120654 0.120654 0.120654 0.120654 0.120654 0.120654 0.120654 0.120654 0.120654 0.120654 0.120654 0.120654 0.120654 0.120654 0.120654 0.120654 0.120654 0.120654 0.120654 0.120654 0.120654 0.120654 0.120654 0.120654 0.120654 0.120654 0.120654 0.120654 0.120654 0.120654 0.120654 0.120654 0.120654 0.120654 0.120654 0.120654 0.120654 0.120654 0.120654 0.120654 0.120654 0.120654 0.120654 0.120654 
0.199577 0.199577 0.199577 0.199577 0.199577 0.199577 0.199577 0.199577 0.199577 0.199577 0.199577 0.199577 0.199577 0.199577 0.199577 0.199577 0.199577 0.199577 0.199577 0.199577 0.199577 0.199577 0.199577 0.199577 0.199577 0.199577 0.199577 0.199577 0.199577 0.199577 0.199577 0.199577 0.199577 0.199577 0.199577 0.199577 0.199577 0.199577 0.199577 0.199577 0.199577 0.199577 0.199577 0.199577 0.199577 0.199577 0.199577 0.199577 0.199577 0.199577 0.199577 0.199577 0.199577 0.199577 0.199577 0.199577 0.199577 0.199577 0.199577 0.199577 0.199577 0.199577 
0.276259 0.276259 0.276259 0.276259 0.276259 0.276259 0.276259 0.276259 0.276259 0.276259 0.276259 0.276259 0.276259 0.276259 0.276259 0.276259 0.276259 0.276259 0.276259 0.276259 0.276259 0.276259 0.276259 0.276259 0.276259 0.276259 0.276259 0.276259 0.276259 0.276259 0.276259 0.276259 0.276259 0.276259 0.276259 0.276259 0.276259 0.276259 0.276259 0.276259 0.276259 0.276259 0.276259 0.276259 0.276259 0.276259 0.276259 0.276259 0.276259 0.276259 0.276259 0.276259 0.276259 0.276259 0.276259 0.276259 0.276259 0.276259 0.276259 0.276259 0.276259 0.276259 
0.349863 0.349863 0.349863 0.349863 0.349863 0.349863 0.349863 0.349863 0.349863 0.349863 0.349863 0.349863 0.349863 0.349863 0.349863 0.349863 0.349863 0.349863 0.349863 0.349863 0.349863 0.349863 0.349863 0.349863 0.349863 0.349863 0.349863 0.349863 0.349863 0.349863 0.349863 0.349863 0.349863 0.349863 0.349863 0.349863 0.349863 0.349863 0.349863 0.349863 0.349863 0.349863 0.349863 0.349863 0.349863 0.349863 0.349863 0.349863 0.349863 0.349863 0.349863 0.349863 0.349863 0.349863 0.349863 0.349863 0.349863 0.349863 0.349863 0.349863 0.349863 0.349863 
0.419604 0.419604 0.419604 0.419605 0.419605 0.419605 0.419605 0.419605 0.419605 0.419605 0.419605 0.419605 0.419605 0.419605 0.419605 0.419605 0.419605 0.419605 0.419605 0.419605 0.419605 0.419605 0.419605 0.419605 0.419605 0.419605 0.419605 0.419604 0.419604 0.419604 0.419604 0.419604 0.419604 0.419604 0.419604 0.419604 0.419604 0.419604 0.419604 0.419604 0.419604 0.419604 0.419604 0.419604 0.419604 0.419604 0.419604 0.419604 0.419604 0.419604 0.419604 0.419604 0.419604 0.419604 0.419604 0.419604 0.419604 0.419604 0.419604 0.419604 0.419604 0.419604 
0.484765 0.484765 0.484765 0.484765 0.484765 0.484765 0.484765 0.484765 0.484765 0.484765 0.484765 0.484765 0.484765 0.484765 0.484765 0.484765 0.484765 0.484765 0.484765 0.484765 0.484765 0.484765 0.484765 0.484765 0.484765 0.484765 0.484765 0.484765 0.484765 0.484765 0.484765 0.484765 0.484765 0.484765 0.484765 0.484765 0.484765 0.484765 0.484765 0.484765 0.484765 0.484765 0.484765 0.484765 0.484765 0.484765 0.484765 0.484765 0.484765 0.484765 0.484765 0.484765 0.484765 0.484765 0.484765 0.484765 0.484765 0.484765 0.484765 0.484765 0.484765 0.484765 
0.544697 0.544698 0.544698 0.544698 0.544698 0.544698 0.544698 0.544698 0.544698 0.544698 0.544698 0.544698 0.544698 0.544698 0.544698 0.544698 0.544699 0.544699 0.544699 0.544699 0.544699 0.544699 0.544699 0.544699 0.544699 0.544699 0.544699 0.544699 0.544699 0.544699 0.544699 0.544699 0.544698 0.544698 0.544698 0.544698 0.544698 0.544698 0.544698 0.544698 0.544698 0.544698 0.544698 0.544698 0.544698 0.544698 0.544698 0.544697 0.544697 0.544697 0.544697 0.544697 0.544697 0.544697 0.544697 0.544697 0.544697 0.544697 0.544697 0.544697 0.544697 0.544697 
0.598833 0.598833 0.598833 0.598833 0.598833 0.598833 0.598833 0.598833 0.598834 0.598834 0.598834 0.598834 0.598834 0.598834 0.598834 0.598834 0.598834 0.598835 0.598835 0.598835 0.598835 0.598835 0.598835 0.598835 0.598835 0.598835 0.598835 0.598835 0.598835 0.598835 0.598835 0.598835 0.598835 0.598835 0.598835 0.598835 0.598835 0.598835 0.598835 0.598835 0.598834 0.598834 0.598834 0.598834 0.598834 0.598834 0.598834 0.598834 0.598833 0.598833 0.598833 0.598833 0.598833 0.598833 0.598833 0.598833 0.598833 0.598833 0.598833 0.598833 0.598833 0.598833 
0.64668 0.64668 0.64668 0.64668 0.64668 0.64668 0.64668 0.64668 0.64668 0.646681 0.646681 0.646681 0.646681 0.646681 0.646681 0.646681 0.646682 0.646682 0.646682 0.646682 0.646682 0.646683 0.646683 0.646683 0.646683 0.646683 0.646683 0.646683 0.646683 0.646683 0.646683 0.646683 0.646683 0.646683 0.646683 0.646683 0.646683 0.646683 0.646683 0.646683 0.646683 0.646683 0.646683 0.646682 0.646682 0.646682 0.646682 0.646682 0.646682 0.646681 0.646681 0.646681 0.646681 0.646681 0.646681 0.646681 0.64668 0.64668 0.64668 0.64668 0.64668 0.64668 
0.687825 0.687825 0.687825 0.687825 0.687825 0.687825 0.687825 0.687825 0.687825 0.687825 0.687825 0.687825 0.687826 0.687826 0.687826 0.687826 0.687826 0.687826 0.687827 0.687827 0.687827 0.687827 0.687827 0.687828 0.687828 0.687828 0.687828 0.687828 0.687829 0.687829 0.687829 0.687829 0.687829 0.687829 0.687829 0.687829 0.687829 0.687829 0.687829 0.687829 0.687829 0.687829 0.687829 0.687829 0.687828 0.687828 0.687828 0.687828 0.687828 0.687828 0.687827 0.687827 0.687827 0.687827 0.687826 0.687826 0.687826 0.687826 0.687826 0.687826 0.687825 0.687825 
0.721929 0.721929 0.721929 0.721928 0.721928 0.721928 0.721928 0.721928 0.721928 0.721928 0.721928 0.721928 0.721928 0.721929 0.721929 0.721929 0.721929 0.721929 0.721929 0.72193 0.72193 0.72193 0.72193 0.72193 0.721931 0.721931 0.721931 0.721931 0.721932 0.721932 0.721932 0.721932 0.721932 0.721932 0.721932 0.721933 0.721933 0.721933 0.721933 0.721933 0.721933 0.721933 0.721933 0.721932 0.721932 0.721932 0.721932 0.721932 0.721932 0.721932 0.721931 0.721931 0.721931 0.721931 0.72193 0.72193 0.72193 0.72193 0.72193 0.721929 0.721929 0.721929 
0.748722 0.748722 0.748721 0.748721 0.748721 0.748721 0.748721 0.748721 0.748721 0.748721 0.748721 0.748721 0.748721 0.748721 0.748721 0.748721 0.748721 0.748721 0.748722 0.748722 0.748722 0.748722 0.748722 0.748722 0.748723 0.748723 0.748723 0.748723 0.748723 0.748724 0.748724 0.748724 0.748724 0.748724 0.748724 0.748725 0.748725 0.748725 0.748725 0.748725 0.748725 0.748725 0.748725 0.748725 0.748725 0.748725 0.748725 0.748724 0.748724 0.748724 0.748724 0.748724 0.748724 0.748723 0.748723 0.748723 0.748723 0.748723 0.748722 0.748722 0.748722 0.748722 
0.768 0.768 0.768 0.768 0.768 0.768 0.768 0.768 0.768 0.768 0.768 0.768 0.768 0.768 0.768 0.768 0.768 0.768 0.768 0.768 0.768 0.768 0.768 0.768001 0.768001 0.768001 0.768001 0.768001 0.768001 0.768001 0.768002 0.768002 0.768002 0.768002 0.768002 0.768002 0.768002 0.768002 0.768002 0.768002 0.768002 0.768002 0.768002 0.768002 0.768002 0.768002 0.768002 0.768002 0.768002 0.768002 0.768002 0.768002 0.768002 0.768001 0.768001 0.768001 0.768001 0.768001 0.768001 0.768001 0.768001 0.768 
0.779623 0.779623 0.779623 0.779623 0.779623 0.779623 0.779623 0.779623 0.779623 0.779623 0.779623 0.779623 0.779623 0.779623 0.779623 0.779623 0.779623 0.779623 0.779623 0.779623 0.779623 0.779623 0.779624 0.779623 0.779623 0.779624 0.779624 0.779624 0.779624 0.779624 0.779624 0.779624 0.779624 0.779624 0.779624 0.779624 0.779624 0.779624 0.779624 0.779624 0.779624 0.779624 0.779624 0.779624 0.779624 0.779624 0.779624 0.779623 0.779624 0.779624 0.779623 0.779623 0.779623 0.779623 0.779623 0.779623 0.779623 0.779623 0.779623 0.779623 0.779623 0.779623 
0.783507 0.783507 0.783507 0.783507 0.783507 0.783507 0.783507 0.783507 0.783507 0.783507 0.783508 0.783508 0.783508 0.783508 0.783508 0.783508 0.783508 0.783508 0.783508 0.783508 0.783508 0.783508 0.783508 0.783507 0.783507 0.783507 0.783507 0.783507 0.783507 0.783507 0.783507 0.783507 0.783507 0.783507 0.783507 0.783506 0.783506 0.783506 0.783506 0.783506 0.783506 0.783506 0.783506 0.783506 0.783506 0.783506 0.783506 0.783506 0.783506 0.783506 0.783506 0.783506 0.783506 0.783506 0.783506 0.783506 0.783506 0.783506 0.783506 0.783506 0.783507 0.783507 
0.779624 0.779624 0.779624 0.779625 0.779625 0.779625 0.779625 0.779625 0.779625 0.779625 0.779625 0.779625 0.779625 0.779625 0.779625 0.779625 0.779625 0.779625 0.779625 0.779625 0.779625 0.779625 0.779625 0.779625 0.779624 0.779624 0.779624 0.779624 0.779624 0.779624 0.779623 0.779623 0.779623 0.779623 0.779623 0.779622 0.779622 0.779622 0.779622 0.779622 0.779622 0.779622 0.779622 0.779621 0.779622 0.779622 0.779622 0.779622 0.779622 0.779622 0.779622 0.779622 0.779622 0.779622 0.779622 0.779623 0.779623 0.779623 0.779623 0.779623 0.779624 0.779624 
0.768002 0.768003 0.768003 0.768003 0.768003 0.768003 0.768004 0.768004 0.768004 0.768004 0.768004 0.768004 0.768004 0.768004 0.768004 0.768004 0.768003 0.768003 0.768003 0.768003 0.768003 0.768003 0.768002 0.768002 0.768002 0.768002 0.768001 0.768001 0.768001 0.768001 0.768 0.768 0.768 0.768 0.767999 0.767999 0.767999 0.767999 0.767999 0.767999 0.767999 0.767999 0.767999 0.767999 0.767999 0.767999 0.767999 0.767999 0.767999 0.767999 0.767999 0.768 0.768 0.768 0.768 0.768001 0.768001 0.768001 0.768001 0.768002 0.768002 0.768002 
0.748725 0.748725 0.748726 0.748726 0.748726 0.748726 0.748726 0.748726 0.748726 0.748726 0.748726 0.748726 0.748726 0.748726 0.748725 0.748725 0.748725 0.748725 0.748725 0.748724 0.748724 0.748724 0.748724 0.748723 0.748723 0.748723 0.748722 0.748722 0.748722 0.748722 0.748721 0.748721 0.748721 0.748721 0.748721 0.748721 0.74872 0.74872 0.74872 0.74872 0.74872 0.74872 0.74872 0.748721 0.748721 0.748721 0.748721 0.748721 0.748721 0.748722 0.748722 0.748722 0.748722 0.748723 0.748723 0.748723 0.748724 0.748724 0.748724 0.748724 0.748725 0.748725 
0.721933 0.721933 0.721934 0.721934 0.721934 0.721934 0.721934 0.721934 0.721933 0.721933 0.721933 0.721933 0.721933 0.721933 0.721932 0.721932 0.721932 0.721932 0.721931 0.721931 0.721931 0.721931 0.72193 0.72193 0.72193 0.721929 0.721929 0.721929 0.721929 0.721929 0.721929 0.721928 0.721928 0.721928 0.721928 0.721928 0.721928 0.721928 0.721928 0.721928 0.721929 0.721929 0.721929 0.721929 0.721929 0.721929 0.72193 0.72193 0.72193 0.72193 0.721931 0.721931 0.721931 0.721932 0.721932 0.721932 0.721932 0.721933 0.721933 0.721933 0.721933 0.721933 
0.68783 0.68783 0.68783 0.68783 0.68783 0.68783 0.687829 0.687829 0.687829 0.687829 0.687829 0.687829 0.687828 0.687828 0.687828 0.687828 0.687827 0.687827 0.687827 0.687827 0.687826 0.687826 0.687826 0.687826 0.687826 0.687826 0.687825 0.687825 0.687825 0.687825 0.687825 0.687825 0.687825 0.687825 0.687825 0.687825 0.687826 0.687826 0.687826 0.687826 0.687826 0.687826 0.687827 0.687827 0.687827 0.687827 0.687828 0.687828 0.687828 0.687828 0.687829 0.687829 0.687829 0.687829 0.687829 0.687829 0.68783 0.68783 0.68783 0.68783 0.68783 0.68783 
0.646684 0.646684 0.646684 0.646683 0.646683 0.646683 0.646683 0.646683 0.646683 0.646682 0.646682 0.646682 0.646682 0.646682 0.646681 0.646681 0.646681 0.646681 0.646681 0.646681 0.646681 0.646681 0.64668 0.64668 0.64668 0.64668 0.64668 0.64668 0.64668 0.646681 0.646681 0.646681 0.646681 0.646681 0.646681 0.646681 0.646681 0.646682 0.646682 0.646682 0.646682 0.646682 0.646683 0.646683 0.646683 0.646683 0.646683 0.646683 0.646684 0.646684 0.646684 0.646684 0.646684 0.646684 0.646684 0.646684 0.646684 0.646684 0.646684 0.646684 0.646684 0.646684 
0.598835 0.598835 0.598835 0.598835 0.598835 0.598834 0.598834 0.598834 0.598834 0.598834 0.598834 0.598834 0.598834 0.598833 0.598833 0.598833 0.598833 0.598833 0.598833 0.598833 0.598833 0.598833 0.598833 0.598833 0.598833 0.598833 0.598834 0.598834 0.598834 0.598834 0.598834 0.598834 0.598834 0.598834 0.598834 0.598835 0.598835 0.598835 0.598835 0.598835 0.598835 0.598835 0.598836 0.598836 0.598836 0.598836 0.598836 0.598836 0.598836 0.598836 0.598836 0.598836 0.598836 0.598836 0.598836 0.598836 0.598836 0.598836 0.598836 0.598836 0.598835 0.598835 
0.544698 0.544698 0.544698 0.544698 0.544698 0.544698 0.544698 0.544698 0.544698 0.544698 0.544698 0.544698 0.544698 0.544698 0.544698 0.544698 0.544698 0.544698 0.544698 0.544698 0.544698 0.544698 0.544698 0.544698 0.544698 0.544698 0.544698 0.544698 0.544698 0.544699 0.544699 0.544699 0.544699 0.544699 0.544699 0.544699 0.544699 0.544699 0.544699 0.544699 0.544699 0.5447 0.5447 0.5447 0.5447 0.5447 0.5447 0.5447 0.5447 0.544699 0.544699 0.544699 0.544699 0.544699 0.544699 0.544699 0.544699 0.544699 0.544699 0.544699 0.544699 0.544698 
0.484765 0.484765 0.484765 0.484765 0.484765 0.484765 0.484765 0.484765 0.484765 0.484765 0.484765 0.484765 0.484765 0.484765 0.484765 0.484765 0.484765 0.484765 0.484765 0.484765 0.484765 0.484765 0.484765 0.484765 0.484766 0.484766 0.484766 0.484766 0.484766 0.484766 0.484766 0.484766 0.484766 0.484766 0.484766 0.484766 0.484766 0.484766 0.484766 0.484766 0.484766 0.484766 0.484766 0.484766 0.484766 0.484766 0.484766 0.484766 0.484766 0.484766 0.484766 0.484766 0.484766 0.484766 0.484765 0.484765 0.484765 0.484765 0.484765 0.484765 0.484765 0.484765 
0.419605 0.419605 0.419605 0.419605 0.419605 0.419605 0.419605 0.419605 0.419605 0.419605 0.419605 0.419605 0.419605 0.419605 0.419605 0.419605 0.419605 0.419605 0.419605 0.419605 0.419605 0.419605 0.419605 0.419605 0.419605 0.419605 0.419605 0.419605 0.419605 0.419605 0.419605 0.419605 0.419605 0.419605 0.419605 0.419605 0.419605 0.419605 0.419605 0.419605 0.419605 0.419605 0.419605 0.419605 0.419605 0.419605 0.419605 0.419605 0.419605 0.419605 0.419605 0.419605 0.419605 0.419605 0.419605 0.419605 0.419605 0.419605 0.419605 0.419605 0.419605 0.419605 
0.349863 0.349863 0.349863 0.349863 0.349863 0.349863 0.349863 0.349863 0.349863 0.349863 0.349863 0.349863 0.349863 0.349863 0.349863 0.349863 0.349863 0.349863 0.349863 0.349863 0.349864 0.349864 0.349864 0.349864 0.349864 0.349864 0.349864 0.349864 0.349864 0.349864 0.349864 0.349864 0.349864 0.349864 0.349864 0.349864 0.349864 0.349863 0.349863 0.349863 0.349863 0.349863 0.349863 0.349863 0.349863 0.349863 0.349863 0.349863 0.349863 0.349863 0.349863 0.349863 0.349863 0.349863 0.349863 0.349863 0.349863 0.349863 0.349863 0.349863 0.349863 0.349863 
0.27626 0.27626 0.27626 0.27626 0.27626 0.27626 0.27626 0.27626 0.27626 0.27626 0.27626 0.27626 0.27626 0.27626 0.27626 0.27626 0.27626 0.27626 0.27626 0.27626 0.27626 0.27626 0.27626 0.27626 0.27626 0.27626 0.27626 0.27626 0.27626 0.27626 0.27626 0.27626 0.27626 0.27626 0.27626 0.27626 0.27626 0.27626 0.27626 0.27626 0.27626 0.27626 0.27626 0.27626 0.27626 0.27626 0.27626 0.27626 0.27626 0.27626 0.27626 0.27626 0.27626 0.27626 0.27626 0.27626 0.27626 0.27626 0.27626 0.27626 0.27626 0.27626 
0.199577 0.199577 0.199577 0.199577 0.199577 0.199577 0.199577 0.199577 0.199577 0.199577 0.199577 0.199577 0.199577 0.199577 0.199577 0.199577 0.199577 0.199577 0.199577 0.199577 0.199577 0.199577 0.199577 0.199577 0.199577 0.199577 0.199577 0.199577 0.199577 0.199577 0.199577 0.199577 0.199577 0.199577 0.199577 0.199577 0.199577 0.199577 0.199577 0.199577 0.199577 0.199577 0.199577 0.199577 0.199577 0.199577 0.199577 0.199577 0.199577 0.199577 0.199577 0.199577 0.199577 0.199577 0.199577 0.199577 0.199577 0.199577 0.199577 0.199577 0.199577 0.199577 
0.120654 0.120654 0.120654 0.120654 0.120654 0.120654 0.120654 0.120654 0.120654 0.120654 0.120654 0.120654 0.120654 0.120654 0.120654 0.120654 0.120654 0.120654 0.120655 0.120655 0.120655 0.120655 0.120655 0.120655 0.120655 0.120655 0.120655 0.120655 0.120655 0.120655 0.120655 0.120655 0.120655 0.120655 0.120655 0.120655 0.120655 0.120655 0.120655 0.120655 0.120655 0.120655 0.120655 0.120655 0.120655 0.120655 0.120655 0.120655 0.120655 0.120655 0.120655 0.120655 0.120655 0.120655 0.120655 0.120655 0.120655 0.120655 0.120655 0.120655 0.120655 0.120655 
0.0403704 0.0403704 0.0403704 0.0403704 0.0403704 0.0403704 0.0403704 0.0403704 0.0403704 0.0403704 0.0403704 0.0403704 0.0403704 0.0403704 0.0403704 0.0403704 0.0403704 0.0403704 0.0403704 0.0403704 0.0403704 0.0403704 0.0403704 0.0403704 0.0403704 0.0403704 0.0403704 0.0403704 0.0403704 0.0403704 0.0403704 0.0403704 0.0403704 0.0403704 0.0403704 0.0403704 0.0403704 0.0403704 0.0403704 0.0403704 0.0403704 0.0403704 0.0403704 0.0403704 0.0403704 0.0403704 0.0403704 0.0403704 0.0403704 0.0403704 0.0403704 0.0403704 0.0403704 0.0403704 0.0403704 0.0403704 0.0403704 0.0403704 0.0403704 0.0403704 0.0403704 0.0403704 
