0.0563857 0.0563877 0.0563898 0.0563919 0.0563941 0.0563962 0.0563984 0.0564004 0.0564024 0.0564043 0.0564061 0.0564077 0.0564092 0.0564105 0.0564117 0.0564126 0.0564134 0.0564139 0.0564142 0.0564143 0.0564142 0.0564139 0.0564134 0.0564126 0.0564117 0.0564105 0.0564092 0.0564077 0.0564061 0.0564044 0.0564025 0.0564005 0.0563985 0.0563964 0.0563942 0.0563921 0.05639 0.0563879 0.0563858 0.0563839 0.056382 0.0563802 0.0563786 0.0563771 0.0563758 0.0563747 0.0563738 0.056373 0.0563725 0.0563722 0.0563721 0.0563722 0.0563725 0.0563731 0.0563738 0.0563748 0.0563759 0.0563772 0.0563787 0.0563803 0.0563821 0.0563838 
0.167776 0.167779 0.167782 0.167786 0.16779 0.167795 0.1678 0.167805 0.16781 0.167815 0.16782 0.167826 0.167831 0.167836 0.167841 0.167846 0.167851 0.167855 0.167859 0.167862 0.167865 0.167867 0.167869 0.167871 0.167872 0.167872 0.167872 0.167872 0.167871 0.167869 0.167867 0.167864 0.167861 0.167857 0.167853 0.167849 0.167845 0.16784 0.167835 0.16783 0.167824 0.167819 0.167814 0.167808 0.167803 0.167798 0.167794 0.167789 0.167785 0.167781 0.167778 0.167775 0.167772 0.16777 0.167769 0.167768 0.167767 0.167768 0.167768 0.167769 0.167771 0.167773 
0.275316 0.275313 0.275312 0.275311 0.275311 0.275312 0.275314 0.275316 0.27532 0.275324 0.275329 0.275335 0.275341 0.275348 0.275355 0.275363 0.275371 0.27538 0.275388 0.275397 0.275406 0.275414 0.275423 0.275431 0.275439 0.275446 0.275453 0.275459 0.275464 0.275469 0.275473 0.275477 0.275479 0.275481 0.275482 0.275482 0.275481 0.275479 0.275476 0.275473 0.275468 0.275463 0.275457 0.275451 0.275444 0.275437 0.275429 0.275421 0.275412 0.275404 0.275395 0.275387 0.275378 0.27537 0.275362 0.275354 0.275347 0.27534 0.275334 0.275328 0.275323 0.275319 
0.377164 0.377151 0.377139 0.377127 0.377116 0.377106 0.377097 0.377088 0.377081 0.377076 0.377071 0.377068 0.377066 0.377066 0.377067 0.37707 0.377074 0.377079 0.377085 0.377093 0.377102 0.377112 0.377122 0.377134 0.377146 0.377159 0.377172 0.377186 0.3772 0.377213 0.377227 0.37724 0.377253 0.377266 0.377278 0.377289 0.377299 0.377308 0.377316 0.377323 0.377328 0.377333 0.377336 0.377337 0.377338 0.377336 0.377334 0.37733 0.377325 0.377318 0.377311 0.377302 0.377292 0.377281 0.37727 0.377257 0.377245 0.377231 0.377218 0.377204 0.377191 0.377177 
0.472086 0.472068 0.472049 0.47203 0.47201 0.471989 0.471969 0.471948 0.471928 0.471909 0.47189 0.471872 0.471855 0.471839 0.471825 0.471813 0.471802 0.471793 0.471786 0.471781 0.471778 0.471777 0.471778 0.471781 0.471786 0.471793 0.471803 0.471813 0.471826 0.47184 0.471856 0.471873 0.471891 0.471909 0.471929 0.471949 0.471969 0.47199 0.47201 0.47203 0.472049 0.472068 0.472086 0.472103 0.472118 0.472132 0.472145 0.472155 0.472164 0.472171 0.472176 0.472179 0.47218 0.472179 0.472176 0.472171 0.472164 0.472155 0.472144 0.472131 0.472117 0.472102 
0.559278 0.55927 0.559259 0.559245 0.55923 0.559212 0.559191 0.55917 0.559146 0.559121 0.559096 0.559069 0.559042 0.559014 0.558987 0.55896 0.558933 0.558907 0.558883 0.55886 0.558838 0.558818 0.558801 0.558785 0.558772 0.558762 0.558754 0.558749 0.558747 0.558747 0.55875 0.558756 0.558765 0.558776 0.55879 0.558806 0.558824 0.558844 0.558866 0.558889 0.558914 0.55894 0.558967 0.558994 0.559021 0.559048 0.559075 0.559102 0.559127 0.559151 0.559174 0.559196 0.559215 0.559233 0.559248 0.559261 0.559271 0.559279 0.559284 0.559287 0.559287 0.559284 
0.638266 0.638278 0.638287 0.638292 0.638294 0.638293 0.638289 0.638281 0.63827 0.638256 0.638239 0.638219 0.638196 0.638172 0.638145 0.638116 0.638085 0.638054 0.638022 0.637989 0.637955 0.637922 0.63789 0.637858 0.637828 0.637799 0.637771 0.637746 0.637723 0.637702 0.637685 0.63767 0.637658 0.63765 0.637645 0.637643 0.637644 0.637649 0.637657 0.637669 0.637683 0.6377 0.63772 0.637743 0.637768 0.637795 0.637823 0.637854 0.637885 0.637917 0.63795 0.637983 0.638016 0.638048 0.63808 0.63811 0.638139 0.638166 0.638191 0.638214 0.638234 0.638252 
0.708862 0.708892 0.70892 0.708946 0.708968 0.708988 0.709005 0.709019 0.709029 0.709036 0.709039 0.709038 0.709034 0.709026 0.709014 0.709 0.708981 0.70896 0.708936 0.708909 0.70888 0.708849 0.708816 0.708782 0.708747 0.708711 0.708675 0.708638 0.708603 0.708568 0.708534 0.708502 0.708472 0.708444 0.708419 0.708396 0.708376 0.708359 0.708346 0.708336 0.70833 0.708327 0.708328 0.708333 0.708341 0.708353 0.708368 0.708387 0.708408 0.708432 0.708459 0.708488 0.708519 0.708552 0.708586 0.708621 0.708657 0.708693 0.708728 0.708764 0.708798 0.708831 
0.771083 0.771119 0.771154 0.771189 0.771223 0.771256 0.771287 0.771316 0.771344 0.771369 0.771391 0.77141 0.771426 0.771438 0.771448 0.771453 0.771455 0.771454 0.771449 0.77144 0.771428 0.771412 0.771393 0.771371 0.771347 0.77132 0.77129 0.771259 0.771226 0.771192 0.771156 0.771121 0.771085 0.771049 0.771014 0.77098 0.770947 0.770915 0.770886 0.770859 0.770834 0.770812 0.770793 0.770777 0.770765 0.770756 0.770751 0.770749 0.770751 0.770757 0.770766 0.770778 0.770794 0.770813 0.770835 0.77086 0.770887 0.770916 0.770947 0.77098 0.771014 0.771048 
0.825022 0.825049 0.825078 0.825108 0.825139 0.825171 0.825203 0.825235 0.825267 0.825298 0.825328 0.825357 0.825385 0.825411 0.825434 0.825455 0.825474 0.82549 0.825503 0.825513 0.82552 0.825524 0.825524 0.825521 0.825515 0.825506 0.825493 0.825478 0.82546 0.825439 0.825415 0.82539 0.825363 0.825334 0.825303 0.825272 0.82524 0.825208 0.825175 0.825143 0.825112 0.825082 0.825053 0.825025 0.824999 0.824976 0.824955 0.824936 0.824921 0.824908 0.824898 0.824891 0.824888 0.824888 0.824891 0.824898 0.824907 0.82492 0.824936 0.824954 0.824975 0.824998 
0.870744 0.870755 0.870768 0.870784 0.870801 0.870821 0.870842 0.870865 0.870889 0.870913 0.870939 0.870965 0.870992 0.871018 0.871044 0.87107 0.871095 0.871118 0.87114 0.871161 0.87118 0.871197 0.871212 0.871225 0.871235 0.871242 0.871247 0.87125 0.871249 0.871246 0.871241 0.871232 0.871221 0.871208 0.871192 0.871175 0.871155 0.871134 0.871111 0.871087 0.871062 0.871036 0.871009 0.870983 0.870956 0.87093 0.870905 0.87088 0.870856 0.870834 0.870813 0.870794 0.870778 0.870763 0.870751 0.870741 0.870733 0.870728 0.870726 0.870727 0.87073 0.870736 
0.908249 0.908243 0.90824 0.908239 0.90824 0.908243 0.908248 0.908255 0.908265 0.908276 0.908288 0.908303 0.908319 0.908336 0.908354 0.908373 0.908393 0.908414 0.908435 0.908456 0.908477 0.908497 0.908517 0.908537 0.908555 0.908573 0.908589 0.908603 0.908616 0.908628 0.908637 0.908645 0.90865 0.908653 0.908655 0.908654 0.90865 0.908645 0.908638 0.908629 0.908618 0.908605 0.90859 0.908574 0.908557 0.908539 0.908519 0.908499 0.908478 0.908457 0.908436 0.908415 0.908395 0.908375 0.908355 0.908337 0.908319 0.908303 0.908289 0.908276 0.908265 0.908256 
0.93749 0.937474 0.937458 0.937444 0.937431 0.93742 0.93741 0.937402 0.937396 0.937392 0.93739 0.93739 0.937391 0.937395 0.9374 0.937408 0.937417 0.937428 0.93744 0.937454 0.937469 0.937486 0.937503 0.937521 0.93754 0.937559 0.937578 0.937598 0.937617 0.937636 0.937654 0.937672 0.937689 0.937704 0.937719 0.937732 0.937743 0.937753 0.937761 0.937767 0.937771 0.937773 0.937773 0.937772 0.937768 0.937762 0.937755 0.937746 0.937735 0.937722 0.937708 0.937693 0.937676 0.937659 0.937641 0.937622 0.937603 0.937583 0.937564 0.937545 0.937526 0.937508 
0.958416 0.958394 0.958372 0.958349 0.958328 0.958307 0.958287 0.958267 0.95825 0.958233 0.958218 0.958206 0.958194 0.958185 0.958179 0.958174 0.958171 0.958171 0.958173 0.958178 0.958184 0.958193 0.958203 0.958216 0.958231 0.958247 0.958264 0.958283 0.958303 0.958324 0.958346 0.958368 0.95839 0.958413 0.958435 0.958457 0.958478 0.958498 0.958517 0.958535 0.958551 0.958566 0.958579 0.95859 0.958599 0.958606 0.95861 0.958613 0.958613 0.958611 0.958606 0.9586 0.958591 0.95858 0.958568 0.958553 0.958537 0.958519 0.9585 0.95848 0.958459 0.958438 
0.970986 0.970961 0.970936 0.97091 0.970884 0.970858 0.970832 0.970806 0.970782 0.970758 0.970735 0.970714 0.970694 0.970677 0.970661 0.970648 0.970637 0.970629 0.970623 0.97062 0.970619 0.970622 0.970626 0.970634 0.970644 0.970656 0.97067 0.970687 0.970706 0.970726 0.970748 0.970772 0.970796 0.970821 0.970847 0.970874 0.9709 0.970926 0.970952 0.970976 0.971 0.971023 0.971044 0.971063 0.971081 0.971096 0.971109 0.97112 0.971129 0.971134 0.971137 0.971138 0.971136 0.971131 0.971123 0.971114 0.971101 0.971087 0.97107 0.971051 0.971031 0.971009 
0.975179 0.975154 0.975127 0.9751 0.975072 0.975044 0.975016 0.974988 0.97496 0.974934 0.974908 0.974884 0.974861 0.974841 0.974822 0.974806 0.974792 0.97478 0.974772 0.974766 0.974763 0.974762 0.974765 0.97477 0.974779 0.97479 0.974803 0.974819 0.974837 0.974858 0.97488 0.974904 0.974929 0.974955 0.974983 0.975011 0.975039 0.975067 0.975095 0.975123 0.975149 0.975175 0.975199 0.975221 0.975242 0.97526 0.975277 0.975291 0.975302 0.97531 0.975316 0.975319 0.97532 0.975317 0.975311 0.975303 0.975292 0.975279 0.975263 0.975245 0.975224 0.975202 
0.970988 0.970962 0.970935 0.970908 0.970881 0.970853 0.970826 0.970799 0.970773 0.970748 0.970725 0.970703 0.970683 0.970665 0.970649 0.970635 0.970624 0.970616 0.97061 0.970607 0.970607 0.97061 0.970616 0.970624 0.970635 0.970648 0.970664 0.970681 0.970701 0.970723 0.970746 0.970771 0.970797 0.970824 0.970851 0.970878 0.970906 0.970933 0.97096 0.970986 0.971011 0.971034 0.971056 0.971076 0.971094 0.97111 0.971123 0.971134 0.971142 0.971148 0.971151 0.971151 0.971148 0.971143 0.971134 0.971124 0.97111 0.971095 0.971077 0.971057 0.971035 0.971012 
0.958416 0.958391 0.958366 0.958341 0.958316 0.958293 0.95827 0.958249 0.958229 0.958211 0.958194 0.95818 0.958168 0.958158 0.958151 0.958146 0.958144 0.958144 0.958147 0.958152 0.95816 0.95817 0.958183 0.958197 0.958214 0.958232 0.958253 0.958274 0.958297 0.958321 0.958345 0.958371 0.958396 0.958421 0.958446 0.958471 0.958494 0.958517 0.958538 0.958558 0.958576 0.958592 0.958607 0.958619 0.958628 0.958636 0.95864 0.958643 0.958642 0.958639 0.958634 0.958626 0.958616 0.958603 0.958589 0.958572 0.958553 0.958533 0.958511 0.958489 0.958465 0.958441 
0.93748 0.937458 0.937439 0.93742 0.937403 0.937388 0.937375 0.937364 0.937356 0.93735 0.937346 0.937344 0.937345 0.937349 0.937354 0.937363 0.937373 0.937386 0.9374 0.937417 0.937435 0.937454 0.937475 0.937498 0.937521 0.937544 0.937568 0.937592 0.937617 0.93764 0.937663 0.937686 0.937707 0.937727 0.937746 0.937763 0.937778 0.937791 0.937801 0.93781 0.937816 0.93782 0.937821 0.93782 0.937817 0.937811 0.937803 0.937792 0.93778 0.937765 0.937748 0.93773 0.93771 0.937689 0.937667 0.937644 0.93762 0.937596 0.937572 0.937548 0.937525 0.937502 
0.908214 0.908203 0.908195 0.908189 0.908185 0.908184 0.908186 0.908191 0.908198 0.908208 0.908221 0.908235 0.908252 0.908271 0.908292 0.908314 0.908337 0.908362 0.908388 0.908414 0.908441 0.908467 0.908494 0.90852 0.908545 0.90857 0.908593 0.908614 0.908634 0.908652 0.908668 0.908682 0.908693 0.908702 0.908708 0.908711 0.908712 0.90871 0.908705 0.908698 0.908688 0.908676 0.908661 0.908644 0.908625 0.908604 0.908582 0.908558 0.908533 0.908508 0.908481 0.908455 0.908428 0.908401 0.908375 0.90835 0.908326 0.908303 0.908281 0.908261 0.908243 0.908228 
0.870674 0.87068 0.870688 0.8707 0.870714 0.870732 0.870752 0.870774 0.870799 0.870826 0.870854 0.870884 0.870914 0.870946 0.870978 0.87101 0.871042 0.871073 0.871104 0.871133 0.871161 0.871187 0.871211 0.871233 0.871253 0.871269 0.871283 0.871294 0.871302 0.871306 0.871307 0.871305 0.8713 0.871291 0.871279 0.871265 0.871247 0.871227 0.871205 0.87118 0.871153 0.871125 0.871095 0.871064 0.871032 0.871 0.870968 0.870936 0.870905 0.870874 0.870845 0.870817 0.870791 0.870767 0.870745 0.870726 0.870709 0.870696 0.870685 0.870677 0.870673 0.870672 
0.824915 0.82494 0.824967 0.824997 0.825029 0.825063 0.825098 0.825135 0.825172 0.825209 0.825247 0.825284 0.825321 0.825356 0.82539 0.825421 0.825451 0.825478 0.825503 0.825524 0.825542 0.825557 0.825568 0.825575 0.825579 0.825579 0.825575 0.825567 0.825555 0.82554 0.825522 0.8255 0.825475 0.825447 0.825417 0.825385 0.825351 0.825316 0.825279 0.825242 0.825204 0.825166 0.825129 0.825093 0.825058 0.825024 0.824992 0.824963 0.824936 0.824911 0.82489 0.824872 0.824858 0.824847 0.82484 0.824836 0.824837 0.824841 0.824849 0.82486 0.824876 0.824894 
0.770959 0.770998 0.771038 0.771079 0.77112 0.77116 0.771201 0.77124 0.771278 0.771314 0.771348 0.771379 0.771408 0.771434 0.771456 0.771474 0.771489 0.7715 0.771506 0.771509 0.771507 0.771502 0.771492 0.771478 0.77146 0.771438 0.771414 0.771385 0.771354 0.771321 0.771285 0.771247 0.771208 0.771168 0.771127 0.771086 0.771045 0.771004 0.770965 0.770927 0.770891 0.770857 0.770826 0.770798 0.770772 0.770751 0.770732 0.770718 0.770707 0.770701 0.770699 0.770701 0.770707 0.770717 0.770731 0.770749 0.77077 0.770795 0.770823 0.770854 0.770887 0.770923 
0.708765 0.708805 0.708843 0.70888 0.708915 0.708948 0.708978 0.709005 0.709028 0.709049 0.709065 0.709078 0.709086 0.709091 0.709091 0.709087 0.709079 0.709066 0.70905 0.70903 0.709007 0.70898 0.70895 0.708917 0.708882 0.708845 0.708806 0.708766 0.708726 0.708684 0.708643 0.708602 0.708562 0.708524 0.708486 0.708452 0.708419 0.708389 0.708362 0.708339 0.708319 0.708303 0.708291 0.708282 0.708278 0.708278 0.708283 0.708291 0.708304 0.70832 0.70834 0.708364 0.708391 0.70842 0.708453 0.708488 0.708525 0.708563 0.708603 0.708644 0.708685 0.708725 
0.638239 0.638264 0.638286 0.638305 0.63832 0.638332 0.63834 0.638344 0.638344 0.638341 0.638333 0.638322 0.638308 0.638289 0.638268 0.638243 0.638216 0.638186 0.638154 0.63812 0.638084 0.638047 0.638009 0.637971 0.637933 0.637896 0.637859 0.637823 0.637789 0.637756 0.637726 0.637699 0.637674 0.637652 0.637634 0.637619 0.637607 0.637599 0.637596 0.637595 0.637599 0.637607 0.637618 0.637633 0.637651 0.637673 0.637698 0.637725 0.637755 0.637787 0.637821 0.637857 0.637893 0.637931 0.637969 0.638007 0.638044 0.638081 0.638116 0.63815 0.638182 0.638212 
0.559331 0.559333 0.559332 0.559327 0.55932 0.559309 0.559295 0.559279 0.55926 0.559238 0.559214 0.559188 0.55916 0.559131 0.5591 0.559069 0.559037 0.559005 0.558973 0.558942 0.558911 0.558881 0.558853 0.558827 0.558802 0.55878 0.55876 0.558743 0.558729 0.558718 0.558709 0.558704 0.558702 0.558704 0.558708 0.558716 0.558727 0.558741 0.558758 0.558777 0.558799 0.558823 0.558849 0.558877 0.558906 0.558936 0.558968 0.558999 0.559031 0.559063 0.559094 0.559125 0.559154 0.559182 0.559208 0.559233 0.559255 0.559275 0.559292 0.559306 0.559317 0.559326 
0.472177 0.472163 0.472146 0.472128 0.472108 0.472087 0.472065 0.472041 0.472018 0.471993 0.471969 0.471945 0.471921 0.471897 0.471875 0.471854 0.471834 0.471815 0.471798 0.471783 0.47177 0.471759 0.471751 0.471744 0.471741 0.471739 0.47174 0.471744 0.47175 0.471758 0.471769 0.471782 0.471797 0.471813 0.471832 0.471852 0.471873 0.471895 0.471918 0.471942 0.471966 0.47199 0.472014 0.472038 0.472061 0.472084 0.472105 0.472125 0.472144 0.47216 0.472175 0.472188 0.472199 0.472208 0.472214 0.472217 0.472219 0.472218 0.472214 0.472208 0.4722 0.472189 
0.377232 0.377215 0.377199 0.377182 0.377166 0.37715 0.377135 0.37712 0.377106 0.377093 0.377081 0.37707 0.377061 0.377053 0.377047 0.377042 0.377039 0.377038 0.377039 0.377041 0.377044 0.37705 0.377057 0.377065 0.377075 0.377086 0.377099 0.377112 0.377126 0.377141 0.377157 0.377173 0.37719 0.377206 0.377223 0.377239 0.377255 0.377271 0.377286 0.377299 0.377312 0.377324 0.377334 0.377344 0.377351 0.377357 0.377362 0.377365 0.377366 0.377366 0.377364 0.37736 0.377354 0.377348 0.377339 0.377329 0.377318 0.377306 0.377292 0.377278 0.377263 0.377247 
0.275331 0.275323 0.275316 0.27531 0.275305 0.275301 0.275297 0.275295 0.275294 0.275294 0.275294 0.275296 0.275299 0.275303 0.275308 0.275314 0.275321 0.275328 0.275336 0.275345 0.275355 0.275364 0.275374 0.275385 0.275395 0.275406 0.275416 0.275426 0.275436 0.275445 0.275454 0.275462 0.27547 0.275477 0.275483 0.275488 0.275492 0.275496 0.275498 0.275499 0.275499 0.275498 0.275496 0.275493 0.275489 0.275484 0.275478 0.275472 0.275464 0.275456 0.275447 0.275438 0.275428 0.275418 0.275408 0.275397 0.275387 0.275377 0.275367 0.275357 0.275348 0.275339 
0.16776 0.16776 0.167761 0.167762 0.167764 0.167767 0.16777 0.167774 0.167778 0.167782 0.167787 0.167793 0.167798 0.167804 0.16781 0.167816 0.167822 0.167828 0.167834 0.16784 0.167846 0.167851 0.167856 0.167861 0.167865 0.167869 0.167872 0.167875 0.167877 0.167879 0.16788 0.16788 0.16788 0.167879 0.167877 0.167875 0.167873 0.167869 0.167866 0.167862 0.167857 0.167852 0.167847 0.167841 0.167835 0.167829 0.167823 0.167817 0.167811 0.167805 0.167799 0.167794 0.167788 0.167783 0.167779 0.167775 0.167771 0.167768 0.167765 0.167763 0.167761 0.16776 
0.0563755 0.0563769 0.0563785 0.0563802 0.0563821 0.0563841 0.0563862 0.0563884 0.0563906 0.0563929 0.0563952 0.0563974 0.0563996 0.0564017 0.0564038 0.0564057 0.0564075 0.0564092 0.0564106 0.0564119 0.0564131 0.056414 0.0564147 0.0564151 0.0564154 0.0564154 0.0564152 0.0564148 0.0564141 0.0564132 0.0564122 0.0564109 0.0564094 0.0564078 0.0564061 0.0564042 0.0564021 0.0564 0.0563979 0.0563956 0.0563934 0.0563911 0.0563889 0.0563867 0.0563846 0.0563826 0.0563806 0.0563789 0.0563772 0.0563757 0.0563744 0.0563733 0.0563724 0.0563718 0.0563713 0.0563711 0.0563711 0.0563713 0.0563718 0.0563725 0.0563734 0.0563743 
