0.0547616 0.0547606 0.0547596 0.0547587 0.0547578 0.054757 0.0547562 0.0547556 0.054755 0.0547545 0.0547541 0.0547538 0.0547536 0.0547536 0.0547536 0.0547538 0.054754 0.0547544 0.0547549 0.0547555 0.0547561 0.0547569 0.0547577 0.0547586 0.0547596 0.0547606 0.0547616 0.0547627 0.0547638 0.0547649 0.054766 0.054767 0.0547681 0.0547691 0.05477 0.0547709 0.0547718 0.0547725 0.0547732 0.0547738 0.0547743 0.0547746 0.0547749 0.0547751 0.0547751 0.0547751 0.0547749 0.0547746 0.0547743 0.0547738 0.0547732 0.0547725 0.0547718 0.054771 0.0547701 0.0547691 0.0547681 0.054767 0.054766 0.0547649 0.0547638 0.0547627 
0.163166 0.163163 0.16316 0.163157 0.163155 0.163152 0.163149 0.163147 0.163145 0.163142 0.16314 0.163139 0.163137 0.163136 0.163135 0.163134 0.163134 0.163133 0.163134 0.163134 0.163135 0.163136 0.163137 0.163138 0.16314 0.163142 0.163144 0.163146 0.163149 0.163151 0.163154 0.163157 0.16316 0.163162 0.163165 0.163168 0.163171 0.163173 0.163176 0.163178 0.16318 0.163182 0.163184 0.163185 0.163187 0.163188 0.163188 0.163189 0.163189 0.163189 0.163188 0.163188 0.163187 0.163186 0.163184 0.163182 0.16318 0.163178 0.163176 0.163173 0.163171 0.163168 
0.268329 0.268327 0.268324 0.268321 0.268318 0.268315 0.268311 0.268308 0.268304 0.2683 0.268296 0.268292 0.268287 0.268283 0.26828 0.268276 0.268272 0.268269 0.268266 0.268263 0.268261 0.268258 0.268257 0.268255 0.268254 0.268254 0.268254 0.268254 0.268255 0.268256 0.268257 0.268259 0.268262 0.268264 0.268267 0.26827 0.268274 0.268277 0.268281 0.268285 0.268289 0.268293 0.268297 0.268301 0.268305 0.268309 0.268313 0.268317 0.26832 0.268323 0.268326 0.268328 0.26833 0.268332 0.268333 0.268334 0.268335 0.268335 0.268334 0.268334 0.268332 0.268331 
0.368428 0.368431 0.368433 0.368435 0.368436 0.368437 0.368437 0.368437 0.368436 0.368434 0.368432 0.368429 0.368426 0.368422 0.368418 0.368414 0.368409 0.368404 0.368399 0.368393 0.368387 0.368382 0.368376 0.36837 0.368365 0.368359 0.368354 0.368349 0.368344 0.36834 0.368336 0.368333 0.36833 0.368327 0.368326 0.368324 0.368324 0.368324 0.368324 0.368325 0.368327 0.368329 0.368332 0.368335 0.368339 0.368343 0.368347 0.368352 0.368357 0.368363 0.368368 0.368374 0.36838 0.368386 0.368391 0.368397 0.368402 0.368407 0.368412 0.368417 0.368421 0.368425 
0.462081 0.46209 0.462098 0.462106 0.462114 0.462122 0.46213 0.462137 0.462144 0.46215 0.462156 0.462161 0.462165 0.462169 0.462172 0.462174 0.462175 0.462175 0.462174 0.462173 0.46217 0.462167 0.462163 0.462159 0.462153 0.462147 0.462141 0.462134 0.462126 0.462118 0.46211 0.462102 0.462094 0.462085 0.462077 0.462069 0.462061 0.462053 0.462046 0.462039 0.462033 0.462027 0.462022 0.462018 0.462014 0.462012 0.46201 0.462009 0.462009 0.46201 0.462011 0.462013 0.462017 0.462021 0.462025 0.462031 0.462037 0.462043 0.46205 0.462058 0.462066 0.462073 
0.548432 0.548438 0.548444 0.548452 0.548461 0.54847 0.54848 0.548491 0.548502 0.548514 0.548526 0.548539 0.548551 0.548563 0.548575 0.548587 0.548598 0.548609 0.548619 0.548629 0.548637 0.548644 0.548651 0.548656 0.54866 0.548663 0.548665 0.548665 0.548665 0.548663 0.548659 0.548655 0.548649 0.548642 0.548635 0.548626 0.548616 0.548606 0.548595 0.548584 0.548572 0.54856 0.548547 0.548535 0.548523 0.548511 0.548499 0.548488 0.548477 0.548467 0.548458 0.548449 0.548442 0.548436 0.548431 0.548426 0.548424 0.548422 0.548422 0.548422 0.548425 0.548428 
0.627056 0.627048 0.627043 0.627039 0.627037 0.627036 0.627038 0.627041 0.627045 0.627052 0.62706 0.627069 0.62708 0.627092 0.627105 0.627119 0.627135 0.62715 0.627167 0.627184 0.627201 0.627218 0.627235 0.627252 0.627268 0.627283 0.627298 0.627312 0.627325 0.627336 0.627346 0.627355 0.627362 0.627367 0.627371 0.627374 0.627374 0.627373 0.62737 0.627365 0.627358 0.627351 0.627341 0.62733 0.627318 0.627305 0.62729 0.627275 0.627259 0.627243 0.627226 0.627209 0.627192 0.627175 0.627158 0.627142 0.627126 0.627112 0.627098 0.627085 0.627074 0.627064 
0.697728 0.697708 0.697689 0.69767 0.697653 0.697637 0.697623 0.697611 0.6976 0.697592 0.697585 0.697581 0.697578 0.697578 0.69758 0.697585 0.697591 0.697599 0.69761 0.697622 0.697636 0.697651 0.697668 0.697686 0.697705 0.697726 0.697746 0.697767 0.697789 0.69781 0.697831 0.697852 0.697872 0.697892 0.69791 0.697927 0.697943 0.697957 0.697969 0.69798 0.697988 0.697995 0.697999 0.698001 0.698002 0.697999 0.697995 0.697989 0.697981 0.69797 0.697958 0.697944 0.697928 0.697912 0.697893 0.697874 0.697854 0.697833 0.697812 0.697791 0.697769 0.697748 
0.76025 0.760228 0.760205 0.760181 0.760157 0.760133 0.760109 0.760086 0.760063 0.760042 0.760021 0.760002 0.759985 0.759969 0.759955 0.759944 0.759934 0.759927 0.759922 0.75992 0.75992 0.759922 0.759927 0.759934 0.759943 0.759955 0.759969 0.759984 0.760002 0.760021 0.760041 0.760063 0.760085 0.760108 0.760132 0.760156 0.76018 0.760204 0.760227 0.760249 0.760271 0.760291 0.76031 0.760328 0.760343 0.760357 0.760369 0.760378 0.760386 0.76039 0.760393 0.760393 0.76039 0.760386 0.760378 0.760369 0.760357 0.760344 0.760328 0.760311 0.760292 0.760271 
0.814444 0.814431 0.814417 0.8144 0.814382 0.814362 0.814342 0.81432 0.814297 0.814274 0.81425 0.814226 0.814202 0.814179 0.814157 0.814135 0.814114 0.814095 0.814077 0.814061 0.814046 0.814034 0.814024 0.814016 0.81401 0.814007 0.814006 0.814008 0.814011 0.814018 0.814026 0.814037 0.81405 0.814065 0.814081 0.814099 0.814119 0.81414 0.814162 0.814184 0.814208 0.814231 0.814255 0.814278 0.814302 0.814324 0.814346 0.814366 0.814386 0.814403 0.814419 0.814434 0.814446 0.814456 0.814464 0.81447 0.814473 0.814474 0.814473 0.814469 0.814463 0.814454 
0.860216 0.860217 0.860216 0.860214 0.860209 0.860202 0.860193 0.860183 0.86017 0.860156 0.860141 0.860124 0.860107 0.860088 0.860068 0.860048 0.860028 0.860007 0.859987 0.859967 0.859947 0.859928 0.85991 0.859893 0.859878 0.859863 0.859851 0.85984 0.85983 0.859823 0.859818 0.859815 0.859813 0.859814 0.859817 0.859822 0.859829 0.859838 0.859849 0.859861 0.859875 0.859891 0.859907 0.859925 0.859944 0.859963 0.859983 0.860003 0.860024 0.860044 0.860064 0.860084 0.860103 0.860121 0.860137 0.860153 0.860167 0.86018 0.860191 0.8602 0.860207 0.860213 
0.897576 0.897587 0.897597 0.897605 0.897612 0.897618 0.897622 0.897625 0.897626 0.897625 0.897623 0.897619 0.897614 0.897607 0.897599 0.89759 0.897579 0.897567 0.897555 0.897541 0.897527 0.897512 0.897496 0.897481 0.897465 0.89745 0.897434 0.897419 0.897405 0.897391 0.897378 0.897366 0.897356 0.897346 0.897338 0.897331 0.897325 0.897321 0.897319 0.897318 0.897318 0.897321 0.897325 0.89733 0.897337 0.897345 0.897354 0.897365 0.897377 0.897389 0.897403 0.897417 0.897432 0.897447 0.897463 0.897478 0.897494 0.897509 0.897524 0.897538 0.897552 0.897565 
0.926585 0.926597 0.92661 0.926623 0.926635 0.926648 0.92666 0.926671 0.926682 0.926692 0.926701 0.926709 0.926716 0.926722 0.926726 0.92673 0.926732 0.926733 0.926732 0.92673 0.926727 0.926723 0.926717 0.926711 0.926703 0.926694 0.926685 0.926674 0.926663 0.926651 0.926639 0.926626 0.926614 0.926601 0.926588 0.926575 0.926563 0.926551 0.92654 0.926529 0.926519 0.92651 0.926502 0.926495 0.92649 0.926485 0.926482 0.92648 0.926479 0.926479 0.926481 0.926484 0.926489 0.926494 0.926501 0.926509 0.926517 0.926527 0.926537 0.926549 0.92656 0.926572 
0.947291 0.9473 0.94731 0.947322 0.947334 0.947347 0.947361 0.947376 0.947391 0.947406 0.947422 0.947437 0.947452 0.947467 0.947481 0.947495 0.947507 0.947519 0.94753 0.947539 0.947548 0.947555 0.94756 0.947564 0.947567 0.947568 0.947567 0.947565 0.947561 0.947556 0.947549 0.947542 0.947532 0.947522 0.94751 0.947498 0.947484 0.94747 0.947456 0.947441 0.947425 0.94741 0.947395 0.947379 0.947365 0.947351 0.947337 0.947324 0.947313 0.947302 0.947292 0.947284 0.947277 0.947272 0.947268 0.947265 0.947264 0.947265 0.947267 0.947271 0.947276 0.947283 
0.959713 0.959718 0.959724 0.959733 0.959743 0.959755 0.959769 0.959783 0.959799 0.959817 0.959834 0.959853 0.959872 0.959892 0.959911 0.959931 0.95995 0.959969 0.959987 0.960004 0.96002 0.960035 0.960049 0.960061 0.960071 0.96008 0.960087 0.960092 0.960095 0.960096 0.960095 0.960092 0.960087 0.960081 0.960072 0.960062 0.96005 0.960036 0.960021 0.960005 0.959988 0.95997 0.959951 0.959932 0.959913 0.959893 0.959873 0.959854 0.959835 0.959817 0.9598 0.959784 0.959769 0.959756 0.959744 0.959733 0.959725 0.959718 0.959713 0.95971 0.959709 0.95971 
0.963849 0.963853 0.963858 0.963866 0.963876 0.963887 0.9639 0.963916 0.963932 0.96395 0.963969 0.96399 0.96401 0.964032 0.964054 0.964076 0.964098 0.964119 0.96414 0.96416 0.964179 0.964197 0.964214 0.964229 0.964243 0.964254 0.964264 0.964272 0.964277 0.96428 0.964282 0.96428 0.964277 0.964272 0.964264 0.964254 0.964243 0.964229 0.964214 0.964197 0.964179 0.96416 0.96414 0.964119 0.964097 0.964075 0.964053 0.964032 0.96401 0.963989 0.963969 0.96395 0.963932 0.963915 0.9639 0.963886 0.963875 0.963865 0.963858 0.963852 0.963849 0.963848 
0.959697 0.959704 0.959712 0.959722 0.959734 0.959748 0.959763 0.95978 0.959798 0.959818 0.959838 0.959858 0.95988 0.959901 0.959923 0.959944 0.959965 0.959985 0.960004 0.960023 0.96004 0.960056 0.96007 0.960082 0.960093 0.960101 0.960108 0.960112 0.960115 0.960115 0.960113 0.960109 0.960103 0.960094 0.960084 0.960072 0.960058 0.960042 0.960026 0.960007 0.959988 0.959968 0.959947 0.959926 0.959904 0.959883 0.959862 0.959841 0.95982 0.959801 0.959783 0.959766 0.95975 0.959736 0.959723 0.959713 0.959704 0.959698 0.959693 0.959691 0.959691 0.959693 
0.947263 0.947276 0.94729 0.947305 0.947322 0.947339 0.947358 0.947376 0.947396 0.947415 0.947435 0.947454 0.947473 0.947492 0.94751 0.947526 0.947542 0.947556 0.947569 0.947581 0.94759 0.947598 0.947604 0.947608 0.94761 0.94761 0.947609 0.947605 0.947599 0.947591 0.947582 0.947571 0.947558 0.947544 0.947529 0.947512 0.947494 0.947476 0.947457 0.947438 0.947418 0.947398 0.947379 0.94736 0.947342 0.947324 0.947307 0.947292 0.947277 0.947264 0.947253 0.947243 0.947236 0.94723 0.947226 0.947224 0.947224 0.947226 0.947229 0.947235 0.947243 0.947252 
0.926556 0.926575 0.926594 0.926613 0.926633 0.926652 0.92667 0.926688 0.926706 0.926722 0.926737 0.92675 0.926762 0.926773 0.926782 0.926789 0.926794 0.926797 0.926799 0.926798 0.926795 0.926791 0.926784 0.926776 0.926766 0.926754 0.926741 0.926726 0.926711 0.926694 0.926676 0.926658 0.926639 0.926619 0.9266 0.92658 0.926561 0.926543 0.926525 0.926508 0.926492 0.926477 0.926463 0.926451 0.926441 0.926432 0.926425 0.92642 0.926417 0.926415 0.926416 0.926419 0.926424 0.92643 0.926438 0.926449 0.92646 0.926473 0.926488 0.926504 0.926521 0.926538 
0.897567 0.897587 0.897606 0.897623 0.897639 0.897653 0.897666 0.897676 0.897685 0.897691 0.897695 0.897696 0.897696 0.897693 0.897688 0.89768 0.897671 0.897659 0.897645 0.89763 0.897613 0.897595 0.897575 0.897555 0.897533 0.897511 0.897489 0.897466 0.897444 0.897421 0.8974 0.897379 0.897359 0.89734 0.897322 0.897306 0.897292 0.89728 0.89727 0.897261 0.897255 0.897252 0.89725 0.897251 0.897254 0.897259 0.897267 0.897276 0.897288 0.897302 0.897317 0.897334 0.897352 0.897372 0.897393 0.897414 0.897436 0.897458 0.897481 0.897503 0.897526 0.897547 
0.860252 0.860263 0.860273 0.860279 0.860283 0.860284 0.860283 0.860278 0.860271 0.860262 0.86025 0.860235 0.860218 0.8602 0.860179 0.860156 0.860133 0.860107 0.860082 0.860055 0.860028 0.860001 0.859974 0.859947 0.859921 0.859897 0.859873 0.859851 0.859831 0.859812 0.859796 0.859782 0.85977 0.859761 0.859754 0.859751 0.85975 0.859751 0.859756 0.859763 0.859773 0.859785 0.859799 0.859816 0.859835 0.859856 0.859878 0.859902 0.859927 0.859953 0.85998 0.860007 0.860034 0.860061 0.860087 0.860113 0.860138 0.860161 0.860183 0.860204 0.860222 0.860238 
0.814537 0.814532 0.814525 0.814514 0.8145 0.814484 0.814466 0.814445 0.814422 0.814397 0.81437 0.814343 0.814314 0.814284 0.814254 0.814224 0.814194 0.814164 0.814136 0.814108 0.814082 0.814057 0.814035 0.814014 0.813996 0.81398 0.813967 0.813957 0.81395 0.813946 0.813945 0.813947 0.813952 0.813959 0.81397 0.813984 0.814 0.814019 0.81404 0.814063 0.814088 0.814114 0.814142 0.814171 0.8142 0.81423 0.81426 0.81429 0.81432 0.814348 0.814376 0.814402 0.814426 0.814449 0.81447 0.814488 0.814503 0.814516 0.814526 0.814534 0.814538 0.814539 
0.760378 0.760357 0.760333 0.760308 0.760281 0.760253 0.760224 0.760194 0.760164 0.760133 0.760103 0.760074 0.760045 0.760018 0.759992 0.759968 0.759945 0.759925 0.759907 0.759892 0.75988 0.75987 0.759864 0.75986 0.759859 0.759862 0.759868 0.759876 0.759887 0.759902 0.759919 0.759938 0.759959 0.759983 0.760008 0.760035 0.760063 0.760093 0.760122 0.760153 0.760183 0.760213 0.760242 0.760271 0.760298 0.760324 0.760348 0.760371 0.760391 0.760408 0.760423 0.760436 0.760445 0.760452 0.760456 0.760456 0.760453 0.760448 0.760439 0.760428 0.760414 0.760397 
0.697832 0.697804 0.697777 0.69775 0.697723 0.697697 0.697672 0.697648 0.697625 0.697604 0.697585 0.697569 0.697554 0.697542 0.697533 0.697526 0.697522 0.69752 0.697522 0.697526 0.697533 0.697543 0.697555 0.69757 0.697586 0.697605 0.697626 0.697649 0.697673 0.697698 0.697724 0.697751 0.697779 0.697806 0.697833 0.69786 0.697886 0.697912 0.697935 0.697958 0.697979 0.697998 0.698014 0.698029 0.698041 0.69805 0.698057 0.698061 0.698062 0.698061 0.698056 0.698049 0.69804 0.698027 0.698013 0.697996 0.697977 0.697956 0.697933 0.697909 0.697884 0.697858 
0.62708 0.627063 0.627046 0.627032 0.627019 0.627007 0.626998 0.626991 0.626987 0.626984 0.626984 0.626986 0.626991 0.626997 0.627006 0.627017 0.627029 0.627044 0.62706 0.627078 0.627097 0.627117 0.627138 0.62716 0.627182 0.627205 0.627227 0.627249 0.627271 0.627292 0.627313 0.627332 0.62735 0.627366 0.627381 0.627394 0.627405 0.627414 0.627421 0.627426 0.627428 0.627428 0.627426 0.627422 0.627415 0.627406 0.627396 0.627383 0.627368 0.627352 0.627334 0.627315 0.627295 0.627274 0.627252 0.627229 0.627207 0.627184 0.627162 0.62714 0.627119 0.627099 
0.54838 0.548378 0.548379 0.548381 0.548384 0.54839 0.548396 0.548405 0.548414 0.548426 0.548438 0.548451 0.548466 0.548481 0.548497 0.548513 0.54853 0.548546 0.548563 0.54858 0.548596 0.548612 0.548627 0.548641 0.548654 0.548666 0.548677 0.548686 0.548694 0.548701 0.548705 0.548709 0.54871 0.54871 0.548708 0.548704 0.548699 0.548692 0.548684 0.548674 0.548663 0.54865 0.548637 0.548622 0.548607 0.548591 0.548575 0.548558 0.548541 0.548524 0.548508 0.548492 0.548476 0.548461 0.548447 0.548434 0.548422 0.548411 0.548402 0.548394 0.548388 0.548383 
0.462012 0.462021 0.46203 0.46204 0.462051 0.462061 0.462073 0.462084 0.462095 0.462107 0.462118 0.462129 0.46214 0.46215 0.46216 0.462169 0.462177 0.462184 0.46219 0.462196 0.4622 0.462203 0.462205 0.462206 0.462206 0.462204 0.462201 0.462198 0.462193 0.462187 0.46218 0.462172 0.462164 0.462154 0.462144 0.462134 0.462123 0.462112 0.4621 0.462089 0.462077 0.462066 0.462055 0.462044 0.462034 0.462024 0.462016 0.462007 0.462 0.461994 0.461989 0.461985 0.461982 0.46198 0.461979 0.461979 0.461981 0.461984 0.461988 0.461992 0.461998 0.462005 
0.368399 0.368406 0.368413 0.368419 0.368425 0.368431 0.368436 0.368441 0.368444 0.368448 0.36845 0.368452 0.368454 0.368454 0.368454 0.368453 0.368451 0.368448 0.368445 0.368441 0.368437 0.368432 0.368426 0.36842 0.368413 0.368407 0.3684 0.368392 0.368385 0.368377 0.36837 0.368363 0.368356 0.368349 0.368342 0.368336 0.36833 0.368325 0.368321 0.368317 0.368313 0.368311 0.368309 0.368308 0.368308 0.368308 0.368309 0.368311 0.368314 0.368317 0.368321 0.368325 0.36833 0.368336 0.368342 0.368349 0.368356 0.368363 0.36837 0.368377 0.368385 0.368392 
0.268341 0.268342 0.268342 0.268342 0.268341 0.26834 0.268339 0.268337 0.268334 0.268331 0.268328 0.268325 0.268321 0.268317 0.268312 0.268308 0.268303 0.268298 0.268293 0.268288 0.268284 0.268279 0.268274 0.26827 0.268266 0.268262 0.268259 0.268256 0.268253 0.268251 0.268249 0.268248 0.268247 0.268247 0.268247 0.268247 0.268248 0.26825 0.268252 0.268255 0.268258 0.268261 0.268264 0.268268 0.268273 0.268277 0.268282 0.268286 0.268291 0.268296 0.268301 0.268306 0.26831 0.268315 0.268319 0.268323 0.268327 0.26833 0.268333 0.268336 0.268338 0.26834 
0.163185 0.163183 0.163181 0.163178 0.163175 0.163172 0.163169 0.163166 0.163163 0.16316 0.163156 0.163153 0.16315 0.163147 0.163144 0.163142 0.163139 0.163137 0.163135 0.163133 0.163132 0.163131 0.16313 0.163129 0.163129 0.163129 0.16313 0.163131 0.163132 0.163133 0.163135 0.163137 0.163139 0.163142 0.163145 0.163148 0.163151 0.163154 0.163157 0.16316 0.163163 0.163167 0.16317 0.163173 0.163176 0.163179 0.163181 0.163184 0.163186 0.163188 0.16319 0.163191 0.163192 0.163193 0.163193 0.163193 0.163193 0.163193 0.163192 0.163191 0.163189 0.163187 
0.0547689 0.0547676 0.0547663 0.054765 0.0547637 0.0547624 0.0547611 0.0547599 0.0547587 0.0547575 0.0547564 0.0547554 0.0547545 0.0547537 0.054753 0.0547524 0.0547519 0.0547516 0.0547514 0.0547513 0.0547514 0.0547516 0.0547519 0.0547524 0.0547529 0.0547536 0.0547545 0.0547554 0.0547564 0.0547575 0.0547586 0.0547599 0.0547611 0.0547624 0.0547638 0.0547651 0.0547664 0.0547677 0.054769 0.0547702 0.0547713 0.0547724 0.0547734 0.0547744 0.0547752 0.0547759 0.0547764 0.0547769 0.0547772 0.0547774 0.0547775 0.0547774 0.0547772 0.0547769 0.0547764 0.0547758 0.0547751 0.0547743 0.0547733 0.0547723 0.0547712 0.0547701 
