0.0427304 0.0427304 0.0427304 0.0427304 0.0427304 0.0427304 0.0427304 0.0427304 0.0427304 0.0427304 0.0427304 0.0427304 0.0427304 0.0427304 0.0427304 0.0427304 0.0427304 0.0427304 0.0427304 0.0427305 0.0427305 0.0427305 0.0427305 0.0427305 0.0427305 0.0427305 0.0427305 0.0427305 0.0427305 0.0427305 0.0427305 0.0427305 0.0427305 0.0427305 0.0427305 0.0427305 0.0427305 0.0427305 0.0427305 0.0427305 0.0427305 0.0427305 0.0427305 0.0427305 0.0427305 0.0427305 0.0427305 0.0427305 0.0427305 0.0427305 0.0427305 0.0427305 0.0427305 0.0427304 0.0427304 0.0427304 0.0427304 0.0427304 0.0427304 0.0427304 0.0427304 0.0427304 
0.127685 0.127685 0.127685 0.127685 0.127685 0.127685 0.127685 0.127685 0.127685 0.127685 0.127685 0.127685 0.127685 0.127685 0.127685 0.127685 0.127685 0.127685 0.127685 0.127685 0.127685 0.127685 0.127685 0.127685 0.127685 0.127685 0.127685 0.127685 0.127685 0.127685 0.127685 0.127685 0.127685 0.127685 0.127685 0.127685 0.127685 0.127685 0.127685 0.127685 0.127685 0.127685 0.127685 0.127685 0.127685 0.127685 0.127685 0.127685 0.127685 0.127685 0.127685 0.127685 0.127685 0.127685 0.127685 0.127685 0.127685 0.127685 0.127685 0.127685 0.127685 0.127685 
0.211133 0.211133 0.211133 0.211133 0.211133 0.211133 0.211133 0.211133 0.211133 0.211133 0.211133 0.211133 0.211133 0.211133 0.211133 0.211133 0.211133 0.211133 0.211133 0.211133 0.211133 0.211133 0.211133 0.211133 0.211133 0.211133 0.211133 0.211133 0.211133 0.211133 0.211133 0.211133 0.211133 0.211133 0.211133 0.211133 0.211133 0.211133 0.211133 0.211133 0.211133 0.211133 0.211133 0.211133 0.211133 0.211133 0.211133 0.211133 0.211133 0.211133 0.211133 0.211133 0.211133 0.211133 0.211133 0.211133 0.211133 0.211133 0.211133 0.211133 0.211133 0.211133 
0.292107 0.292107 0.292107 0.292107 0.292107 0.292107 0.292107 0.292107 0.292107 0.292107 0.292107 0.292107 0.292107 0.292107 0.292107 0.292107 0.292107 0.292107 0.292107 0.292107 0.292107 0.292107 0.292107 0.292107 0.292107 0.292107 0.292107 0.292107 0.292107 0.292107 0.292107 0.292107 0.292107 0.292107 0.292107 0.292107 0.292107 0.292107 0.292107 0.292107 0.292107 0.292107 0.292107 0.292107 0.292107 0.292107 0.292107 0.292107 0.292107 0.292107 0.292107 0.292107 0.292107 0.292107 0.292107 0.292107 0.292107 0.292107 0.292107 0.292107 0.292107 0.292107 
0.369696 0.369696 0.369696 0.369696 0.369696 0.369696 0.369696 0.369696 0.369696 0.369696 0.369696 0.369696 0.369696 0.369696 0.369696 0.369696 0.369696 0.369696 0.369696 0.369696 0.369696 0.369696 0.369696 0.369696 0.369696 0.369696 0.369696 0.369696 0.369696 0.369696 0.369696 0.369696 0.369696 0.369696 0.369696 0.369696 0.369696 0.369696 0.369696 0.369696 0.369696 0.369696 0.369696 0.369696 0.369696 0.369696 0.369696 0.369696 0.369696 0.369696 0.369696 0.369696 0.369696 0.369696 0.369696 0.369696 0.369696 0.369696 0.369696 0.369696 0.369696 0.369696 
0.443061 0.443061 0.443061 0.443062 0.443062 0.443062 0.443062 0.443062 0.443062 0.443062 0.443062 0.443062 0.443062 0.443062 0.443062 0.443062 0.443062 0.443062 0.443062 0.443062 0.443062 0.443062 0.443062 0.443062 0.443062 0.443062 0.443062 0.443062 0.443062 0.443061 0.443061 0.443061 0.443061 0.443061 0.443061 0.443061 0.443061 0.443061 0.443061 0.443061 0.443061 0.443061 0.443061 0.443061 0.443061 0.443061 0.443061 0.443061 0.443061 0.443061 0.443061 0.443061 0.443061 0.443061 0.443061 0.443061 0.443061 0.443061 0.443061 0.443061 0.443061 0.443061 
0.511446 0.511446 0.511446 0.511446 0.511446 0.511446 0.511446 0.511447 0.511447 0.511447 0.511447 0.511447 0.511447 0.511447 0.511447 0.511447 0.511447 0.511447 0.511447 0.511447 0.511447 0.511447 0.511447 0.511447 0.511447 0.511447 0.511447 0.511447 0.511447 0.511447 0.511447 0.511447 0.511447 0.511446 0.511446 0.511446 0.511446 0.511446 0.511446 0.511446 0.511446 0.511446 0.511446 0.511446 0.511446 0.511446 0.511446 0.511446 0.511446 0.511446 0.511445 0.511446 0.511446 0.511446 0.511446 0.511446 0.511446 0.511446 0.511446 0.511446 0.511446 0.511446 
0.574185 0.574186 0.574186 0.574186 0.574186 0.574186 0.574186 0.574186 0.574187 0.574187 0.574187 0.574187 0.574187 0.574187 0.574188 0.574188 0.574188 0.574188 0.574188 0.574188 0.574188 0.574188 0.574188 0.574188 0.574188 0.574188 0.574188 0.574188 0.574188 0.574188 0.574188 0.574188 0.574188 0.574188 0.574187 0.574187 0.574187 0.574187 0.574187 0.574187 0.574187 0.574186 0.574186 0.574186 0.574186 0.574186 0.574186 0.574186 0.574185 0.574185 0.574185 0.574185 0.574185 0.574185 0.574185 0.574185 0.574185 0.574185 0.574185 0.574185 0.574185 0.574185 
0.63071 0.63071 0.63071 0.63071 0.63071 0.63071 0.63071 0.630711 0.630711 0.630711 0.630711 0.630712 0.630712 0.630712 0.630712 0.630713 0.630713 0.630713 0.630713 0.630714 0.630714 0.630714 0.630714 0.630714 0.630715 0.630715 0.630715 0.630715 0.630715 0.630715 0.630715 0.630715 0.630715 0.630714 0.630714 0.630714 0.630714 0.630714 0.630714 0.630713 0.630713 0.630713 0.630713 0.630712 0.630712 0.630712 0.630711 0.630711 0.630711 0.630711 0.63071 0.63071 0.63071 0.63071 0.63071 0.63071 0.63071 0.63071 0.630709 0.630709 0.630709 0.63071 
0.680541 0.680541 0.680541 0.680541 0.680541 0.680541 0.680542 0.680542 0.680542 0.680542 0.680543 0.680543 0.680543 0.680544 0.680544 0.680544 0.680545 0.680545 0.680545 0.680546 0.680546 0.680546 0.680547 0.680547 0.680547 0.680548 0.680548 0.680548 0.680548 0.680548 0.680548 0.680548 0.680548 0.680548 0.680548 0.680548 0.680548 0.680548 0.680548 0.680548 0.680547 0.680547 0.680547 0.680546 0.680546 0.680546 0.680545 0.680545 0.680545 0.680544 0.680544 0.680544 0.680543 0.680543 0.680543 0.680542 0.680542 0.680542 0.680542 0.680541 0.680541 0.680541 
0.723291 0.72329 0.72329 0.72329 0.72329 0.72329 0.72329 0.72329 0.72329 0.723291 0.723291 0.723291 0.723291 0.723292 0.723292 0.723292 0.723293 0.723293 0.723294 0.723294 0.723295 0.723295 0.723296 0.723296 0.723296 0.723297 0.723297 0.723297 0.723298 0.723298 0.723298 0.723299 0.723299 0.723299 0.723299 0.723299 0.723299 0.723299 0.723299 0.723299 0.723299 0.723298 0.723298 0.723298 0.723297 0.723297 0.723297 0.723296 0.723296 0.723295 0.723295 0.723295 0.723294 0.723294 0.723293 0.723293 0.723292 0.723292 0.723292 0.723291 0.723291 0.723291 
0.758648 0.758648 0.758648 0.758647 0.758647 0.758647 0.758647 0.758647 0.758647 0.758647 0.758647 0.758647 0.758648 0.758648 0.758648 0.758649 0.758649 0.758649 0.75865 0.75865 0.75865 0.758651 0.758651 0.758652 0.758652 0.758653 0.758653 0.758654 0.758654 0.758654 0.758655 0.758655 0.758655 0.758656 0.758656 0.758656 0.758656 0.758656 0.758656 0.758656 0.758656 0.758656 0.758656 0.758656 0.758655 0.758655 0.758655 0.758654 0.758654 0.758654 0.758653 0.758653 0.758652 0.758652 0.758651 0.758651 0.75865 0.75865 0.75865 0.758649 0.758649 0.758649 
0.786376 0.786375 0.786375 0.786375 0.786375 0.786375 0.786375 0.786374 0.786374 0.786374 0.786374 0.786374 0.786375 0.786375 0.786375 0.786375 0.786375 0.786376 0.786376 0.786376 0.786377 0.786377 0.786377 0.786378 0.786378 0.786378 0.786379 0.786379 0.78638 0.78638 0.78638 0.786381 0.786381 0.786381 0.786381 0.786381 0.786382 0.786382 0.786382 0.786382 0.786382 0.786382 0.786382 0.786382 0.786382 0.786381 0.786381 0.786381 0.786381 0.78638 0.78638 0.78638 0.786379 0.786379 0.786379 0.786378 0.786378 0.786377 0.786377 0.786377 0.786376 0.786376 
0.806298 0.806298 0.806298 0.806298 0.806298 0.806298 0.806298 0.806298 0.806298 0.806298 0.806298 0.806298 0.806298 0.806298 0.806298 0.806298 0.806298 0.806299 0.806299 0.806299 0.806299 0.806299 0.8063 0.8063 0.8063 0.8063 0.8063 0.806301 0.806301 0.806301 0.806301 0.806301 0.806302 0.806302 0.806302 0.806302 0.806302 0.806302 0.806302 0.806302 0.806302 0.806302 0.806302 0.806302 0.806302 0.806302 0.806302 0.806301 0.806301 0.806301 0.806301 0.806301 0.8063 0.8063 0.8063 0.8063 0.8063 0.806299 0.806299 0.806299 0.806299 0.806299 
0.818298 0.818298 0.818298 0.818298 0.818298 0.818298 0.818298 0.818298 0.818298 0.818298 0.818299 0.818299 0.818299 0.818299 0.818299 0.818299 0.818299 0.818299 0.818299 0.818299 0.818299 0.818299 0.818299 0.818299 0.818299 0.818299 0.818299 0.818299 0.818299 0.818299 0.818299 0.818299 0.818299 0.818299 0.818299 0.818299 0.818299 0.818299 0.818299 0.818299 0.818299 0.818298 0.818298 0.818298 0.818298 0.818298 0.818298 0.818298 0.818298 0.818298 0.818298 0.818298 0.818298 0.818298 0.818298 0.818298 0.818298 0.818298 0.818298 0.818298 0.818298 0.818298 
0.822306 0.822306 0.822306 0.822306 0.822307 0.822307 0.822307 0.822307 0.822308 0.822308 0.822308 0.822308 0.822308 0.822308 0.822308 0.822308 0.822308 0.822308 0.822308 0.822308 0.822308 0.822308 0.822308 0.822308 0.822307 0.822307 0.822307 0.822307 0.822306 0.822306 0.822306 0.822305 0.822305 0.822305 0.822305 0.822304 0.822304 0.822304 0.822304 0.822303 0.822303 0.822303 0.822303 0.822303 0.822303 0.822303 0.822303 0.822303 0.822303 0.822303 0.822303 0.822303 0.822303 0.822303 0.822303 0.822304 0.822304 0.822304 0.822304 0.822305 0.822305 0.822305 
0.8183 0.8183 0.818301 0.818301 0.818302 0.818302 0.818302 0.818303 0.818303 0.818303 0.818303 0.818303 0.818303 0.818303 0.818303 0.818303 0.818303 0.818303 0.818303 0.818302 0.818302 0.818302 0.818301 0.818301 0.818301 0.8183 0.8183 0.818299 0.818299 0.818298 0.818298 0.818297 0.818297 0.818296 0.818296 0.818296 0.818295 0.818295 0.818295 0.818294 0.818294 0.818294 0.818294 0.818294 0.818294 0.818294 0.818294 0.818294 0.818294 0.818295 0.818295 0.818295 0.818295 0.818296 0.818296 0.818297 0.818297 0.818298 0.818298 0.818299 0.818299 0.8183 
0.806303 0.806304 0.806304 0.806305 0.806305 0.806305 0.806306 0.806306 0.806306 0.806306 0.806306 0.806306 0.806306 0.806306 0.806306 0.806305 0.806305 0.806305 0.806304 0.806304 0.806303 0.806303 0.806302 0.806302 0.806301 0.8063 0.8063 0.806299 0.806299 0.806298 0.806297 0.806297 0.806296 0.806296 0.806296 0.806295 0.806295 0.806295 0.806294 0.806294 0.806294 0.806294 0.806294 0.806294 0.806295 0.806295 0.806295 0.806295 0.806296 0.806296 0.806297 0.806297 0.806298 0.806298 0.806299 0.806299 0.8063 0.806301 0.806301 0.806302 0.806302 0.806303 
0.786384 0.786384 0.786384 0.786385 0.786385 0.786385 0.786385 0.786385 0.786385 0.786385 0.786385 0.786384 0.786384 0.786384 0.786383 0.786383 0.786382 0.786382 0.786381 0.78638 0.78638 0.786379 0.786378 0.786378 0.786377 0.786376 0.786376 0.786375 0.786375 0.786374 0.786374 0.786373 0.786373 0.786373 0.786373 0.786372 0.786372 0.786372 0.786372 0.786372 0.786372 0.786373 0.786373 0.786373 0.786374 0.786374 0.786375 0.786375 0.786376 0.786376 0.786377 0.786377 0.786378 0.786379 0.786379 0.78638 0.786381 0.786381 0.786382 0.786382 0.786383 0.786383 
0.758658 0.758658 0.758658 0.758658 0.758658 0.758658 0.758658 0.758657 0.758657 0.758657 0.758656 0.758656 0.758655 0.758655 0.758654 0.758654 0.758653 0.758652 0.758652 0.758651 0.758651 0.75865 0.758649 0.758649 0.758648 0.758648 0.758647 0.758647 0.758647 0.758647 0.758646 0.758646 0.758646 0.758646 0.758646 0.758646 0.758646 0.758647 0.758647 0.758647 0.758648 0.758648 0.758649 0.758649 0.75865 0.75865 0.758651 0.758651 0.758652 0.758653 0.758653 0.758654 0.758654 0.758655 0.758656 0.758656 0.758656 0.758657 0.758657 0.758658 0.758658 0.758658 
0.7233 0.7233 0.7233 0.7233 0.723299 0.723299 0.723298 0.723298 0.723298 0.723297 0.723296 0.723296 0.723295 0.723295 0.723294 0.723294 0.723293 0.723293 0.723292 0.723292 0.723291 0.723291 0.723291 0.72329 0.72329 0.72329 0.72329 0.72329 0.72329 0.72329 0.72329 0.72329 0.72329 0.723291 0.723291 0.723291 0.723292 0.723292 0.723292 0.723293 0.723293 0.723294 0.723295 0.723295 0.723296 0.723296 0.723297 0.723297 0.723298 0.723298 0.723299 0.723299 0.723299 0.7233 0.7233 0.7233 0.7233 0.723301 0.723301 0.723301 0.723301 0.7233 
0.680548 0.680548 0.680548 0.680547 0.680547 0.680546 0.680546 0.680545 0.680545 0.680544 0.680544 0.680544 0.680543 0.680543 0.680543 0.680542 0.680542 0.680542 0.680541 0.680541 0.680541 0.680541 0.680541 0.680541 0.680541 0.680541 0.680541 0.680542 0.680542 0.680542 0.680542 0.680543 0.680543 0.680543 0.680544 0.680544 0.680545 0.680545 0.680546 0.680546 0.680547 0.680547 0.680547 0.680548 0.680548 0.680549 0.680549 0.680549 0.680549 0.68055 0.68055 0.68055 0.68055 0.68055 0.68055 0.68055 0.68055 0.68055 0.680549 0.680549 0.680549 0.680549 
0.630713 0.630713 0.630712 0.630712 0.630712 0.630711 0.630711 0.630711 0.630711 0.63071 0.63071 0.63071 0.63071 0.63071 0.630709 0.630709 0.630709 0.630709 0.630709 0.63071 0.63071 0.63071 0.63071 0.63071 0.63071 0.630711 0.630711 0.630711 0.630712 0.630712 0.630712 0.630713 0.630713 0.630713 0.630714 0.630714 0.630714 0.630715 0.630715 0.630715 0.630715 0.630716 0.630716 0.630716 0.630716 0.630716 0.630716 0.630716 0.630716 0.630716 0.630716 0.630716 0.630716 0.630716 0.630715 0.630715 0.630715 0.630715 0.630714 0.630714 0.630714 0.630713 
0.574186 0.574186 0.574186 0.574186 0.574185 0.574185 0.574185 0.574185 0.574185 0.574185 0.574185 0.574185 0.574185 0.574185 0.574185 0.574185 0.574185 0.574185 0.574186 0.574186 0.574186 0.574186 0.574186 0.574187 0.574187 0.574187 0.574187 0.574188 0.574188 0.574188 0.574188 0.574189 0.574189 0.574189 0.574189 0.574189 0.574189 0.57419 0.57419 0.57419 0.57419 0.57419 0.57419 0.57419 0.57419 0.57419 0.574189 0.574189 0.574189 0.574189 0.574189 0.574189 0.574188 0.574188 0.574188 0.574188 0.574188 0.574187 0.574187 0.574187 0.574187 0.574186 
0.511446 0.511446 0.511446 0.511445 0.511445 0.511445 0.511445 0.511446 0.511446 0.511446 0.511446 0.511446 0.511446 0.511446 0.511446 0.511446 0.511446 0.511447 0.511447 0.511447 0.511447 0.511447 0.511447 0.511447 0.511448 0.511448 0.511448 0.511448 0.511448 0.511448 0.511448 0.511448 0.511448 0.511448 0.511448 0.511448 0.511448 0.511448 0.511448 0.511448 0.511448 0.511448 0.511448 0.511448 0.511448 0.511448 0.511448 0.511448 0.511447 0.511447 0.511447 0.511447 0.511447 0.511447 0.511447 0.511446 0.511446 0.511446 0.511446 0.511446 0.511446 0.511446 
0.443061 0.443061 0.443061 0.443061 0.443061 0.443061 0.443061 0.443061 0.443062 0.443062 0.443062 0.443062 0.443062 0.443062 0.443062 0.443062 0.443062 0.443062 0.443062 0.443062 0.443062 0.443063 0.443063 0.443063 0.443063 0.443063 0.443063 0.443063 0.443063 0.443063 0.443063 0.443063 0.443063 0.443063 0.443063 0.443063 0.443063 0.443063 0.443063 0.443063 0.443062 0.443062 0.443062 0.443062 0.443062 0.443062 0.443062 0.443062 0.443062 0.443062 0.443062 0.443062 0.443062 0.443061 0.443061 0.443061 0.443061 0.443061 0.443061 0.443061 0.443061 0.443061 
0.369697 0.369697 0.369697 0.369697 0.369697 0.369697 0.369697 0.369697 0.369697 0.369697 0.369697 0.369697 0.369697 0.369697 0.369697 0.369697 0.369697 0.369697 0.369697 0.369697 0.369697 0.369697 0.369697 0.369697 0.369697 0.369697 0.369697 0.369697 0.369697 0.369697 0.369697 0.369697 0.369697 0.369697 0.369697 0.369697 0.369697 0.369697 0.369697 0.369697 0.369697 0.369697 0.369697 0.369697 0.369697 0.369697 0.369697 0.369697 0.369697 0.369697 0.369697 0.369697 0.369697 0.369697 0.369697 0.369697 0.369697 0.369697 0.369697 0.369697 0.369697 0.369697 
0.292107 0.292107 0.292107 0.292107 0.292107 0.292107 0.292107 0.292107 0.292107 0.292107 0.292107 0.292107 0.292107 0.292107 0.292107 0.292107 0.292107 0.292107 0.292107 0.292107 0.292107 0.292107 0.292107 0.292107 0.292107 0.292107 0.292107 0.292107 0.292107 0.292107 0.292107 0.292107 0.292107 0.292107 0.292107 0.292107 0.292107 0.292107 0.292107 0.292107 0.292107 0.292107 0.292107 0.292107 0.292107 0.292107 0.292107 0.292107 0.292107 0.292107 0.292107 0.292107 0.292107 0.292107 0.292107 0.292107 0.292107 0.292107 0.292107 0.292107 0.292107 0.292107 
0.211133 0.211133 0.211133 0.211133 0.211133 0.211133 0.211133 0.211133 0.211133 0.211133 0.211133 0.211133 0.211133 0.211133 0.211133 0.211133 0.211133 0.211133 0.211133 0.211133 0.211133 0.211133 0.211133 0.211133 0.211133 0.211133 0.211133 0.211133 0.211133 0.211133 0.211133 0.211133 0.211133 0.211133 0.211133 0.211133 0.211133 0.211133 0.211133 0.211133 0.211133 0.211133 0.211133 0.211133 0.211133 0.211133 0.211133 0.211133 0.211133 0.211133 0.211133 0.211133 0.211133 0.211133 0.211133 0.211133 0.211133 0.211133 0.211133 0.211133 0.211133 0.211133 
0.127685 0.127685 0.127685 0.127685 0.127685 0.127685 0.127685 0.127685 0.127685 0.127685 0.127685 0.127685 0.127685 0.127685 0.127685 0.127685 0.127685 0.127685 0.127685 0.127685 0.127685 0.127685 0.127685 0.127685 0.127685 0.127685 0.127685 0.127685 0.127685 0.127685 0.127685 0.127685 0.127685 0.127685 0.127685 0.127685 0.127685 0.127685 0.127685 0.127685 0.127685 0.127685 0.127685 0.127685 0.127685 0.127685 0.127685 0.127685 0.127685 0.127685 0.127685 0.127685 0.127685 0.127685 0.127685 0.127685 0.127685 0.127685 0.127685 0.127685 0.127685 0.127685 
0.0427305 0.0427305 0.0427305 0.0427305 0.0427305 0.0427305 0.0427305 0.0427305 0.0427305 0.0427305 0.0427305 0.0427305 0.0427305 0.0427305 0.0427305 0.0427305 0.0427305 0.0427305 0.0427305 0.0427305 0.0427305 0.0427305 0.0427305 0.0427305 0.0427305 0.0427305 0.0427305 0.0427305 0.0427305 0.0427305 0.0427305 0.0427306 0.0427306 0.0427306 0.0427306 0.0427306 0.0427306 0.0427306 0.0427306 0.0427306 0.0427306 0.0427306 0.0427306 0.0427306 0.0427306 0.0427306 0.0427306 0.0427306 0.0427306 0.0427306 0.0427306 0.0427305 0.0427305 0.0427305 0.0427305 0.0427305 0.0427305 0.0427305 0.0427305 0.0427305 0.0427305 0.0427305 
