0.0426094 0.0426094 0.0426094 0.0426094 0.0426094 0.0426094 0.0426094 0.0426094 0.0426094 0.0426094 0.0426094 0.0426094 0.0426094 0.0426094 0.0426094 0.0426094 0.0426094 0.0426094 0.0426094 0.0426094 0.0426094 0.0426094 0.0426094 0.0426094 0.0426094 0.0426094 0.0426094 0.0426094 0.0426094 0.0426094 0.0426094 0.0426094 0.0426094 0.0426095 0.0426095 0.0426095 0.0426095 0.0426095 0.0426095 0.0426095 0.0426095 0.0426095 0.0426095 0.0426095 0.0426095 0.0426095 0.0426095 0.0426095 0.0426095 0.0426095 0.0426095 0.0426094 0.0426094 0.0426094 0.0426094 0.0426094 0.0426094 0.0426094 0.0426094 0.0426094 0.0426094 0.0426094 
0.127325 0.127325 0.127325 0.127325 0.127325 0.127325 0.127325 0.127325 0.127325 0.127325 0.127325 0.127325 0.127325 0.127325 0.127325 0.127325 0.127325 0.127325 0.127325 0.127325 0.127325 0.127325 0.127325 0.127325 0.127325 0.127325 0.127325 0.127325 0.127325 0.127325 0.127325 0.127325 0.127325 0.127325 0.127325 0.127325 0.127325 0.127325 0.127325 0.127325 0.127325 0.127325 0.127325 0.127325 0.127325 0.127325 0.127325 0.127325 0.127325 0.127325 0.127325 0.127325 0.127325 0.127325 0.127325 0.127325 0.127325 0.127325 0.127325 0.127325 0.127325 0.127325 
0.210541 0.210541 0.210541 0.210541 0.210541 0.210541 0.210541 0.210541 0.210541 0.210541 0.210541 0.210541 0.210541 0.210541 0.210541 0.210541 0.210541 0.210541 0.210541 0.210541 0.210541 0.210541 0.210541 0.210541 0.210541 0.210541 0.210541 0.210541 0.210541 0.210541 0.210541 0.210541 0.210541 0.210541 0.210541 0.210541 0.210541 0.210541 0.210541 0.210541 0.210541 0.210541 0.210541 0.210541 0.210541 0.210541 0.210541 0.210541 0.210541 0.210541 0.210541 0.210541 0.210541 0.210541 0.210541 0.210541 0.210541 0.210541 0.210541 0.210541 0.210541 0.210541 
0.291297 0.291297 0.291297 0.291297 0.291297 0.291297 0.291297 0.291297 0.291297 0.291297 0.291297 0.291297 0.291297 0.291297 0.291297 0.291297 0.291297 0.291297 0.291297 0.291297 0.291297 0.291297 0.291297 0.291297 0.291297 0.291297 0.291297 0.291297 0.291297 0.291297 0.291297 0.291297 0.291298 0.291298 0.291298 0.291298 0.291298 0.291298 0.291298 0.291298 0.291298 0.291298 0.291298 0.291298 0.291298 0.291298 0.291298 0.291298 0.291298 0.291298 0.291298 0.291298 0.291297 0.291297 0.291297 0.291297 0.291297 0.291297 0.291297 0.291297 0.291297 0.291297 
0.368686 0.368686 0.368686 0.368686 0.368686 0.368686 0.368686 0.368686 0.368686 0.368686 0.368686 0.368686 0.368686 0.368686 0.368686 0.368686 0.368686 0.368686 0.368686 0.368686 0.368686 0.368686 0.368686 0.368686 0.368686 0.368686 0.368686 0.368686 0.368686 0.368686 0.368686 0.368686 0.368686 0.368686 0.368686 0.368686 0.368686 0.368686 0.368686 0.368686 0.368686 0.368686 0.368686 0.368686 0.368686 0.368686 0.368686 0.368686 0.368686 0.368686 0.368686 0.368686 0.368686 0.368686 0.368686 0.368686 0.368686 0.368686 0.368686 0.368686 0.368686 0.368686 
0.44187 0.44187 0.44187 0.44187 0.44187 0.44187 0.44187 0.44187 0.44187 0.44187 0.44187 0.44187 0.44187 0.44187 0.44187 0.44187 0.44187 0.44187 0.44187 0.44187 0.44187 0.44187 0.44187 0.44187 0.44187 0.44187 0.44187 0.44187 0.44187 0.44187 0.44187 0.44187 0.44187 0.44187 0.44187 0.44187 0.44187 0.44187 0.44187 0.44187 0.44187 0.44187 0.44187 0.44187 0.44187 0.44187 0.44187 0.44187 0.44187 0.44187 0.44187 0.44187 0.44187 0.44187 0.44187 0.44187 0.44187 0.44187 0.44187 0.44187 0.44187 0.44187 
0.510095 0.510095 0.510095 0.510095 0.510095 0.510095 0.510095 0.510096 0.510096 0.510096 0.510096 0.510096 0.510096 0.510096 0.510096 0.510096 0.510096 0.510096 0.510096 0.510096 0.510096 0.510096 0.510097 0.510097 0.510097 0.510097 0.510097 0.510097 0.510097 0.510097 0.510096 0.510096 0.510096 0.510096 0.510096 0.510096 0.510096 0.510096 0.510096 0.510096 0.510096 0.510096 0.510096 0.510096 0.510096 0.510095 0.510095 0.510095 0.510095 0.510095 0.510095 0.510095 0.510095 0.510095 0.510095 0.510095 0.510095 0.510095 0.510095 0.510095 0.510095 0.510095 
0.572698 0.572698 0.572698 0.572698 0.572698 0.572698 0.572698 0.572698 0.572698 0.572699 0.572699 0.572699 0.572699 0.572699 0.572699 0.572699 0.5727 0.5727 0.5727 0.5727 0.5727 0.5727 0.5727 0.572701 0.572701 0.572701 0.572701 0.572701 0.572701 0.572701 0.572701 0.572701 0.572701 0.572701 0.572701 0.572701 0.572701 0.572701 0.5727 0.5727 0.5727 0.5727 0.5727 0.5727 0.5727 0.572699 0.572699 0.572699 0.572699 0.572699 0.572699 0.572699 0.572698 0.572698 0.572698 0.572698 0.572698 0.572698 0.572698 0.572698 0.572698 0.572698 
0.629108 0.629108 0.629108 0.629108 0.629108 0.629108 0.629108 0.629108 0.629108 0.629108 0.629108 0.629108 0.629108 0.629109 0.629109 0.629109 0.629109 0.62911 0.62911 0.62911 0.62911 0.629111 0.629111 0.629111 0.629111 0.629112 0.629112 0.629112 0.629112 0.629112 0.629112 0.629112 0.629113 0.629113 0.629113 0.629113 0.629113 0.629113 0.629112 0.629112 0.629112 0.629112 0.629112 0.629112 0.629111 0.629111 0.629111 0.629111 0.629111 0.62911 0.62911 0.62911 0.62911 0.629109 0.629109 0.629109 0.629109 0.629108 0.629108 0.629108 0.629108 0.629108 
0.678846 0.678846 0.678846 0.678846 0.678846 0.678846 0.678846 0.678846 0.678846 0.678846 0.678846 0.678846 0.678846 0.678846 0.678846 0.678847 0.678847 0.678847 0.678847 0.678848 0.678848 0.678848 0.678849 0.678849 0.67885 0.67885 0.67885 0.678851 0.678851 0.678851 0.678851 0.678852 0.678852 0.678852 0.678852 0.678852 0.678853 0.678853 0.678853 0.678853 0.678853 0.678852 0.678852 0.678852 0.678852 0.678852 0.678852 0.678851 0.678851 0.678851 0.67885 0.67885 0.67885 0.678849 0.678849 0.678849 0.678848 0.678848 0.678848 0.678847 0.678847 0.678847 
0.721522 0.721522 0.721522 0.721521 0.721521 0.721521 0.721521 0.72152 0.72152 0.72152 0.72152 0.72152 0.72152 0.72152 0.72152 0.72152 0.721521 0.721521 0.721521 0.721522 0.721522 0.721522 0.721523 0.721523 0.721523 0.721524 0.721524 0.721525 0.721525 0.721526 0.721526 0.721526 0.721527 0.721527 0.721527 0.721528 0.721528 0.721528 0.721528 0.721528 0.721529 0.721529 0.721529 0.721529 0.721528 0.721528 0.721528 0.721528 0.721528 0.721527 0.721527 0.721527 0.721526 0.721526 0.721526 0.721525 0.721525 0.721524 0.721524 0.721523 0.721523 0.721523 
0.756823 0.756823 0.756822 0.756822 0.756822 0.756821 0.756821 0.756821 0.75682 0.75682 0.75682 0.75682 0.75682 0.75682 0.75682 0.75682 0.75682 0.75682 0.75682 0.75682 0.756821 0.756821 0.756821 0.756822 0.756822 0.756823 0.756823 0.756823 0.756824 0.756824 0.756825 0.756825 0.756826 0.756826 0.756826 0.756827 0.756827 0.756827 0.756828 0.756828 0.756828 0.756828 0.756828 0.756828 0.756828 0.756828 0.756828 0.756828 0.756828 0.756828 0.756828 0.756827 0.756827 0.756827 0.756826 0.756826 0.756826 0.756825 0.756825 0.756824 0.756824 0.756824 
0.784508 0.784508 0.784508 0.784507 0.784507 0.784507 0.784506 0.784506 0.784506 0.784506 0.784505 0.784505 0.784505 0.784505 0.784505 0.784505 0.784505 0.784505 0.784505 0.784505 0.784505 0.784506 0.784506 0.784506 0.784506 0.784507 0.784507 0.784507 0.784508 0.784508 0.784509 0.784509 0.784509 0.78451 0.78451 0.78451 0.784511 0.784511 0.784511 0.784511 0.784512 0.784512 0.784512 0.784512 0.784512 0.784512 0.784512 0.784512 0.784512 0.784512 0.784512 0.784512 0.784512 0.784511 0.784511 0.784511 0.78451 0.78451 0.78451 0.784509 0.784509 0.784509 
0.804402 0.804401 0.804401 0.804401 0.804401 0.804401 0.8044 0.8044 0.8044 0.8044 0.8044 0.8044 0.8044 0.8044 0.8044 0.8044 0.8044 0.8044 0.8044 0.8044 0.8044 0.8044 0.8044 0.8044 0.804401 0.804401 0.804401 0.804401 0.804401 0.804402 0.804402 0.804402 0.804402 0.804403 0.804403 0.804403 0.804403 0.804403 0.804403 0.804404 0.804404 0.804404 0.804404 0.804404 0.804404 0.804404 0.804404 0.804404 0.804404 0.804404 0.804404 0.804404 0.804403 0.804403 0.804403 0.804403 0.804403 0.804403 0.804402 0.804402 0.804402 0.804402 
0.816383 0.816383 0.816383 0.816383 0.816383 0.816383 0.816383 0.816383 0.816383 0.816383 0.816383 0.816383 0.816384 0.816384 0.816384 0.816384 0.816384 0.816384 0.816384 0.816384 0.816384 0.816384 0.816384 0.816384 0.816385 0.816385 0.816385 0.816385 0.816385 0.816385 0.816385 0.816385 0.816385 0.816385 0.816385 0.816385 0.816385 0.816385 0.816385 0.816385 0.816385 0.816384 0.816384 0.816384 0.816384 0.816384 0.816384 0.816384 0.816384 0.816384 0.816384 0.816384 0.816383 0.816383 0.816383 0.816383 0.816383 0.816383 0.816383 0.816383 0.816383 0.816383 
0.820384 0.820384 0.820384 0.820385 0.820385 0.820385 0.820386 0.820386 0.820386 0.820386 0.820387 0.820387 0.820387 0.820387 0.820387 0.820388 0.820388 0.820388 0.820388 0.820388 0.820388 0.820388 0.820388 0.820388 0.820388 0.820388 0.820388 0.820388 0.820388 0.820388 0.820387 0.820387 0.820387 0.820387 0.820386 0.820386 0.820386 0.820386 0.820385 0.820385 0.820385 0.820385 0.820384 0.820384 0.820384 0.820384 0.820383 0.820383 0.820383 0.820383 0.820383 0.820383 0.820383 0.820383 0.820383 0.820383 0.820383 0.820383 0.820383 0.820383 0.820384 0.820384 
0.816383 0.816383 0.816383 0.816384 0.816384 0.816385 0.816385 0.816386 0.816386 0.816387 0.816387 0.816387 0.816388 0.816388 0.816388 0.816388 0.816388 0.816389 0.816389 0.816389 0.816389 0.816389 0.816388 0.816388 0.816388 0.816388 0.816387 0.816387 0.816387 0.816386 0.816386 0.816386 0.816385 0.816385 0.816384 0.816384 0.816383 0.816383 0.816382 0.816382 0.816382 0.816381 0.816381 0.816381 0.81638 0.81638 0.81638 0.81638 0.81638 0.81638 0.81638 0.81638 0.81638 0.81638 0.81638 0.81638 0.81638 0.816381 0.816381 0.816381 0.816382 0.816382 
0.804402 0.804402 0.804403 0.804404 0.804404 0.804405 0.804405 0.804406 0.804406 0.804406 0.804407 0.804407 0.804407 0.804408 0.804408 0.804408 0.804408 0.804408 0.804408 0.804408 0.804407 0.804407 0.804407 0.804406 0.804406 0.804406 0.804405 0.804405 0.804404 0.804404 0.804403 0.804402 0.804402 0.804401 0.804401 0.8044 0.8044 0.804399 0.804399 0.804398 0.804398 0.804397 0.804397 0.804397 0.804397 0.804396 0.804396 0.804396 0.804396 0.804396 0.804397 0.804397 0.804397 0.804397 0.804398 0.804398 0.804399 0.804399 0.8044 0.8044 0.804401 0.804401 
0.784511 0.784511 0.784512 0.784513 0.784513 0.784514 0.784514 0.784514 0.784515 0.784515 0.784515 0.784515 0.784515 0.784515 0.784515 0.784515 0.784515 0.784515 0.784514 0.784514 0.784514 0.784513 0.784513 0.784512 0.784511 0.784511 0.78451 0.78451 0.784509 0.784508 0.784508 0.784507 0.784507 0.784506 0.784506 0.784505 0.784505 0.784504 0.784504 0.784504 0.784503 0.784503 0.784503 0.784503 0.784503 0.784503 0.784503 0.784503 0.784504 0.784504 0.784504 0.784505 0.784505 0.784506 0.784506 0.784507 0.784507 0.784508 0.784508 0.784509 0.78451 0.78451 
0.756829 0.756829 0.756829 0.75683 0.75683 0.75683 0.75683 0.75683 0.756831 0.756831 0.75683 0.75683 0.75683 0.75683 0.75683 0.756829 0.756829 0.756828 0.756828 0.756827 0.756827 0.756826 0.756826 0.756825 0.756824 0.756824 0.756823 0.756823 0.756822 0.756822 0.756821 0.756821 0.75682 0.75682 0.75682 0.756819 0.756819 0.756819 0.756819 0.756819 0.756819 0.756819 0.756819 0.756819 0.756819 0.75682 0.75682 0.756821 0.756821 0.756821 0.756822 0.756823 0.756823 0.756824 0.756824 0.756825 0.756825 0.756826 0.756827 0.756827 0.756828 0.756828 
0.72153 0.72153 0.72153 0.72153 0.72153 0.72153 0.72153 0.72153 0.72153 0.721529 0.721529 0.721529 0.721528 0.721528 0.721527 0.721527 0.721526 0.721526 0.721525 0.721525 0.721524 0.721524 0.721523 0.721523 0.721522 0.721522 0.721521 0.721521 0.721521 0.72152 0.72152 0.72152 0.72152 0.72152 0.72152 0.72152 0.72152 0.72152 0.72152 0.72152 0.721521 0.721521 0.721521 0.721522 0.721522 0.721523 0.721523 0.721524 0.721524 0.721525 0.721525 0.721526 0.721526 0.721527 0.721527 0.721528 0.721528 0.721528 0.721529 0.721529 0.721529 0.72153 
0.678854 0.678854 0.678854 0.678853 0.678853 0.678853 0.678853 0.678852 0.678852 0.678851 0.678851 0.678851 0.67885 0.67885 0.678849 0.678849 0.678848 0.678848 0.678848 0.678847 0.678847 0.678847 0.678846 0.678846 0.678846 0.678846 0.678846 0.678846 0.678845 0.678845 0.678846 0.678846 0.678846 0.678846 0.678846 0.678846 0.678847 0.678847 0.678847 0.678848 0.678848 0.678848 0.678849 0.678849 0.67885 0.67885 0.678851 0.678851 0.678851 0.678852 0.678852 0.678853 0.678853 0.678853 0.678853 0.678854 0.678854 0.678854 0.678854 0.678854 0.678854 0.678854 
0.629113 0.629113 0.629112 0.629112 0.629112 0.629112 0.629111 0.629111 0.629111 0.62911 0.62911 0.62911 0.629109 0.629109 0.629109 0.629108 0.629108 0.629108 0.629108 0.629108 0.629108 0.629108 0.629108 0.629108 0.629108 0.629108 0.629108 0.629108 0.629108 0.629108 0.629108 0.629109 0.629109 0.629109 0.629109 0.62911 0.62911 0.62911 0.629111 0.629111 0.629111 0.629112 0.629112 0.629112 0.629113 0.629113 0.629113 0.629113 0.629114 0.629114 0.629114 0.629114 0.629114 0.629114 0.629114 0.629114 0.629114 0.629114 0.629114 0.629114 0.629113 0.629113 
0.5727 0.5727 0.5727 0.5727 0.572699 0.572699 0.572699 0.572699 0.572699 0.572698 0.572698 0.572698 0.572698 0.572698 0.572698 0.572698 0.572698 0.572698 0.572698 0.572698 0.572698 0.572698 0.572698 0.572698 0.572698 0.572699 0.572699 0.572699 0.572699 0.572699 0.5727 0.5727 0.5727 0.5727 0.5727 0.572701 0.572701 0.572701 0.572701 0.572702 0.572702 0.572702 0.572702 0.572702 0.572702 0.572702 0.572702 0.572702 0.572702 0.572702 0.572702 0.572702 0.572702 0.572702 0.572702 0.572702 0.572702 0.572701 0.572701 0.572701 0.572701 0.572701 
0.510096 0.510096 0.510096 0.510095 0.510095 0.510095 0.510095 0.510095 0.510095 0.510095 0.510095 0.510095 0.510095 0.510095 0.510095 0.510095 0.510095 0.510095 0.510095 0.510095 0.510096 0.510096 0.510096 0.510096 0.510096 0.510096 0.510096 0.510097 0.510097 0.510097 0.510097 0.510097 0.510097 0.510097 0.510097 0.510098 0.510098 0.510098 0.510098 0.510098 0.510098 0.510098 0.510098 0.510098 0.510098 0.510098 0.510098 0.510098 0.510098 0.510098 0.510097 0.510097 0.510097 0.510097 0.510097 0.510097 0.510097 0.510096 0.510096 0.510096 0.510096 0.510096 
0.44187 0.44187 0.44187 0.44187 0.44187 0.44187 0.44187 0.44187 0.44187 0.44187 0.44187 0.44187 0.44187 0.44187 0.44187 0.44187 0.44187 0.44187 0.44187 0.441871 0.441871 0.441871 0.441871 0.441871 0.441871 0.441871 0.441871 0.441871 0.441871 0.441871 0.441871 0.441871 0.441871 0.441871 0.441871 0.441871 0.441871 0.441871 0.441871 0.441871 0.441871 0.441871 0.441871 0.441871 0.441871 0.441871 0.441871 0.441871 0.441871 0.441871 0.441871 0.441871 0.441871 0.441871 0.441871 0.44187 0.44187 0.44187 0.44187 0.44187 0.44187 0.44187 
0.368686 0.368686 0.368686 0.368686 0.368686 0.368686 0.368686 0.368686 0.368686 0.368686 0.368686 0.368686 0.368686 0.368686 0.368686 0.368686 0.368686 0.368687 0.368687 0.368687 0.368687 0.368687 0.368687 0.368687 0.368687 0.368687 0.368687 0.368687 0.368687 0.368687 0.368687 0.368687 0.368687 0.368687 0.368687 0.368687 0.368687 0.368687 0.368687 0.368687 0.368687 0.368687 0.368687 0.368687 0.368687 0.368687 0.368687 0.368687 0.368686 0.368686 0.368686 0.368686 0.368686 0.368686 0.368686 0.368686 0.368686 0.368686 0.368686 0.368686 0.368686 0.368686 
0.291298 0.291298 0.291298 0.291298 0.291298 0.291298 0.291298 0.291298 0.291298 0.291298 0.291298 0.291298 0.291298 0.291298 0.291298 0.291298 0.291298 0.291298 0.291298 0.291298 0.291298 0.291298 0.291298 0.291298 0.291298 0.291298 0.291298 0.291298 0.291298 0.291298 0.291298 0.291298 0.291298 0.291298 0.291298 0.291298 0.291298 0.291298 0.291298 0.291298 0.291298 0.291298 0.291298 0.291298 0.291298 0.291298 0.291298 0.291298 0.291298 0.291298 0.291298 0.291298 0.291298 0.291298 0.291298 0.291298 0.291298 0.291298 0.291298 0.291298 0.291298 0.291298 
0.210542 0.210542 0.210542 0.210542 0.210542 0.210542 0.210542 0.210542 0.210542 0.210542 0.210542 0.210542 0.210542 0.210542 0.210542 0.210542 0.210542 0.210542 0.210542 0.210542 0.210542 0.210542 0.210542 0.210542 0.210542 0.210542 0.210542 0.210542 0.210542 0.210542 0.210542 0.210542 0.210542 0.210542 0.210542 0.210542 0.210542 0.210542 0.210542 0.210542 0.210542 0.210542 0.210542 0.210542 0.210542 0.210542 0.210542 0.210542 0.210542 0.210542 0.210542 0.210542 0.210542 0.210542 0.210542 0.210542 0.210542 0.210542 0.210542 0.210542 0.210542 0.210542 
0.127325 0.127325 0.127325 0.127325 0.127325 0.127325 0.127325 0.127325 0.127325 0.127325 0.127325 0.127325 0.127325 0.127325 0.127325 0.127325 0.127325 0.127325 0.127325 0.127325 0.127325 0.127325 0.127325 0.127325 0.127325 0.127325 0.127325 0.127325 0.127325 0.127325 0.127325 0.127325 0.127325 0.127325 0.127325 0.127325 0.127325 0.127325 0.127325 0.127325 0.127325 0.127325 0.127325 0.127325 0.127325 0.127325 0.127325 0.127325 0.127325 0.127325 0.127325 0.127325 0.127325 0.127325 0.127325 0.127325 0.127325 0.127325 0.127325 0.127325 0.127325 0.127325 
0.0426095 0.0426095 0.0426095 0.0426095 0.0426095 0.0426095 0.0426095 0.0426095 0.0426094 0.0426094 0.0426094 0.0426094 0.0426094 0.0426094 0.0426094 0.0426094 0.0426094 0.0426094 0.0426094 0.0426094 0.0426094 0.0426094 0.0426094 0.0426094 0.0426094 0.0426095 0.0426095 0.0426095 0.0426095 0.0426095 0.0426095 0.0426095 0.0426095 0.0426095 0.0426095 0.0426095 0.0426095 0.0426095 0.0426095 0.0426095 0.0426095 0.0426095 0.0426095 0.0426095 0.0426095 0.0426095 0.0426095 0.0426095 0.0426095 0.0426095 0.0426095 0.0426095 0.0426095 0.0426095 0.0426095 0.0426095 0.0426095 0.0426095 0.0426095 0.0426095 0.0426095 0.0426095 
