0.0423097 0.0423097 0.0423097 0.0423097 0.0423097 0.0423097 0.0423097 0.0423097 0.0423097 0.0423097 0.0423097 0.0423097 0.0423097 0.0423097 0.0423097 0.0423097 0.0423097 0.0423097 0.0423097 0.0423097 0.0423097 0.0423097 0.0423097 0.0423097 0.0423097 0.0423097 0.0423097 0.0423097 0.0423097 0.0423097 0.0423097 0.0423097 0.0423097 0.0423097 0.0423097 0.0423097 0.0423097 0.0423097 0.0423097 0.0423097 0.0423097 0.0423097 0.0423097 0.0423097 0.0423097 0.0423097 0.0423097 0.0423097 0.0423097 0.0423097 0.0423097 0.0423097 0.0423098 0.0423098 0.0423098 0.0423098 0.0423098 0.0423098 0.0423098 0.0423098 0.0423098 0.0423097 
0.126432 0.126432 0.126432 0.126432 0.126432 0.126432 0.126432 0.126432 0.126432 0.126432 0.126432 0.126432 0.126432 0.126432 0.126432 0.126432 0.126432 0.126432 0.126432 0.126432 0.126432 0.126432 0.126432 0.126432 0.126432 0.126432 0.126432 0.126432 0.126432 0.126432 0.126432 0.126432 0.126432 0.126432 0.126432 0.126432 0.126432 0.126432 0.126432 0.126432 0.126432 0.126432 0.126432 0.126432 0.126432 0.126432 0.126433 0.126433 0.126433 0.126433 0.126433 0.126433 0.126433 0.126433 0.126433 0.126433 0.126433 0.126433 0.126433 0.126433 0.126433 0.126433 
0.209076 0.209076 0.209076 0.209076 0.209076 0.209076 0.209076 0.209076 0.209076 0.209076 0.209076 0.209076 0.209076 0.209076 0.209076 0.209076 0.209076 0.209076 0.209076 0.209076 0.209076 0.209076 0.209076 0.209076 0.209076 0.209076 0.209076 0.209076 0.209076 0.209076 0.209076 0.209076 0.209076 0.209076 0.209076 0.209076 0.209076 0.209076 0.209076 0.209076 0.209076 0.209076 0.209076 0.209076 0.209076 0.209076 0.209076 0.209076 0.209076 0.209076 0.209076 0.209076 0.209076 0.209076 0.209076 0.209076 0.209076 0.209076 0.209076 0.209076 0.209076 0.209076 
0.289292 0.289292 0.289292 0.289292 0.289292 0.289292 0.289292 0.289292 0.289292 0.289292 0.289292 0.289292 0.289292 0.289292 0.289292 0.289292 0.289292 0.289292 0.289292 0.289292 0.289292 0.289292 0.289291 0.289291 0.289291 0.289291 0.289291 0.289291 0.289291 0.289291 0.289291 0.289292 0.289292 0.289292 0.289292 0.289292 0.289292 0.289292 0.289292 0.289292 0.289292 0.289292 0.289292 0.289292 0.289292 0.289292 0.289292 0.289292 0.289292 0.289292 0.289292 0.289292 0.289292 0.289292 0.289292 0.289292 0.289292 0.289292 0.289292 0.289292 0.289292 0.289292 
0.366181 0.366181 0.366181 0.366181 0.366181 0.366181 0.366181 0.366181 0.366181 0.366181 0.366181 0.366181 0.366181 0.366181 0.366181 0.366181 0.366181 0.366181 0.366181 0.366181 0.366181 0.366181 0.366181 0.366181 0.366181 0.366181 0.366181 0.366181 0.366181 0.366181 0.366181 0.366181 0.366181 0.366181 0.366181 0.366181 0.366181 0.366181 0.366181 0.366181 0.366181 0.366181 0.366181 0.366181 0.366181 0.366181 0.366181 0.366181 0.366181 0.366181 0.366181 0.366181 0.366181 0.366181 0.366181 0.366181 0.366181 0.366181 0.366181 0.366181 0.366181 0.366181 
0.438914 0.438914 0.438914 0.438914 0.438914 0.438914 0.438914 0.438914 0.438914 0.438914 0.438914 0.438914 0.438914 0.438914 0.438914 0.438914 0.438914 0.438914 0.438914 0.438914 0.438914 0.438914 0.438914 0.438914 0.438914 0.438914 0.438914 0.438914 0.438914 0.438915 0.438915 0.438915 0.438915 0.438915 0.438915 0.438915 0.438915 0.438915 0.438915 0.438915 0.438915 0.438915 0.438915 0.438915 0.438915 0.438914 0.438914 0.438914 0.438914 0.438914 0.438914 0.438914 0.438914 0.438914 0.438914 0.438914 0.438914 0.438914 0.438914 0.438914 0.438914 0.438914 
0.506742 0.506742 0.506742 0.506742 0.506742 0.506742 0.506742 0.506742 0.506742 0.506742 0.506742 0.506742 0.506742 0.506742 0.506742 0.506742 0.506742 0.506742 0.506742 0.506742 0.506742 0.506742 0.506742 0.506743 0.506743 0.506743 0.506743 0.506743 0.506743 0.506743 0.506743 0.506743 0.506743 0.506743 0.506743 0.506743 0.506743 0.506743 0.506743 0.506743 0.506743 0.506743 0.506743 0.506743 0.506743 0.506743 0.506743 0.506743 0.506743 0.506743 0.506743 0.506743 0.506743 0.506743 0.506743 0.506743 0.506743 0.506743 0.506743 0.506743 0.506742 0.506742 
0.569004 0.569004 0.569004 0.569003 0.569003 0.569003 0.569003 0.569003 0.569003 0.569003 0.569003 0.569003 0.569003 0.569003 0.569003 0.569003 0.569003 0.569003 0.569003 0.569003 0.569003 0.569003 0.569003 0.569003 0.569003 0.569003 0.569004 0.569004 0.569004 0.569004 0.569004 0.569004 0.569004 0.569005 0.569005 0.569005 0.569005 0.569005 0.569005 0.569005 0.569005 0.569005 0.569005 0.569005 0.569005 0.569005 0.569005 0.569005 0.569005 0.569005 0.569005 0.569005 0.569005 0.569005 0.569005 0.569005 0.569005 0.569005 0.569004 0.569004 0.569004 0.569004 
0.625128 0.625127 0.625127 0.625127 0.625127 0.625126 0.625126 0.625126 0.625126 0.625126 0.625125 0.625125 0.625125 0.625125 0.625125 0.625125 0.625125 0.625125 0.625125 0.625125 0.625125 0.625125 0.625125 0.625125 0.625125 0.625125 0.625125 0.625125 0.625126 0.625126 0.625126 0.625126 0.625126 0.625127 0.625127 0.625127 0.625127 0.625128 0.625128 0.625128 0.625128 0.625128 0.625129 0.625129 0.625129 0.625129 0.625129 0.625129 0.625129 0.625129 0.625129 0.625129 0.625129 0.625129 0.625129 0.625129 0.625129 0.625129 0.625128 0.625128 0.625128 0.625128 
0.674632 0.674632 0.674631 0.674631 0.674631 0.67463 0.67463 0.67463 0.674629 0.674629 0.674629 0.674629 0.674628 0.674628 0.674628 0.674627 0.674627 0.674627 0.674627 0.674627 0.674627 0.674627 0.674627 0.674627 0.674627 0.674627 0.674627 0.674627 0.674627 0.674627 0.674627 0.674628 0.674628 0.674628 0.674629 0.674629 0.674629 0.674629 0.67463 0.67463 0.67463 0.674631 0.674631 0.674631 0.674632 0.674632 0.674632 0.674632 0.674633 0.674633 0.674633 0.674633 0.674633 0.674633 0.674633 0.674633 0.674633 0.674633 0.674633 0.674633 0.674632 0.674632 
0.71712 0.71712 0.71712 0.717119 0.717119 0.717119 0.717118 0.717118 0.717118 0.717117 0.717117 0.717117 0.717116 0.717116 0.717115 0.717115 0.717115 0.717114 0.717114 0.717114 0.717114 0.717113 0.717113 0.717113 0.717113 0.717113 0.717113 0.717113 0.717113 0.717113 0.717113 0.717113 0.717114 0.717114 0.717114 0.717114 0.717115 0.717115 0.717115 0.717116 0.717116 0.717117 0.717117 0.717117 0.717118 0.717118 0.717119 0.717119 0.717119 0.717119 0.71712 0.71712 0.71712 0.71712 0.71712 0.717121 0.717121 0.717121 0.717121 0.717121 0.71712 0.71712 
0.752275 0.752275 0.752275 0.752275 0.752275 0.752274 0.752274 0.752274 0.752273 0.752273 0.752273 0.752272 0.752272 0.752271 0.752271 0.752271 0.75227 0.75227 0.752269 0.752269 0.752269 0.752269 0.752268 0.752268 0.752268 0.752268 0.752268 0.752267 0.752267 0.752267 0.752267 0.752267 0.752268 0.752268 0.752268 0.752268 0.752268 0.752269 0.752269 0.752269 0.75227 0.75227 0.752271 0.752271 0.752271 0.752272 0.752272 0.752273 0.752273 0.752273 0.752274 0.752274 0.752274 0.752275 0.752275 0.752275 0.752275 0.752275 0.752275 0.752275 0.752275 0.752275 
0.779852 0.779852 0.779852 0.779852 0.779852 0.779852 0.779852 0.779851 0.779851 0.779851 0.779851 0.77985 0.77985 0.77985 0.779849 0.779849 0.779849 0.779848 0.779848 0.779848 0.779847 0.779847 0.779847 0.779847 0.779846 0.779846 0.779846 0.779846 0.779846 0.779846 0.779846 0.779846 0.779846 0.779846 0.779846 0.779846 0.779846 0.779846 0.779847 0.779847 0.779847 0.779847 0.779848 0.779848 0.779848 0.779849 0.779849 0.779849 0.77985 0.77985 0.77985 0.779851 0.779851 0.779851 0.779852 0.779852 0.779852 0.779852 0.779852 0.779852 0.779852 0.779852 
0.799671 0.799671 0.799671 0.799671 0.799671 0.799671 0.799671 0.799671 0.799671 0.799671 0.79967 0.79967 0.79967 0.79967 0.79967 0.799669 0.799669 0.799669 0.799669 0.799669 0.799668 0.799668 0.799668 0.799668 0.799668 0.799668 0.799668 0.799668 0.799667 0.799667 0.799667 0.799667 0.799667 0.799668 0.799668 0.799668 0.799668 0.799668 0.799668 0.799668 0.799668 0.799669 0.799669 0.799669 0.799669 0.799669 0.79967 0.79967 0.79967 0.79967 0.79967 0.799671 0.799671 0.799671 0.799671 0.799671 0.799671 0.799671 0.799671 0.799671 0.799671 0.799671 
0.811609 0.811609 0.811609 0.811609 0.811609 0.811609 0.811609 0.811609 0.811609 0.811609 0.811609 0.811609 0.811609 0.811609 0.811609 0.811609 0.811609 0.811609 0.811609 0.811609 0.811609 0.811609 0.811609 0.811609 0.811609 0.811609 0.811609 0.811609 0.811609 0.811609 0.811609 0.811609 0.811609 0.811609 0.811609 0.811609 0.81161 0.81161 0.81161 0.81161 0.81161 0.81161 0.81161 0.81161 0.81161 0.81161 0.81161 0.81161 0.81161 0.81161 0.81161 0.81161 0.81161 0.81161 0.81161 0.81161 0.81161 0.81161 0.81161 0.81161 0.81161 0.81161 
0.815595 0.815595 0.815595 0.815595 0.815595 0.815595 0.815595 0.815595 0.815595 0.815595 0.815595 0.815595 0.815595 0.815595 0.815596 0.815596 0.815596 0.815596 0.815596 0.815597 0.815597 0.815597 0.815597 0.815597 0.815598 0.815598 0.815598 0.815598 0.815599 0.815599 0.815599 0.815599 0.815599 0.815599 0.815599 0.815599 0.815599 0.815599 0.815599 0.815599 0.815599 0.815599 0.815599 0.815599 0.815599 0.815599 0.815599 0.815598 0.815598 0.815598 0.815598 0.815597 0.815597 0.815597 0.815597 0.815597 0.815596 0.815596 0.815596 0.815596 0.815596 0.815595 
0.811606 0.811605 0.811605 0.811605 0.811605 0.811605 0.811606 0.811606 0.811606 0.811606 0.811606 0.811607 0.811607 0.811607 0.811608 0.811608 0.811608 0.811609 0.811609 0.81161 0.81161 0.81161 0.811611 0.811611 0.811612 0.811612 0.811612 0.811612 0.811613 0.811613 0.811613 0.811613 0.811613 0.811613 0.811614 0.811614 0.811613 0.811613 0.811613 0.811613 0.811613 0.811613 0.811612 0.811612 0.811612 0.811611 0.811611 0.811611 0.81161 0.81161 0.811609 0.811609 0.811609 0.811608 0.811608 0.811607 0.811607 0.811607 0.811606 0.811606 0.811606 0.811606 
0.799665 0.799665 0.799665 0.799665 0.799665 0.799665 0.799665 0.799666 0.799666 0.799666 0.799667 0.799667 0.799668 0.799668 0.799669 0.799669 0.79967 0.79967 0.799671 0.799671 0.799672 0.799672 0.799673 0.799673 0.799673 0.799674 0.799674 0.799674 0.799675 0.799675 0.799675 0.799675 0.799675 0.799675 0.799675 0.799675 0.799674 0.799674 0.799674 0.799673 0.799673 0.799673 0.799672 0.799672 0.799671 0.799671 0.79967 0.79967 0.799669 0.799669 0.799668 0.799668 0.799667 0.799667 0.799666 0.799666 0.799666 0.799665 0.799665 0.799665 0.799665 0.799665 
0.779844 0.779844 0.779845 0.779845 0.779845 0.779846 0.779846 0.779846 0.779847 0.779848 0.779848 0.779849 0.779849 0.77985 0.77985 0.779851 0.779851 0.779852 0.779852 0.779853 0.779853 0.779854 0.779854 0.779854 0.779855 0.779855 0.779855 0.779855 0.779855 0.779855 0.779855 0.779855 0.779855 0.779854 0.779854 0.779854 0.779853 0.779853 0.779852 0.779852 0.779851 0.779851 0.77985 0.77985 0.779849 0.779849 0.779848 0.779848 0.779847 0.779847 0.779846 0.779846 0.779845 0.779845 0.779845 0.779844 0.779844 0.779844 0.779844 0.779844 0.779844 0.779844 
0.752268 0.752268 0.752269 0.752269 0.75227 0.75227 0.752271 0.752271 0.752272 0.752272 0.752273 0.752273 0.752274 0.752274 0.752275 0.752275 0.752276 0.752276 0.752276 0.752277 0.752277 0.752277 0.752277 0.752277 0.752277 0.752277 0.752277 0.752277 0.752277 0.752277 0.752276 0.752276 0.752276 0.752275 0.752275 0.752274 0.752274 0.752273 0.752273 0.752272 0.752272 0.752271 0.752271 0.75227 0.75227 0.752269 0.752269 0.752268 0.752268 0.752268 0.752267 0.752267 0.752267 0.752267 0.752267 0.752267 0.752267 0.752267 0.752267 0.752267 0.752267 0.752268 
0.717116 0.717116 0.717117 0.717117 0.717118 0.717118 0.717119 0.717119 0.717119 0.71712 0.71712 0.717121 0.717121 0.717121 0.717121 0.717122 0.717122 0.717122 0.717122 0.717122 0.717122 0.717122 0.717122 0.717122 0.717121 0.717121 0.717121 0.717121 0.71712 0.71712 0.717119 0.717119 0.717118 0.717118 0.717118 0.717117 0.717117 0.717116 0.717116 0.717115 0.717115 0.717114 0.717114 0.717114 0.717114 0.717113 0.717113 0.717113 0.717113 0.717113 0.717113 0.717113 0.717113 0.717113 0.717113 0.717113 0.717114 0.717114 0.717114 0.717115 0.717115 0.717115 
0.674631 0.674632 0.674632 0.674632 0.674633 0.674633 0.674633 0.674634 0.674634 0.674634 0.674634 0.674634 0.674634 0.674634 0.674634 0.674634 0.674634 0.674634 0.674634 0.674634 0.674633 0.674633 0.674633 0.674633 0.674632 0.674632 0.674632 0.674631 0.674631 0.67463 0.67463 0.67463 0.674629 0.674629 0.674629 0.674628 0.674628 0.674628 0.674627 0.674627 0.674627 0.674627 0.674627 0.674627 0.674627 0.674627 0.674627 0.674627 0.674627 0.674627 0.674627 0.674627 0.674628 0.674628 0.674628 0.674629 0.674629 0.674629 0.67463 0.67463 0.674631 0.674631 
0.62513 0.62513 0.62513 0.62513 0.62513 0.62513 0.62513 0.625131 0.625131 0.62513 0.62513 0.62513 0.62513 0.62513 0.62513 0.62513 0.625129 0.625129 0.625129 0.625129 0.625128 0.625128 0.625128 0.625128 0.625127 0.625127 0.625127 0.625126 0.625126 0.625126 0.625126 0.625125 0.625125 0.625125 0.625125 0.625125 0.625125 0.625125 0.625125 0.625125 0.625125 0.625125 0.625125 0.625125 0.625125 0.625125 0.625126 0.625126 0.625126 0.625126 0.625126 0.625127 0.625127 0.625127 0.625128 0.625128 0.625128 0.625129 0.625129 0.625129 0.625129 0.62513 
0.569007 0.569007 0.569007 0.569007 0.569007 0.569007 0.569007 0.569006 0.569006 0.569006 0.569006 0.569006 0.569006 0.569006 0.569005 0.569005 0.569005 0.569005 0.569005 0.569004 0.569004 0.569004 0.569004 0.569004 0.569003 0.569003 0.569003 0.569003 0.569003 0.569003 0.569003 0.569003 0.569003 0.569003 0.569003 0.569003 0.569003 0.569003 0.569003 0.569003 0.569003 0.569003 0.569004 0.569004 0.569004 0.569004 0.569004 0.569005 0.569005 0.569005 0.569005 0.569005 0.569006 0.569006 0.569006 0.569006 0.569006 0.569006 0.569006 0.569007 0.569007 0.569007 
0.506745 0.506744 0.506744 0.506744 0.506744 0.506744 0.506744 0.506744 0.506744 0.506744 0.506744 0.506743 0.506743 0.506743 0.506743 0.506743 0.506743 0.506743 0.506743 0.506742 0.506742 0.506742 0.506742 0.506742 0.506742 0.506742 0.506742 0.506742 0.506742 0.506742 0.506742 0.506742 0.506742 0.506742 0.506742 0.506743 0.506743 0.506743 0.506743 0.506743 0.506743 0.506743 0.506743 0.506744 0.506744 0.506744 0.506744 0.506744 0.506744 0.506744 0.506744 0.506744 0.506744 0.506745 0.506745 0.506745 0.506745 0.506745 0.506745 0.506745 0.506745 0.506745 
0.438915 0.438915 0.438915 0.438915 0.438915 0.438915 0.438915 0.438915 0.438915 0.438915 0.438915 0.438915 0.438914 0.438914 0.438914 0.438914 0.438914 0.438914 0.438914 0.438914 0.438914 0.438914 0.438914 0.438914 0.438914 0.438914 0.438914 0.438914 0.438914 0.438914 0.438914 0.438915 0.438915 0.438915 0.438915 0.438915 0.438915 0.438915 0.438915 0.438915 0.438915 0.438915 0.438915 0.438915 0.438915 0.438915 0.438915 0.438916 0.438916 0.438916 0.438916 0.438916 0.438916 0.438916 0.438916 0.438916 0.438916 0.438916 0.438915 0.438915 0.438915 0.438915 
0.366181 0.366181 0.366181 0.366181 0.366181 0.366181 0.366181 0.366181 0.366181 0.366181 0.366181 0.366181 0.366181 0.366181 0.366181 0.366181 0.366181 0.366181 0.366181 0.366181 0.366181 0.366181 0.366181 0.366181 0.366181 0.366181 0.366181 0.366181 0.366181 0.366181 0.366181 0.366181 0.366181 0.366181 0.366181 0.366181 0.366181 0.366181 0.366181 0.366181 0.366182 0.366182 0.366182 0.366182 0.366182 0.366182 0.366182 0.366182 0.366182 0.366182 0.366182 0.366182 0.366182 0.366182 0.366182 0.366181 0.366181 0.366181 0.366181 0.366181 0.366181 0.366181 
0.289292 0.289292 0.289292 0.289292 0.289292 0.289292 0.289292 0.289292 0.289292 0.289292 0.289292 0.289292 0.289292 0.289292 0.289292 0.289292 0.289292 0.289292 0.289292 0.289292 0.289292 0.289292 0.289292 0.289292 0.289292 0.289292 0.289292 0.289292 0.289292 0.289292 0.289292 0.289292 0.289292 0.289292 0.289292 0.289292 0.289292 0.289292 0.289292 0.289292 0.289292 0.289292 0.289292 0.289292 0.289292 0.289292 0.289292 0.289292 0.289292 0.289292 0.289292 0.289292 0.289292 0.289292 0.289292 0.289292 0.289292 0.289292 0.289292 0.289292 0.289292 0.289292 
0.209077 0.209077 0.209077 0.209077 0.209077 0.209077 0.209077 0.209077 0.209077 0.209077 0.209077 0.209077 0.209077 0.209077 0.209077 0.209077 0.209077 0.209077 0.209077 0.209077 0.209077 0.209077 0.209077 0.209077 0.209077 0.209077 0.209077 0.209077 0.209077 0.209077 0.209077 0.209077 0.209077 0.209077 0.209077 0.209077 0.209077 0.209077 0.209077 0.209077 0.209077 0.209077 0.209077 0.209077 0.209077 0.209077 0.209077 0.209077 0.209077 0.209077 0.209077 0.209077 0.209077 0.209077 0.209077 0.209077 0.209077 0.209077 0.209077 0.209077 0.209077 0.209077 
0.126433 0.126433 0.126433 0.126433 0.126433 0.126433 0.126433 0.126433 0.126433 0.126433 0.126433 0.126433 0.126433 0.126433 0.126433 0.126433 0.126433 0.126433 0.126433 0.126433 0.126433 0.126433 0.126433 0.126433 0.126433 0.126433 0.126433 0.126433 0.126433 0.126433 0.126433 0.126433 0.126433 0.126433 0.126433 0.126433 0.126433 0.126433 0.126433 0.126433 0.126433 0.126433 0.126433 0.126433 0.126433 0.126433 0.126433 0.126433 0.126433 0.126433 0.126433 0.126433 0.126433 0.126433 0.126433 0.126433 0.126433 0.126433 0.126433 0.126433 0.126433 0.126433 
0.0423098 0.0423098 0.0423098 0.0423098 0.0423098 0.0423098 0.0423098 0.0423098 0.0423098 0.0423098 0.0423098 0.0423098 0.0423098 0.0423098 0.0423098 0.0423098 0.0423098 0.0423098 0.0423098 0.0423098 0.0423098 0.0423097 0.0423097 0.0423097 0.0423097 0.0423097 0.0423097 0.0423097 0.0423097 0.0423097 0.0423097 0.0423097 0.0423097 0.0423097 0.0423097 0.0423097 0.0423097 0.0423097 0.0423097 0.0423097 0.0423097 0.0423097 0.0423097 0.0423098 0.0423098 0.0423098 0.0423098 0.0423098 0.0423098 0.0423098 0.0423098 0.0423098 0.0423098 0.0423098 0.0423098 0.0423098 0.0423098 0.0423098 0.0423098 0.0423098 0.0423098 0.0423098 
