0.041926 0.041926 0.041926 0.0419261 0.0419261 0.0419261 0.0419261 0.0419261 0.0419261 0.0419261 0.0419261 0.0419261 0.0419261 0.0419261 0.0419261 0.0419261 0.0419261 0.0419261 0.0419261 0.0419261 0.0419261 0.0419261 0.0419261 0.0419261 0.0419261 0.0419261 0.0419261 0.0419261 0.041926 0.041926 0.041926 0.041926 0.041926 0.041926 0.041926 0.041926 0.041926 0.041926 0.041926 0.041926 0.041926 0.041926 0.041926 0.041926 0.041926 0.041926 0.041926 0.041926 0.041926 0.041926 0.041926 0.041926 0.041926 0.041926 0.041926 0.041926 0.041926 0.041926 0.041926 0.041926 0.041926 0.041926 
0.12529 0.12529 0.12529 0.12529 0.12529 0.12529 0.12529 0.12529 0.12529 0.12529 0.12529 0.12529 0.12529 0.12529 0.12529 0.12529 0.12529 0.12529 0.12529 0.12529 0.12529 0.12529 0.12529 0.12529 0.12529 0.12529 0.12529 0.12529 0.12529 0.12529 0.12529 0.12529 0.12529 0.12529 0.12529 0.12529 0.12529 0.12529 0.12529 0.12529 0.12529 0.12529 0.12529 0.12529 0.12529 0.12529 0.12529 0.12529 0.12529 0.12529 0.12529 0.12529 0.12529 0.12529 0.12529 0.12529 0.12529 0.12529 0.12529 0.12529 0.12529 0.12529 
0.2072 0.2072 0.2072 0.2072 0.2072 0.2072 0.2072 0.2072 0.2072 0.2072 0.2072 0.2072 0.2072 0.2072 0.2072 0.2072 0.2072 0.2072 0.2072 0.2072 0.2072 0.2072 0.2072 0.2072 0.2072 0.2072 0.2072 0.2072 0.2072 0.2072 0.2072 0.2072 0.2072 0.2072 0.2072 0.2072 0.2072 0.2072 0.2072 0.2072 0.2072 0.2072 0.2072 0.2072 0.2072 0.2072 0.2072 0.2072 0.2072 0.2072 0.2072 0.2072 0.2072 0.2072 0.2072 0.2072 0.2072 0.2072 0.2072 0.2072 0.2072 0.2072 
0.28672 0.28672 0.28672 0.28672 0.28672 0.28672 0.28672 0.28672 0.28672 0.28672 0.28672 0.28672 0.28672 0.28672 0.28672 0.28672 0.28672 0.28672 0.28672 0.28672 0.28672 0.28672 0.28672 0.28672 0.28672 0.28672 0.28672 0.28672 0.28672 0.28672 0.28672 0.28672 0.28672 0.28672 0.28672 0.28672 0.28672 0.28672 0.28672 0.28672 0.28672 0.28672 0.28672 0.28672 0.28672 0.28672 0.28672 0.28672 0.28672 0.28672 0.28672 0.28672 0.28672 0.28672 0.28672 0.28672 0.28672 0.28672 0.28672 0.28672 0.28672 0.28672 
0.362967 0.362967 0.362967 0.362967 0.362967 0.362967 0.362967 0.362967 0.362967 0.362967 0.362967 0.362967 0.362967 0.362967 0.362967 0.362967 0.362967 0.362967 0.362967 0.362967 0.362967 0.362967 0.362967 0.362967 0.362967 0.362967 0.362967 0.362967 0.362967 0.362967 0.362967 0.362967 0.362967 0.362967 0.362967 0.362967 0.362967 0.362967 0.362967 0.362967 0.362967 0.362967 0.362967 0.362967 0.362967 0.362967 0.362967 0.362967 0.362967 0.362967 0.362967 0.362967 0.362967 0.362967 0.362967 0.362967 0.362967 0.362967 0.362967 0.362967 0.362967 0.362967 
0.435119 0.435119 0.435119 0.435119 0.435119 0.435119 0.435119 0.435119 0.435119 0.435119 0.435119 0.435119 0.435119 0.435119 0.435119 0.435119 0.435119 0.435119 0.435119 0.435119 0.435118 0.435118 0.435118 0.435118 0.435118 0.435118 0.435118 0.435118 0.435118 0.435118 0.435118 0.435118 0.435119 0.435119 0.435119 0.435119 0.435119 0.435119 0.435119 0.435119 0.435119 0.435119 0.435119 0.435119 0.435119 0.435119 0.435119 0.435119 0.435119 0.435119 0.435119 0.435119 0.435119 0.435119 0.435119 0.435119 0.435119 0.435119 0.435119 0.435119 0.435119 0.435119 
0.502433 0.502433 0.502433 0.502433 0.502433 0.502433 0.502433 0.502433 0.502433 0.502433 0.502433 0.502432 0.502432 0.502432 0.502432 0.502432 0.502432 0.502432 0.502432 0.502432 0.502432 0.502432 0.502432 0.502432 0.502432 0.502432 0.502432 0.502432 0.502432 0.502432 0.502432 0.502432 0.502432 0.502432 0.502432 0.502432 0.502432 0.502432 0.502432 0.502432 0.502432 0.502432 0.502432 0.502432 0.502432 0.502432 0.502432 0.502432 0.502432 0.502433 0.502433 0.502433 0.502433 0.502433 0.502433 0.502433 0.502433 0.502433 0.502433 0.502433 0.502433 0.502433 
0.564249 0.564249 0.564249 0.56425 0.564249 0.564249 0.564249 0.564249 0.564249 0.564249 0.564249 0.564249 0.564249 0.564249 0.564249 0.564249 0.564249 0.564248 0.564248 0.564248 0.564248 0.564248 0.564248 0.564248 0.564248 0.564247 0.564247 0.564247 0.564247 0.564247 0.564247 0.564247 0.564247 0.564247 0.564247 0.564247 0.564247 0.564247 0.564247 0.564247 0.564247 0.564247 0.564247 0.564247 0.564248 0.564248 0.564248 0.564248 0.564248 0.564248 0.564248 0.564248 0.564249 0.564249 0.564249 0.564249 0.564249 0.564249 0.564249 0.564249 0.564249 0.564249 
0.619996 0.619996 0.619996 0.619997 0.619997 0.619997 0.619997 0.619997 0.619997 0.619997 0.619997 0.619997 0.619997 0.619996 0.619996 0.619996 0.619996 0.619996 0.619996 0.619996 0.619995 0.619995 0.619995 0.619995 0.619995 0.619994 0.619994 0.619994 0.619994 0.619994 0.619993 0.619993 0.619993 0.619993 0.619993 0.619993 0.619993 0.619993 0.619993 0.619993 0.619993 0.619993 0.619993 0.619993 0.619993 0.619993 0.619993 0.619993 0.619994 0.619994 0.619994 0.619994 0.619994 0.619995 0.619995 0.619995 0.619995 0.619995 0.619996 0.619996 0.619996 0.619996 
0.669188 0.669189 0.669189 0.669189 0.669189 0.66919 0.66919 0.66919 0.66919 0.66919 0.66919 0.66919 0.66919 0.66919 0.66919 0.66919 0.66919 0.66919 0.66919 0.669189 0.669189 0.669189 0.669189 0.669188 0.669188 0.669188 0.669188 0.669187 0.669187 0.669187 0.669186 0.669186 0.669186 0.669186 0.669185 0.669185 0.669185 0.669185 0.669185 0.669185 0.669185 0.669185 0.669184 0.669184 0.669185 0.669185 0.669185 0.669185 0.669185 0.669185 0.669185 0.669186 0.669186 0.669186 0.669186 0.669187 0.669187 0.669187 0.669187 0.669188 0.669188 0.669188 
0.711426 0.711426 0.711426 0.711427 0.711427 0.711427 0.711428 0.711428 0.711428 0.711428 0.711429 0.711429 0.711429 0.711429 0.711429 0.711429 0.711429 0.711429 0.711429 0.711429 0.711429 0.711428 0.711428 0.711428 0.711428 0.711427 0.711427 0.711427 0.711426 0.711426 0.711426 0.711425 0.711425 0.711425 0.711424 0.711424 0.711424 0.711423 0.711423 0.711423 0.711423 0.711422 0.711422 0.711422 0.711422 0.711422 0.711422 0.711422 0.711422 0.711422 0.711422 0.711423 0.711423 0.711423 0.711423 0.711423 0.711424 0.711424 0.711424 0.711425 0.711425 0.711425 
0.746387 0.746387 0.746387 0.746388 0.746388 0.746388 0.746389 0.746389 0.746389 0.74639 0.74639 0.74639 0.74639 0.746391 0.746391 0.746391 0.746391 0.746391 0.746391 0.746391 0.746391 0.746391 0.746391 0.74639 0.74639 0.74639 0.74639 0.746389 0.746389 0.746389 0.746388 0.746388 0.746388 0.746387 0.746387 0.746387 0.746386 0.746386 0.746386 0.746385 0.746385 0.746385 0.746384 0.746384 0.746384 0.746384 0.746384 0.746384 0.746384 0.746384 0.746384 0.746384 0.746384 0.746384 0.746384 0.746384 0.746385 0.746385 0.746385 0.746386 0.746386 0.746386 
0.773821 0.773822 0.773822 0.773822 0.773822 0.773823 0.773823 0.773823 0.773824 0.773824 0.773824 0.773824 0.773825 0.773825 0.773825 0.773825 0.773825 0.773825 0.773825 0.773825 0.773825 0.773825 0.773825 0.773825 0.773825 0.773825 0.773825 0.773825 0.773824 0.773824 0.773824 0.773824 0.773823 0.773823 0.773823 0.773822 0.773822 0.773822 0.773821 0.773821 0.773821 0.773821 0.77382 0.77382 0.77382 0.77382 0.77382 0.773819 0.773819 0.773819 0.773819 0.773819 0.773819 0.773819 0.77382 0.77382 0.77382 0.77382 0.77382 0.77382 0.773821 0.773821 
0.793544 0.793545 0.793545 0.793545 0.793545 0.793545 0.793546 0.793546 0.793546 0.793546 0.793546 0.793546 0.793547 0.793547 0.793547 0.793547 0.793547 0.793547 0.793547 0.793547 0.793547 0.793547 0.793547 0.793547 0.793547 0.793547 0.793547 0.793547 0.793546 0.793546 0.793546 0.793546 0.793546 0.793546 0.793545 0.793545 0.793545 0.793545 0.793545 0.793544 0.793544 0.793544 0.793544 0.793544 0.793544 0.793544 0.793543 0.793543 0.793543 0.793543 0.793543 0.793543 0.793543 0.793543 0.793543 0.793543 0.793544 0.793544 0.793544 0.793544 0.793544 0.793544 
0.805429 0.805429 0.805429 0.805429 0.805429 0.805429 0.805429 0.805429 0.805429 0.805429 0.805429 0.805429 0.805429 0.805429 0.805429 0.805429 0.805429 0.805429 0.805429 0.805429 0.805428 0.805428 0.805428 0.805428 0.805428 0.805428 0.805428 0.805428 0.805428 0.805428 0.805428 0.805428 0.805428 0.805428 0.805428 0.805428 0.805428 0.805428 0.805428 0.805428 0.805428 0.805428 0.805428 0.805428 0.805428 0.805428 0.805428 0.805428 0.805428 0.805428 0.805428 0.805428 0.805428 0.805428 0.805428 0.805428 0.805428 0.805428 0.805428 0.805428 0.805429 0.805429 
0.809399 0.809399 0.809399 0.809399 0.809399 0.809398 0.809398 0.809398 0.809398 0.809398 0.809397 0.809397 0.809397 0.809397 0.809397 0.809397 0.809396 0.809396 0.809396 0.809396 0.809396 0.809396 0.809396 0.809396 0.809395 0.809395 0.809395 0.809395 0.809395 0.809396 0.809396 0.809396 0.809396 0.809396 0.809396 0.809396 0.809396 0.809397 0.809397 0.809397 0.809397 0.809397 0.809398 0.809398 0.809398 0.809398 0.809398 0.809398 0.809399 0.809399 0.809399 0.809399 0.809399 0.809399 0.809399 0.809399 0.809399 0.809399 0.809399 0.809399 0.809399 0.809399 
0.805431 0.805431 0.80543 0.80543 0.80543 0.805429 0.805429 0.805429 0.805428 0.805428 0.805428 0.805427 0.805427 0.805427 0.805426 0.805426 0.805426 0.805426 0.805425 0.805425 0.805425 0.805425 0.805425 0.805425 0.805425 0.805425 0.805425 0.805425 0.805425 0.805425 0.805426 0.805426 0.805426 0.805426 0.805427 0.805427 0.805427 0.805428 0.805428 0.805428 0.805429 0.805429 0.80543 0.80543 0.80543 0.80543 0.805431 0.805431 0.805431 0.805431 0.805432 0.805432 0.805432 0.805432 0.805432 0.805432 0.805432 0.805432 0.805432 0.805431 0.805431 0.805431 
0.793548 0.793547 0.793547 0.793546 0.793546 0.793545 0.793545 0.793545 0.793544 0.793544 0.793543 0.793543 0.793543 0.793542 0.793542 0.793542 0.793541 0.793541 0.793541 0.793541 0.793541 0.793541 0.793541 0.793541 0.793541 0.793541 0.793542 0.793542 0.793542 0.793542 0.793543 0.793543 0.793544 0.793544 0.793544 0.793545 0.793545 0.793546 0.793546 0.793547 0.793547 0.793548 0.793548 0.793548 0.793549 0.793549 0.793549 0.793549 0.79355 0.79355 0.79355 0.79355 0.79355 0.79355 0.79355 0.79355 0.79355 0.793549 0.793549 0.793549 0.793548 0.793548 
0.773824 0.773823 0.773823 0.773822 0.773822 0.773821 0.773821 0.77382 0.77382 0.77382 0.773819 0.773819 0.773819 0.773818 0.773818 0.773818 0.773818 0.773818 0.773818 0.773818 0.773818 0.773818 0.773818 0.773819 0.773819 0.773819 0.77382 0.77382 0.773821 0.773821 0.773821 0.773822 0.773822 0.773823 0.773823 0.773824 0.773824 0.773825 0.773825 0.773826 0.773826 0.773826 0.773827 0.773827 0.773827 0.773827 0.773828 0.773828 0.773828 0.773828 0.773828 0.773827 0.773827 0.773827 0.773827 0.773827 0.773826 0.773826 0.773825 0.773825 0.773825 0.773824 
0.746387 0.746386 0.746386 0.746385 0.746385 0.746385 0.746384 0.746384 0.746384 0.746384 0.746383 0.746383 0.746383 0.746383 0.746383 0.746383 0.746383 0.746384 0.746384 0.746384 0.746384 0.746385 0.746385 0.746385 0.746386 0.746386 0.746387 0.746387 0.746388 0.746388 0.746388 0.746389 0.746389 0.74639 0.74639 0.746391 0.746391 0.746391 0.746392 0.746392 0.746392 0.746392 0.746392 0.746392 0.746392 0.746392 0.746392 0.746392 0.746392 0.746392 0.746392 0.746391 0.746391 0.746391 0.74639 0.74639 0.746389 0.746389 0.746389 0.746388 0.746388 0.746387 
0.711423 0.711423 0.711423 0.711423 0.711422 0.711422 0.711422 0.711422 0.711422 0.711422 0.711422 0.711422 0.711422 0.711423 0.711423 0.711423 0.711423 0.711424 0.711424 0.711424 0.711425 0.711425 0.711425 0.711426 0.711426 0.711427 0.711427 0.711427 0.711428 0.711428 0.711429 0.711429 0.711429 0.711429 0.71143 0.71143 0.71143 0.71143 0.71143 0.71143 0.71143 0.71143 0.71143 0.71143 0.71143 0.71143 0.711429 0.711429 0.711429 0.711428 0.711428 0.711428 0.711427 0.711427 0.711426 0.711426 0.711426 0.711425 0.711425 0.711424 0.711424 0.711424 
0.669185 0.669185 0.669185 0.669185 0.669185 0.669185 0.669185 0.669185 0.669185 0.669185 0.669186 0.669186 0.669186 0.669186 0.669187 0.669187 0.669187 0.669188 0.669188 0.669188 0.669189 0.669189 0.669189 0.66919 0.66919 0.66919 0.66919 0.669191 0.669191 0.669191 0.669191 0.669191 0.669191 0.669191 0.669191 0.669191 0.669191 0.669191 0.669191 0.669191 0.669191 0.66919 0.66919 0.66919 0.66919 0.669189 0.669189 0.669189 0.669188 0.669188 0.669188 0.669187 0.669187 0.669187 0.669186 0.669186 0.669186 0.669186 0.669185 0.669185 0.669185 0.669185 
0.619993 0.619993 0.619993 0.619993 0.619994 0.619994 0.619994 0.619994 0.619994 0.619995 0.619995 0.619995 0.619995 0.619996 0.619996 0.619996 0.619996 0.619997 0.619997 0.619997 0.619997 0.619997 0.619998 0.619998 0.619998 0.619998 0.619998 0.619998 0.619998 0.619998 0.619998 0.619998 0.619998 0.619998 0.619997 0.619997 0.619997 0.619997 0.619997 0.619996 0.619996 0.619996 0.619996 0.619995 0.619995 0.619995 0.619995 0.619994 0.619994 0.619994 0.619994 0.619994 0.619993 0.619993 0.619993 0.619993 0.619993 0.619993 0.619993 0.619993 0.619993 0.619993 
0.564248 0.564248 0.564248 0.564248 0.564248 0.564249 0.564249 0.564249 0.564249 0.564249 0.56425 0.56425 0.56425 0.56425 0.56425 0.56425 0.56425 0.56425 0.564251 0.564251 0.564251 0.564251 0.564251 0.564251 0.564251 0.564251 0.564251 0.56425 0.56425 0.56425 0.56425 0.56425 0.56425 0.56425 0.564249 0.564249 0.564249 0.564249 0.564249 0.564249 0.564248 0.564248 0.564248 0.564248 0.564248 0.564248 0.564248 0.564247 0.564247 0.564247 0.564247 0.564247 0.564247 0.564247 0.564247 0.564247 0.564247 0.564247 0.564247 0.564247 0.564248 0.564248 
0.502433 0.502433 0.502433 0.502433 0.502433 0.502433 0.502434 0.502434 0.502434 0.502434 0.502434 0.502434 0.502434 0.502434 0.502434 0.502434 0.502434 0.502434 0.502434 0.502434 0.502434 0.502434 0.502434 0.502434 0.502434 0.502434 0.502434 0.502433 0.502433 0.502433 0.502433 0.502433 0.502433 0.502433 0.502433 0.502433 0.502432 0.502432 0.502432 0.502432 0.502432 0.502432 0.502432 0.502432 0.502432 0.502432 0.502432 0.502432 0.502432 0.502432 0.502432 0.502432 0.502432 0.502432 0.502432 0.502432 0.502432 0.502432 0.502432 0.502433 0.502433 0.502433 
0.43512 0.43512 0.43512 0.43512 0.43512 0.43512 0.43512 0.43512 0.43512 0.43512 0.43512 0.43512 0.43512 0.43512 0.43512 0.43512 0.43512 0.43512 0.43512 0.43512 0.43512 0.43512 0.435119 0.435119 0.435119 0.435119 0.435119 0.435119 0.435119 0.435119 0.435119 0.435119 0.435119 0.435119 0.435119 0.435119 0.435119 0.435119 0.435119 0.435119 0.435119 0.435119 0.435119 0.435119 0.435119 0.435119 0.435119 0.435119 0.435119 0.435119 0.435119 0.435119 0.435119 0.435119 0.435119 0.435119 0.435119 0.435119 0.435119 0.435119 0.435119 0.43512 
0.362968 0.362968 0.362968 0.362968 0.362968 0.362968 0.362968 0.362968 0.362968 0.362968 0.362968 0.362968 0.362968 0.362968 0.362968 0.362967 0.362967 0.362967 0.362967 0.362967 0.362967 0.362967 0.362967 0.362967 0.362967 0.362967 0.362967 0.362967 0.362967 0.362967 0.362967 0.362967 0.362967 0.362967 0.362967 0.362967 0.362967 0.362967 0.362967 0.362967 0.362967 0.362967 0.362967 0.362967 0.362967 0.362967 0.362967 0.362967 0.362967 0.362967 0.362967 0.362967 0.362967 0.362967 0.362967 0.362967 0.362967 0.362967 0.362967 0.362968 0.362968 0.362968 
0.286721 0.286721 0.286721 0.286721 0.286721 0.286721 0.286721 0.286721 0.286721 0.286721 0.286721 0.286721 0.286721 0.286721 0.286721 0.286721 0.286721 0.286721 0.286721 0.286721 0.286721 0.286721 0.286721 0.286721 0.286721 0.286721 0.286721 0.286721 0.286721 0.286721 0.286721 0.286721 0.286721 0.286721 0.286721 0.286721 0.286721 0.286721 0.286721 0.286721 0.286721 0.286721 0.286721 0.286721 0.286721 0.286721 0.286721 0.286721 0.286721 0.286721 0.286721 0.286721 0.286721 0.286721 0.286721 0.286721 0.286721 0.286721 0.286721 0.286721 0.286721 0.286721 
0.2072 0.2072 0.2072 0.2072 0.2072 0.2072 0.2072 0.2072 0.2072 0.2072 0.2072 0.2072 0.2072 0.2072 0.2072 0.2072 0.2072 0.2072 0.2072 0.2072 0.2072 0.2072 0.2072 0.2072 0.2072 0.2072 0.2072 0.2072 0.2072 0.2072 0.2072 0.2072 0.2072 0.2072 0.2072 0.2072 0.2072 0.2072 0.2072 0.2072 0.2072 0.2072 0.2072 0.2072 0.2072 0.2072 0.2072 0.2072 0.2072 0.2072 0.2072 0.2072 0.2072 0.2072 0.2072 0.2072 0.2072 0.2072 0.2072 0.2072 0.2072 0.2072 
0.12529 0.12529 0.12529 0.12529 0.12529 0.12529 0.12529 0.12529 0.12529 0.12529 0.12529 0.12529 0.12529 0.12529 0.12529 0.12529 0.12529 0.12529 0.12529 0.12529 0.12529 0.12529 0.12529 0.12529 0.12529 0.12529 0.12529 0.12529 0.12529 0.12529 0.12529 0.12529 0.12529 0.12529 0.12529 0.12529 0.12529 0.12529 0.12529 0.12529 0.12529 0.12529 0.12529 0.12529 0.12529 0.12529 0.12529 0.12529 0.12529 0.12529 0.12529 0.12529 0.12529 0.12529 0.12529 0.12529 0.12529 0.12529 0.12529 0.12529 0.12529 0.12529 
0.0419261 0.0419261 0.0419261 0.0419261 0.0419261 0.0419261 0.0419261 0.0419261 0.0419261 0.0419261 0.0419261 0.0419261 0.0419261 0.0419261 0.0419261 0.0419261 0.0419261 0.0419261 0.0419261 0.0419261 0.0419261 0.0419261 0.0419261 0.0419261 0.0419261 0.0419261 0.0419261 0.0419261 0.0419261 0.0419261 0.0419261 0.0419261 0.0419261 0.0419261 0.0419261 0.0419261 0.0419261 0.0419261 0.0419261 0.0419261 0.0419261 0.0419261 0.0419261 0.0419261 0.0419261 0.0419261 0.0419261 0.0419261 0.0419261 0.0419261 0.0419261 0.0419261 0.0419261 0.0419261 0.0419261 0.0419261 0.0419261 0.0419261 0.0419261 0.0419261 0.0419261 0.0419261 
