0.0640374 0.0640106 0.063984 0.0639579 0.0639327 0.0639085 0.0638857 0.0638644 0.063845 0.0638275 0.0638121 0.0637991 0.0637886 0.0637806 0.0637752 0.0637726 0.0637726 0.0637755 0.063781 0.0637891 0.0637998 0.063813 0.0638284 0.063846 0.0638656 0.063887 0.0639099 0.0639341 0.0639594 0.0639855 0.0640122 0.0640391 0.064066 0.0640926 0.0641187 0.064144 0.0641681 0.0641909 0.0642122 0.0642317 0.0642492 0.0642645 0.0642775 0.0642881 0.0642961 0.0643014 0.064304 0.064304 0.0643012 0.0642957 0.0642875 0.0642768 0.0642637 0.0642482 0.0642306 0.064211 0.0641897 0.0641668 0.0641425 0.0641172 0.0640911 0.0640643 
0.184722 0.184692 0.184662 0.184633 0.184605 0.184577 0.184552 0.184527 0.184505 0.184485 0.184467 0.184452 0.184439 0.184429 0.184422 0.184419 0.184418 0.18442 0.184425 0.184433 0.184444 0.184458 0.184474 0.184493 0.184514 0.184537 0.184562 0.184588 0.184616 0.184645 0.184674 0.184704 0.184734 0.184763 0.184792 0.184821 0.184848 0.184874 0.184898 0.18492 0.18494 0.184958 0.184973 0.184986 0.184996 0.185003 0.185007 0.185008 0.185005 0.185 0.184992 0.184981 0.184968 0.184951 0.184933 0.184912 0.184888 0.184864 0.184837 0.184809 0.184781 0.184751 
0.297109 0.297079 0.29705 0.297021 0.296993 0.296965 0.296939 0.296915 0.296892 0.296872 0.296853 0.296837 0.296824 0.296813 0.296806 0.296801 0.296799 0.2968 0.296804 0.296811 0.296821 0.296834 0.296849 0.296867 0.296887 0.296909 0.296933 0.296958 0.296985 0.297013 0.297042 0.297071 0.297101 0.29713 0.297159 0.297188 0.297215 0.297241 0.297265 0.297288 0.297308 0.297327 0.297343 0.297356 0.297367 0.297374 0.297379 0.297381 0.29738 0.297376 0.297369 0.297359 0.297346 0.297331 0.297313 0.297293 0.297271 0.297247 0.297222 0.297195 0.297167 0.297138 
0.40117 0.401142 0.401113 0.401085 0.401057 0.401031 0.401005 0.400981 0.400959 0.400938 0.40092 0.400904 0.40089 0.400879 0.40087 0.400865 0.400862 0.400862 0.400865 0.400871 0.40088 0.400891 0.400905 0.400922 0.40094 0.400961 0.400984 0.401008 0.401034 0.40106 0.401088 0.401116 0.401145 0.401173 0.401201 0.401229 0.401255 0.401281 0.401305 0.401327 0.401348 0.401366 0.401382 0.401396 0.401407 0.401416 0.401421 0.401424 0.401424 0.401421 0.401415 0.401406 0.401395 0.401381 0.401364 0.401346 0.401325 0.401302 0.401278 0.401252 0.401226 0.401198 
0.496905 0.496879 0.496852 0.496825 0.496799 0.496774 0.49675 0.496727 0.496706 0.496686 0.496668 0.496652 0.496639 0.496628 0.496619 0.496613 0.49661 0.496609 0.496611 0.496616 0.496623 0.496633 0.496645 0.49666 0.496677 0.496696 0.496716 0.496739 0.496762 0.496787 0.496813 0.496839 0.496865 0.496892 0.496918 0.496944 0.49697 0.496994 0.497017 0.497038 0.497058 0.497076 0.497091 0.497105 0.497116 0.497125 0.497131 0.497134 0.497135 0.497133 0.497128 0.497121 0.497111 0.497098 0.497084 0.497067 0.497048 0.497027 0.497005 0.496982 0.496957 0.496931 
0.584313 0.584289 0.584266 0.584242 0.584219 0.584196 0.584175 0.584154 0.584134 0.584116 0.5841 0.584085 0.584073 0.584062 0.584054 0.584048 0.584044 0.584043 0.584044 0.584047 0.584053 0.584061 0.584071 0.584084 0.584098 0.584114 0.584132 0.584151 0.584172 0.584194 0.584216 0.584239 0.584263 0.584286 0.58431 0.584333 0.584355 0.584377 0.584398 0.584417 0.584435 0.584452 0.584466 0.584479 0.584489 0.584498 0.584504 0.584507 0.584509 0.584508 0.584504 0.584498 0.58449 0.58448 0.584468 0.584453 0.584437 0.58442 0.5844 0.58438 0.584358 0.584336 
0.663393 0.663374 0.663355 0.663336 0.663317 0.663298 0.663281 0.663264 0.663247 0.663232 0.663219 0.663206 0.663195 0.663186 0.663179 0.663173 0.66317 0.663168 0.663168 0.66317 0.663174 0.66318 0.663187 0.663197 0.663208 0.66322 0.663234 0.663249 0.663265 0.663282 0.6633 0.663319 0.663338 0.663357 0.663376 0.663395 0.663413 0.663431 0.663448 0.663464 0.663479 0.663493 0.663505 0.663516 0.663525 0.663532 0.663538 0.663542 0.663543 0.663543 0.663541 0.663537 0.663532 0.663524 0.663515 0.663504 0.663491 0.663477 0.663462 0.663446 0.663429 0.663411 
0.734145 0.734132 0.734119 0.734106 0.734094 0.734081 0.734069 0.734057 0.734046 0.734035 0.734025 0.734016 0.734008 0.734001 0.733996 0.733991 0.733988 0.733986 0.733985 0.733986 0.733987 0.73399 0.733995 0.734 0.734007 0.734015 0.734023 0.734033 0.734044 0.734055 0.734066 0.734079 0.734091 0.734104 0.734117 0.734129 0.734142 0.734154 0.734166 0.734177 0.734188 0.734198 0.734207 0.734215 0.734221 0.734227 0.734232 0.734235 0.734237 0.734238 0.734237 0.734235 0.734232 0.734228 0.734223 0.734216 0.734208 0.734199 0.73419 0.734179 0.734168 0.734157 
0.796567 0.796562 0.796558 0.796553 0.796548 0.796543 0.796538 0.796533 0.796528 0.796523 0.796519 0.796514 0.79651 0.796507 0.796503 0.796501 0.796498 0.796496 0.796495 0.796494 0.796493 0.796493 0.796493 0.796494 0.796496 0.796498 0.7965 0.796503 0.796506 0.79651 0.796514 0.796518 0.796523 0.796527 0.796532 0.796537 0.796542 0.796547 0.796552 0.796557 0.796562 0.796566 0.79657 0.796574 0.796578 0.796581 0.796584 0.796587 0.796589 0.79659 0.796591 0.796592 0.796592 0.796591 0.79659 0.796589 0.796587 0.796584 0.796582 0.796578 0.796575 0.796571 
0.850661 0.850666 0.85067 0.850675 0.850679 0.850683 0.850687 0.85069 0.850693 0.850696 0.850698 0.850699 0.8507 0.850701 0.850701 0.8507 0.850699 0.850697 0.850695 0.850693 0.85069 0.850686 0.850682 0.850678 0.850674 0.850669 0.850664 0.850659 0.850654 0.850648 0.850643 0.850638 0.850633 0.850628 0.850624 0.850619 0.850615 0.850611 0.850608 0.850605 0.850603 0.850601 0.850599 0.850598 0.850598 0.850598 0.850598 0.850599 0.850601 0.850603 0.850606 0.850609 0.850612 0.850616 0.85062 0.850625 0.85063 0.850634 0.85064 0.850645 0.85065 0.850655 
0.896427 0.896442 0.896457 0.896473 0.896487 0.896501 0.896515 0.896528 0.896539 0.89655 0.896559 0.896567 0.896574 0.896579 0.896582 0.896585 0.896585 0.896584 0.896582 0.896577 0.896572 0.896565 0.896556 0.896547 0.896536 0.896524 0.896511 0.896498 0.896483 0.896468 0.896453 0.896438 0.896422 0.896407 0.896392 0.896377 0.896363 0.896349 0.896337 0.896325 0.896315 0.896305 0.896297 0.896291 0.896286 0.896282 0.89628 0.896279 0.89628 0.896283 0.896287 0.896292 0.896299 0.896308 0.896317 0.896328 0.89634 0.896353 0.896367 0.896381 0.896396 0.896411 
0.933867 0.933893 0.933919 0.933945 0.93397 0.933994 0.934018 0.93404 0.93406 0.934079 0.934096 0.934111 0.934123 0.934134 0.934141 0.934146 0.934149 0.934149 0.934146 0.93414 0.934132 0.934122 0.934109 0.934094 0.934077 0.934058 0.934037 0.934015 0.933991 0.933967 0.933941 0.933915 0.933889 0.933863 0.933837 0.933812 0.933788 0.933764 0.933742 0.933722 0.933703 0.933686 0.933671 0.933659 0.933649 0.933641 0.933636 0.933634 0.933634 0.933637 0.933642 0.93365 0.93366 0.933673 0.933688 0.933705 0.933725 0.933745 0.933768 0.933791 0.933816 0.933841 
0.962982 0.963018 0.963054 0.96309 0.963125 0.963159 0.963191 0.963222 0.963251 0.963278 0.963302 0.963323 0.963341 0.963356 0.963367 0.963375 0.963379 0.96338 0.963377 0.96337 0.96336 0.963347 0.96333 0.96331 0.963287 0.963262 0.963234 0.963203 0.963171 0.963138 0.963103 0.963068 0.963032 0.962996 0.962961 0.962926 0.962892 0.962859 0.962828 0.962799 0.962773 0.962749 0.962728 0.96271 0.962695 0.962684 0.962676 0.962671 0.962671 0.962674 0.96268 0.96269 0.962704 0.962721 0.962741 0.962763 0.962789 0.962817 0.962847 0.962879 0.962912 0.962947 
0.983778 0.983821 0.983865 0.983909 0.983952 0.983994 0.984034 0.984072 0.984108 0.98414 0.98417 0.984196 0.984219 0.984238 0.984252 0.984263 0.984268 0.98427 0.984267 0.98426 0.984248 0.984232 0.984212 0.984188 0.98416 0.98413 0.984096 0.984059 0.984021 0.98398 0.983938 0.983895 0.983851 0.983807 0.983763 0.98372 0.983679 0.983639 0.983601 0.983565 0.983532 0.983503 0.983476 0.983454 0.983435 0.983421 0.98341 0.983404 0.983403 0.983406 0.983413 0.983425 0.983441 0.983461 0.983485 0.983512 0.983543 0.983577 0.983613 0.983652 0.983693 0.983735 
0.996253 0.996302 0.996352 0.996401 0.996449 0.996496 0.99654 0.996583 0.996623 0.99666 0.996694 0.996724 0.996749 0.99677 0.996787 0.996799 0.996806 0.996808 0.996805 0.996797 0.996784 0.996767 0.996744 0.996718 0.996688 0.996653 0.996616 0.996575 0.996532 0.996487 0.99644 0.996391 0.996343 0.996293 0.996245 0.996197 0.99615 0.996105 0.996062 0.996022 0.995985 0.995952 0.995922 0.995896 0.995875 0.995859 0.995847 0.99584 0.995838 0.995841 0.995849 0.995862 0.995879 0.995901 0.995928 0.995958 0.995992 0.99603 0.99607 0.996113 0.996159 0.996205 
1.00041 1.00046 1.00051 1.00057 1.00062 1.00066 1.00071 1.00075 1.0008 1.00084 1.00087 1.0009 1.00093 1.00095 1.00097 1.00098 1.00099 1.00099 1.00099 1.00098 1.00096 1.00095 1.00092 1.0009 1.00087 1.00083 1.00079 1.00075 1.0007 1.00066 1.00061 1.00056 1.00051 1.00046 1.00041 1.00036 1.00031 1.00026 1.00022 1.00018 1.00014 1.0001 1.00007 1.00004 1.00002 1.00001 0.999993 0.999985 0.999983 0.999986 0.999994 1.00001 1.00003 1.00005 1.00008 1.00011 1.00014 1.00018 1.00022 1.00027 1.00031 1.00036 
0.996254 0.996303 0.996352 0.996401 0.996449 0.996496 0.996541 0.996584 0.996624 0.996661 0.996694 0.996724 0.99675 0.996771 0.996787 0.996799 0.996806 0.996808 0.996805 0.996797 0.996785 0.996767 0.996745 0.996719 0.996688 0.996654 0.996617 0.996576 0.996533 0.996487 0.99644 0.996392 0.996343 0.996294 0.996245 0.996197 0.996151 0.996106 0.996063 0.996023 0.995986 0.995952 0.995923 0.995897 0.995876 0.995859 0.995847 0.99584 0.995838 0.995841 0.995849 0.995862 0.99588 0.995902 0.995928 0.995958 0.995993 0.99603 0.996071 0.996114 0.996159 0.996206 
0.983778 0.983822 0.983866 0.98391 0.983953 0.983995 0.984035 0.984073 0.984109 0.984141 0.984171 0.984198 0.98422 0.984239 0.984253 0.984264 0.98427 0.984271 0.984268 0.984261 0.984249 0.984233 0.984213 0.984189 0.984162 0.984131 0.984097 0.984061 0.984022 0.983981 0.983939 0.983896 0.983852 0.983808 0.983765 0.983722 0.98368 0.98364 0.983602 0.983566 0.983534 0.983504 0.983478 0.983455 0.983436 0.983422 0.983411 0.983406 0.983404 0.983407 0.983414 0.983426 0.983442 0.983462 0.983486 0.983513 0.983544 0.983578 0.983614 0.983653 0.983694 0.983735 
0.962984 0.96302 0.963055 0.963091 0.963126 0.96316 0.963193 0.963224 0.963253 0.963279 0.963303 0.963324 0.963342 0.963357 0.963369 0.963377 0.963381 0.963382 0.963379 0.963372 0.963362 0.963348 0.963332 0.963312 0.963289 0.963263 0.963235 0.963205 0.963173 0.96314 0.963105 0.96307 0.963034 0.962998 0.962962 0.962927 0.962893 0.962861 0.96283 0.962801 0.962775 0.962751 0.962729 0.962711 0.962697 0.962685 0.962677 0.962673 0.962672 0.962675 0.962682 0.962692 0.962705 0.962722 0.962742 0.962765 0.96279 0.962818 0.962848 0.96288 0.962914 0.962948 
0.933868 0.933894 0.933921 0.933946 0.933972 0.933996 0.93402 0.934042 0.934062 0.934081 0.934098 0.934113 0.934125 0.934135 0.934143 0.934148 0.934151 0.93415 0.934148 0.934142 0.934134 0.934124 0.934111 0.934096 0.934079 0.93406 0.934039 0.934016 0.933993 0.933968 0.933943 0.933917 0.933891 0.933865 0.933839 0.933814 0.93379 0.933766 0.933744 0.933724 0.933705 0.933688 0.933673 0.933661 0.93365 0.933643 0.933638 0.933635 0.933635 0.933638 0.933644 0.933652 0.933662 0.933675 0.93369 0.933707 0.933726 0.933747 0.933769 0.933793 0.933817 0.933842 
0.896429 0.896444 0.896459 0.896475 0.896489 0.896503 0.896517 0.896529 0.896541 0.896552 0.896561 0.896569 0.896576 0.896581 0.896584 0.896586 0.896587 0.896586 0.896583 0.896579 0.896574 0.896567 0.896558 0.896549 0.896538 0.896526 0.896513 0.896499 0.896485 0.89647 0.896455 0.896439 0.896424 0.896408 0.896393 0.896379 0.896364 0.896351 0.896338 0.896327 0.896316 0.896307 0.896299 0.896292 0.896287 0.896284 0.896281 0.896281 0.896282 0.896284 0.896289 0.896294 0.896301 0.89631 0.896319 0.89633 0.896342 0.896355 0.896369 0.896383 0.896398 0.896413 
0.850663 0.850668 0.850673 0.850677 0.850682 0.850686 0.850689 0.850693 0.850696 0.850698 0.8507 0.850701 0.850702 0.850703 0.850703 0.850702 0.850701 0.850699 0.850697 0.850694 0.850691 0.850688 0.850684 0.85068 0.850675 0.85067 0.850665 0.85066 0.850655 0.85065 0.850645 0.850639 0.850634 0.850629 0.850625 0.85062 0.850616 0.850613 0.850609 0.850606 0.850604 0.850602 0.8506 0.850599 0.850599 0.850599 0.8506 0.850601 0.850603 0.850605 0.850607 0.850611 0.850614 0.850618 0.850622 0.850627 0.850631 0.850636 0.850642 0.850647 0.850652 0.850657 
0.796569 0.796565 0.79656 0.796555 0.79655 0.796545 0.79654 0.796535 0.79653 0.796525 0.796521 0.796516 0.796512 0.796509 0.796505 0.796502 0.7965 0.796498 0.796496 0.796495 0.796494 0.796494 0.796495 0.796496 0.796497 0.796499 0.796501 0.796504 0.796507 0.796511 0.796515 0.796519 0.796523 0.796528 0.796533 0.796538 0.796543 0.796548 0.796553 0.796558 0.796562 0.796567 0.796571 0.796575 0.796579 0.796582 0.796585 0.796588 0.79659 0.796592 0.796593 0.796593 0.796593 0.796593 0.796592 0.796591 0.796589 0.796586 0.796584 0.796581 0.796577 0.796573 
0.734147 0.734134 0.734122 0.734109 0.734096 0.734083 0.734071 0.734059 0.734048 0.734037 0.734027 0.734018 0.73401 0.734003 0.733997 0.733993 0.733989 0.733987 0.733986 0.733987 0.733988 0.733991 0.733995 0.734001 0.734007 0.734015 0.734024 0.734033 0.734044 0.734055 0.734066 0.734079 0.734091 0.734104 0.734117 0.734129 0.734142 0.734154 0.734166 0.734178 0.734188 0.734198 0.734207 0.734215 0.734222 0.734228 0.734233 0.734236 0.734238 0.734239 0.734239 0.734237 0.734234 0.73423 0.734224 0.734218 0.73421 0.734202 0.734192 0.734182 0.734171 0.734159 
0.663395 0.663376 0.663357 0.663338 0.663319 0.663301 0.663283 0.663266 0.663249 0.663234 0.663221 0.663208 0.663197 0.663188 0.66318 0.663175 0.663171 0.663169 0.663169 0.663171 0.663174 0.66318 0.663187 0.663197 0.663207 0.66322 0.663234 0.663249 0.663265 0.663282 0.6633 0.663318 0.663337 0.663356 0.663375 0.663394 0.663412 0.66343 0.663447 0.663464 0.663479 0.663493 0.663505 0.663516 0.663525 0.663533 0.663539 0.663542 0.663544 0.663544 0.663543 0.663539 0.663533 0.663526 0.663516 0.663506 0.663493 0.663479 0.663464 0.663448 0.663431 0.663414 
0.584315 0.584292 0.584268 0.584244 0.584221 0.584199 0.584177 0.584156 0.584136 0.584118 0.584102 0.584087 0.584074 0.584064 0.584055 0.584049 0.584045 0.584043 0.584044 0.584048 0.584053 0.584061 0.584071 0.584083 0.584098 0.584114 0.584131 0.584151 0.584171 0.584193 0.584215 0.584238 0.584261 0.584285 0.584309 0.584332 0.584354 0.584376 0.584397 0.584416 0.584435 0.584451 0.584466 0.584478 0.584489 0.584498 0.584504 0.584508 0.584509 0.584508 0.584505 0.5845 0.584492 0.584482 0.584469 0.584455 0.584439 0.584422 0.584402 0.584382 0.58436 0.584338 
0.496908 0.496881 0.496854 0.496828 0.496802 0.496776 0.496752 0.496729 0.496707 0.496688 0.49667 0.496654 0.49664 0.496629 0.49662 0.496614 0.49661 0.496609 0.496611 0.496616 0.496623 0.496633 0.496645 0.496659 0.496676 0.496695 0.496715 0.496737 0.496761 0.496786 0.496811 0.496837 0.496864 0.49689 0.496917 0.496943 0.496968 0.496992 0.497015 0.497037 0.497057 0.497075 0.497091 0.497104 0.497116 0.497125 0.497131 0.497134 0.497135 0.497133 0.497129 0.497122 0.497112 0.4971 0.497085 0.497069 0.49705 0.497029 0.497007 0.496984 0.496959 0.496934 
0.401172 0.401144 0.401115 0.401087 0.401059 0.401033 0.401007 0.400983 0.40096 0.40094 0.400921 0.400905 0.400891 0.40088 0.400871 0.400865 0.400862 0.400862 0.400865 0.400871 0.400879 0.400891 0.400904 0.400921 0.400939 0.40096 0.400982 0.401006 0.401032 0.401059 0.401086 0.401114 0.401143 0.401171 0.401199 0.401227 0.401254 0.401279 0.401304 0.401326 0.401347 0.401365 0.401382 0.401395 0.401407 0.401415 0.401421 0.401424 0.401424 0.401421 0.401415 0.401407 0.401396 0.401382 0.401366 0.401347 0.401327 0.401304 0.40128 0.401254 0.401228 0.4012 
0.297111 0.297081 0.297052 0.297023 0.296995 0.296967 0.296941 0.296917 0.296894 0.296873 0.296855 0.296838 0.296825 0.296814 0.296806 0.296801 0.296799 0.2968 0.296804 0.296811 0.29682 0.296833 0.296848 0.296865 0.296885 0.296907 0.296931 0.296957 0.296984 0.297011 0.29704 0.29707 0.297099 0.297128 0.297157 0.297186 0.297213 0.297239 0.297264 0.297286 0.297307 0.297326 0.297342 0.297355 0.297366 0.297374 0.297379 0.297381 0.29738 0.297376 0.29737 0.29736 0.297347 0.297332 0.297315 0.297295 0.297273 0.297249 0.297224 0.297197 0.297169 0.29714 
0.184724 0.184694 0.184664 0.184635 0.184606 0.184579 0.184553 0.184529 0.184506 0.184486 0.184468 0.184453 0.18444 0.18443 0.184423 0.184419 0.184418 0.18442 0.184424 0.184432 0.184443 0.184457 0.184473 0.184491 0.184512 0.184535 0.18456 0.184586 0.184614 0.184643 0.184672 0.184702 0.184732 0.184761 0.184791 0.184819 0.184846 0.184872 0.184896 0.184919 0.184939 0.184957 0.184973 0.184985 0.184995 0.185002 0.185007 0.185008 0.185006 0.185001 0.184993 0.184982 0.184969 0.184953 0.184934 0.184913 0.18489 0.184865 0.184839 0.184811 0.184783 0.184753 
0.0640391 0.0640123 0.0639857 0.0639596 0.0639343 0.0639101 0.0638871 0.0638657 0.0638461 0.0638285 0.063813 0.0637998 0.0637891 0.0637809 0.0637754 0.0637726 0.0637725 0.0637751 0.0637805 0.0637884 0.063799 0.063812 0.0638273 0.0638448 0.0638643 0.0638855 0.0639084 0.0639325 0.0639578 0.0639838 0.0640105 0.0640374 0.0640643 0.064091 0.0641171 0.0641424 0.0641666 0.0641896 0.0642109 0.0642305 0.0642482 0.0642637 0.0642768 0.0642875 0.0642957 0.0643012 0.0643041 0.0643042 0.0643015 0.0642962 0.0642882 0.0642777 0.0642647 0.0642494 0.0642319 0.0642124 0.0641912 0.0641684 0.0641442 0.0641189 0.0640928 0.0640661 
