0.0614065 0.0613961 0.0613853 0.061374 0.0613623 0.0613504 0.0613383 0.0613262 0.0613143 0.0613027 0.0612915 0.0612808 0.0612707 0.0612614 0.0612529 0.0612453 0.0612387 0.0612332 0.0612287 0.0612255 0.0612234 0.0612226 0.061223 0.0612246 0.0612274 0.0612314 0.0612365 0.0612427 0.0612499 0.0612581 0.0612671 0.0612769 0.0612873 0.0612983 0.0613098 0.0613216 0.0613336 0.0613456 0.0613577 0.0613695 0.0613811 0.0613923 0.061403 0.061413 0.0614224 0.0614308 0.0614384 0.061445 0.0614505 0.061455 0.0614582 0.0614603 0.0614611 0.0614608 0.0614592 0.0614564 0.0614524 0.0614474 0.0614412 0.0614339 0.0614258 0.0614165 
0.180696 0.180676 0.180655 0.180632 0.180609 0.180585 0.18056 0.180535 0.18051 0.180485 0.18046 0.180436 0.180414 0.180392 0.180372 0.180353 0.180337 0.180322 0.180309 0.180299 0.180291 0.180286 0.180283 0.180283 0.180285 0.180289 0.180297 0.180306 0.180318 0.180332 0.180348 0.180366 0.180386 0.180407 0.18043 0.180453 0.180477 0.180502 0.180527 0.180552 0.180577 0.180602 0.180626 0.180648 0.18067 0.18069 0.180708 0.180725 0.18074 0.180752 0.180763 0.18077 0.180776 0.180779 0.180779 0.180777 0.180772 0.180765 0.180756 0.180744 0.18073 0.180714 
0.292885 0.292867 0.292847 0.292825 0.292801 0.292776 0.292749 0.292721 0.292692 0.292663 0.292633 0.292604 0.292575 0.292546 0.292519 0.292493 0.292468 0.292445 0.292424 0.292406 0.29239 0.292376 0.292365 0.292357 0.292352 0.29235 0.292351 0.292355 0.292362 0.292371 0.292384 0.292399 0.292417 0.292436 0.292458 0.292482 0.292508 0.292535 0.292563 0.292591 0.292621 0.29265 0.292679 0.292708 0.292737 0.292764 0.29279 0.292815 0.292837 0.292858 0.292877 0.292893 0.292906 0.292917 0.292925 0.29293 0.292932 0.292932 0.292928 0.292921 0.292912 0.2929 
0.396947 0.396937 0.396923 0.396907 0.396888 0.396867 0.396843 0.396818 0.396791 0.396763 0.396733 0.396703 0.396672 0.396642 0.396611 0.396581 0.396551 0.396523 0.396496 0.396471 0.396448 0.396427 0.396408 0.396392 0.396378 0.396368 0.39636 0.396356 0.396354 0.396356 0.396361 0.396368 0.396379 0.396393 0.396409 0.396428 0.396449 0.396473 0.396498 0.396525 0.396553 0.396582 0.396613 0.396643 0.396674 0.396704 0.396734 0.396764 0.396792 0.396819 0.396844 0.396867 0.396888 0.396907 0.396923 0.396936 0.396947 0.396955 0.396959 0.396961 0.396959 0.396955 
0.492685 0.492682 0.492677 0.492668 0.492656 0.492642 0.492624 0.492605 0.492582 0.492558 0.492532 0.492505 0.492476 0.492446 0.492416 0.492385 0.492354 0.492324 0.492294 0.492265 0.492237 0.492211 0.492187 0.492164 0.492144 0.492126 0.492111 0.492099 0.492089 0.492083 0.492079 0.492079 0.492082 0.492088 0.492097 0.492109 0.492123 0.492141 0.492161 0.492183 0.492207 0.492233 0.49226 0.492289 0.492318 0.492349 0.492379 0.49241 0.49244 0.49247 0.492499 0.492526 0.492553 0.492577 0.492599 0.49262 0.492637 0.492653 0.492665 0.492674 0.492681 0.492684 
0.580068 0.580073 0.580075 0.580074 0.580071 0.580064 0.580054 0.580042 0.580027 0.580009 0.579989 0.579967 0.579943 0.579917 0.579891 0.579863 0.579834 0.579804 0.579775 0.579746 0.579717 0.579689 0.579661 0.579636 0.579611 0.579589 0.579568 0.57955 0.579534 0.579521 0.57951 0.579503 0.579498 0.579496 0.579497 0.579501 0.579508 0.579518 0.579531 0.579546 0.579564 0.579584 0.579606 0.57963 0.579655 0.579682 0.57971 0.579738 0.579767 0.579797 0.579826 0.579855 0.579883 0.57991 0.579936 0.57996 0.579982 0.580003 0.580021 0.580037 0.58005 0.580061 
0.659098 0.659109 0.659117 0.659123 0.659127 0.659128 0.659126 0.659121 0.659114 0.659104 0.659092 0.659077 0.659061 0.659042 0.659021 0.658999 0.658975 0.65895 0.658924 0.658898 0.658871 0.658845 0.658818 0.658792 0.658767 0.658743 0.65872 0.658699 0.658679 0.658662 0.658646 0.658633 0.658622 0.658613 0.658607 0.658604 0.658603 0.658606 0.65861 0.658618 0.658628 0.65864 0.658655 0.658672 0.658691 0.658711 0.658733 0.658757 0.658782 0.658807 0.658833 0.65886 0.658886 0.658913 0.658938 0.658964 0.658988 0.65901 0.659032 0.659051 0.659069 0.659084 
0.729777 0.729792 0.729805 0.729816 0.729826 0.729833 0.729839 0.729842 0.729842 0.729841 0.729837 0.729831 0.729823 0.729813 0.7298 0.729786 0.72977 0.729753 0.729734 0.729714 0.729693 0.729671 0.729649 0.729627 0.729604 0.729582 0.72956 0.729539 0.729518 0.729499 0.729481 0.729464 0.729449 0.729436 0.729425 0.729415 0.729408 0.729403 0.7294 0.7294 0.729401 0.729405 0.729412 0.72942 0.72943 0.729443 0.729457 0.729473 0.72949 0.729509 0.729529 0.72955 0.729571 0.729593 0.729615 0.729638 0.72966 0.729682 0.729703 0.729723 0.729742 0.72976 
0.792113 0.792129 0.792145 0.79216 0.792173 0.792185 0.792196 0.792206 0.792214 0.79222 0.792224 0.792227 0.792228 0.792228 0.792225 0.79222 0.792214 0.792206 0.792196 0.792185 0.792173 0.792159 0.792144 0.792129 0.792112 0.792095 0.792078 0.79206 0.792042 0.792025 0.792007 0.79199 0.791974 0.791958 0.791944 0.79193 0.791918 0.791907 0.791898 0.79189 0.791884 0.79188 0.791877 0.791876 0.791877 0.79188 0.791885 0.791891 0.791899 0.791909 0.79192 0.791932 0.791945 0.79196 0.791976 0.791992 0.792009 0.792026 0.792044 0.792062 0.792079 0.792097 
0.846116 0.84613 0.846145 0.846161 0.846176 0.846191 0.846206 0.84622 0.846234 0.846247 0.846259 0.84627 0.84628 0.846288 0.846296 0.846302 0.846306 0.846309 0.84631 0.84631 0.846308 0.846305 0.8463 0.846293 0.846286 0.846277 0.846267 0.846255 0.846243 0.84623 0.846216 0.846202 0.846187 0.846172 0.846156 0.846141 0.846126 0.846111 0.846097 0.846084 0.846071 0.846059 0.846048 0.846038 0.84603 0.846023 0.846017 0.846013 0.84601 0.846008 0.846009 0.846011 0.846014 0.846019 0.846025 0.846033 0.846042 0.846052 0.846063 0.846075 0.846088 0.846102 
0.891794 0.891805 0.891817 0.89183 0.891845 0.891861 0.891877 0.891894 0.891912 0.89193 0.891948 0.891966 0.891984 0.892001 0.892018 0.892034 0.89205 0.892063 0.892076 0.892087 0.892097 0.892105 0.892112 0.892116 0.892119 0.89212 0.89212 0.892117 0.892113 0.892107 0.892099 0.89209 0.892079 0.892066 0.892053 0.892038 0.892022 0.892006 0.891988 0.891971 0.891953 0.891935 0.891917 0.891899 0.891882 0.891865 0.891849 0.891834 0.89182 0.891808 0.891797 0.891787 0.891779 0.891772 0.891768 0.891765 0.891764 0.891764 0.891767 0.891771 0.891777 0.891785 
0.929156 0.929161 0.929169 0.929179 0.929191 0.929205 0.929222 0.92924 0.92926 0.929281 0.929304 0.929328 0.929352 0.929377 0.929402 0.929428 0.929453 0.929477 0.929501 0.929523 0.929544 0.929564 0.929582 0.929598 0.929612 0.929624 0.929634 0.929641 0.929646 0.929648 0.929648 0.929645 0.92964 0.929632 0.929622 0.92961 0.929595 0.929579 0.92956 0.92954 0.929519 0.929496 0.929472 0.929448 0.929423 0.929398 0.929373 0.929348 0.929324 0.9293 0.929278 0.929257 0.929237 0.929219 0.929203 0.929189 0.929177 0.929167 0.92916 0.929155 0.929153 0.929153 
0.958209 0.958208 0.95821 0.958216 0.958225 0.958237 0.958252 0.95827 0.958291 0.958314 0.95834 0.958368 0.958397 0.958428 0.95846 0.958492 0.958526 0.958559 0.958592 0.958624 0.958656 0.958686 0.958715 0.958742 0.958766 0.958789 0.958808 0.958825 0.958839 0.95885 0.958857 0.958862 0.958862 0.95886 0.958854 0.958845 0.958833 0.958817 0.958799 0.958778 0.958755 0.958729 0.958701 0.958672 0.958641 0.958609 0.958577 0.958544 0.958511 0.958478 0.958445 0.958414 0.958384 0.958355 0.958329 0.958304 0.958282 0.958262 0.958245 0.958231 0.958221 0.958213 
0.978958 0.978952 0.978949 0.978951 0.978957 0.978966 0.97898 0.978997 0.979018 0.979042 0.979069 0.979099 0.979132 0.979167 0.979203 0.979242 0.979281 0.979321 0.979361 0.979402 0.979441 0.97948 0.979517 0.979552 0.979586 0.979616 0.979644 0.979669 0.979691 0.979709 0.979723 0.979734 0.97974 0.979743 0.979741 0.979735 0.979725 0.979712 0.979694 0.979673 0.979649 0.979622 0.979592 0.979559 0.979524 0.979487 0.979449 0.979409 0.979369 0.979329 0.979289 0.97925 0.979211 0.979174 0.979139 0.979106 0.979075 0.979047 0.979022 0.979001 0.978983 0.978969 
0.991407 0.991397 0.991391 0.99139 0.991393 0.9914 0.991412 0.991428 0.991449 0.991473 0.991501 0.991533 0.991567 0.991605 0.991644 0.991686 0.991729 0.991773 0.991818 0.991863 0.991908 0.991952 0.991995 0.992036 0.992075 0.992111 0.992145 0.992175 0.992202 0.992224 0.992243 0.992258 0.992268 0.992274 0.992276 0.992272 0.992265 0.992253 0.992236 0.992215 0.992191 0.992163 0.992131 0.992096 0.992059 0.992019 0.991978 0.991934 0.99189 0.991845 0.991801 0.991756 0.991712 0.99167 0.991629 0.99159 0.991554 0.99152 0.99149 0.991463 0.991441 0.991422 
0.995557 0.995545 0.995538 0.995535 0.995537 0.995544 0.995556 0.995572 0.995592 0.995616 0.995645 0.995676 0.995712 0.99575 0.99579 0.995833 0.995878 0.995923 0.99597 0.996017 0.996063 0.996109 0.996154 0.996197 0.996238 0.996276 0.996311 0.996343 0.996372 0.996397 0.996417 0.996434 0.996445 0.996453 0.996455 0.996453 0.996446 0.996434 0.996418 0.996398 0.996373 0.996345 0.996313 0.996277 0.996239 0.996198 0.996156 0.996111 0.996065 0.996019 0.995972 0.995926 0.99588 0.995836 0.995793 0.995752 0.995714 0.995679 0.995646 0.995618 0.995593 0.995573 
0.991407 0.991397 0.991391 0.991389 0.991392 0.9914 0.991412 0.991428 0.991448 0.991473 0.991501 0.991532 0.991567 0.991604 0.991644 0.991685 0.991729 0.991773 0.991818 0.991863 0.991908 0.991952 0.991995 0.992036 0.992075 0.992111 0.992145 0.992175 0.992202 0.992225 0.992244 0.992259 0.99227 0.992276 0.992277 0.992274 0.992266 0.992254 0.992238 0.992217 0.992193 0.992165 0.992133 0.992098 0.992061 0.992021 0.99198 0.991936 0.991892 0.991847 0.991802 0.991757 0.991714 0.991671 0.99163 0.991591 0.991555 0.991521 0.991491 0.991464 0.991441 0.991422 
0.978958 0.978951 0.978949 0.97895 0.978955 0.978965 0.978978 0.978995 0.979016 0.97904 0.979068 0.979098 0.979131 0.979165 0.979202 0.979241 0.97928 0.979321 0.979361 0.979402 0.979441 0.97948 0.979518 0.979553 0.979587 0.979618 0.979646 0.979671 0.979693 0.979711 0.979726 0.979736 0.979743 0.979746 0.979744 0.979738 0.979729 0.979715 0.979698 0.979677 0.979653 0.979625 0.979595 0.979562 0.979527 0.97949 0.979452 0.979413 0.979372 0.979332 0.979292 0.979252 0.979214 0.979176 0.979141 0.979107 0.979076 0.979048 0.979023 0.979001 0.978983 0.978968 
0.958207 0.958206 0.958208 0.958214 0.958223 0.958235 0.95825 0.958268 0.958289 0.958313 0.958338 0.958366 0.958396 0.958427 0.958459 0.958492 0.958525 0.958559 0.958592 0.958625 0.958657 0.958688 0.958717 0.958744 0.958769 0.958791 0.958811 0.958829 0.958843 0.958854 0.958862 0.958866 0.958867 0.958865 0.958859 0.95885 0.958838 0.958823 0.958804 0.958783 0.95876 0.958734 0.958706 0.958677 0.958646 0.958613 0.958581 0.958547 0.958514 0.95848 0.958448 0.958416 0.958386 0.958357 0.95833 0.958305 0.958282 0.958262 0.958245 0.958231 0.95822 0.958212 
0.929152 0.929158 0.929165 0.929175 0.929188 0.929202 0.929219 0.929238 0.929258 0.92928 0.929303 0.929327 0.929351 0.929377 0.929403 0.929428 0.929454 0.929479 0.929503 0.929526 0.929548 0.929568 0.929586 0.929603 0.929617 0.92963 0.92964 0.929647 0.929652 0.929655 0.929655 0.929652 0.929647 0.929639 0.929629 0.929616 0.929602 0.929585 0.929566 0.929546 0.929524 0.929501 0.929477 0.929452 0.929427 0.929401 0.929376 0.92935 0.929326 0.929302 0.929279 0.929257 0.929237 0.929218 0.929202 0.929187 0.929175 0.929165 0.929157 0.929152 0.92915 0.92915 
0.891788 0.891799 0.891812 0.891826 0.891841 0.891857 0.891874 0.891892 0.89191 0.891929 0.891947 0.891966 0.891985 0.892003 0.892021 0.892037 0.892053 0.892068 0.892081 0.892093 0.892103 0.892112 0.892119 0.892124 0.892127 0.892129 0.892128 0.892126 0.892122 0.892116 0.892108 0.892098 0.892087 0.892075 0.892061 0.892046 0.89203 0.892012 0.891995 0.891976 0.891958 0.891939 0.89192 0.891902 0.891884 0.891866 0.89185 0.891834 0.89182 0.891806 0.891794 0.891784 0.891775 0.891768 0.891763 0.89176 0.891758 0.891759 0.891761 0.891765 0.891771 0.891779 
0.846108 0.846124 0.846139 0.846155 0.846171 0.846187 0.846203 0.846218 0.846233 0.846247 0.84626 0.846272 0.846283 0.846293 0.846301 0.846308 0.846313 0.846317 0.846319 0.846319 0.846318 0.846315 0.846311 0.846305 0.846297 0.846289 0.846279 0.846267 0.846255 0.846241 0.846227 0.846212 0.846197 0.846181 0.846165 0.846149 0.846133 0.846118 0.846102 0.846088 0.846074 0.846061 0.846049 0.846038 0.846029 0.846021 0.846014 0.846009 0.846005 0.846003 0.846002 0.846004 0.846006 0.846011 0.846017 0.846024 0.846033 0.846043 0.846054 0.846066 0.84608 0.846094 
0.792105 0.792122 0.792139 0.792154 0.792169 0.792183 0.792195 0.792206 0.792215 0.792223 0.792229 0.792233 0.792235 0.792236 0.792234 0.792231 0.792225 0.792218 0.792209 0.792199 0.792187 0.792174 0.792159 0.792144 0.792127 0.79211 0.792092 0.792074 0.792056 0.792038 0.792019 0.792001 0.791984 0.791967 0.791952 0.791937 0.791924 0.791911 0.791901 0.791892 0.791884 0.791878 0.791874 0.791872 0.791872 0.791874 0.791877 0.791883 0.79189 0.791898 0.791909 0.79192 0.791934 0.791948 0.791963 0.79198 0.791997 0.792015 0.792033 0.792051 0.792069 0.792087 
0.729769 0.729785 0.7298 0.729813 0.729824 0.729833 0.72984 0.729845 0.729847 0.729847 0.729845 0.729841 0.729834 0.729825 0.729814 0.729801 0.729786 0.729769 0.729751 0.729731 0.729711 0.729689 0.729667 0.729644 0.729622 0.729599 0.729576 0.729554 0.729533 0.729512 0.729493 0.729475 0.729458 0.729444 0.729431 0.72942 0.729411 0.729404 0.729399 0.729397 0.729397 0.7294 0.729404 0.729411 0.72942 0.729431 0.729444 0.729459 0.729476 0.729494 0.729513 0.729534 0.729555 0.729577 0.7296 0.729623 0.729645 0.729668 0.72969 0.729711 0.729732 0.729751 
0.659091 0.659104 0.659115 0.659123 0.659128 0.659131 0.659131 0.659128 0.659123 0.659115 0.659104 0.659091 0.659076 0.659058 0.659039 0.659017 0.658994 0.65897 0.658944 0.658918 0.658892 0.658865 0.658838 0.658811 0.658785 0.65876 0.658736 0.658713 0.658692 0.658673 0.658656 0.658641 0.658628 0.658617 0.658609 0.658604 0.658602 0.658602 0.658605 0.65861 0.658618 0.658629 0.658642 0.658658 0.658676 0.658695 0.658716 0.658739 0.658763 0.658789 0.658815 0.658841 0.658868 0.658895 0.658921 0.658947 0.658972 0.658996 0.659019 0.65904 0.659059 0.659076 
0.580066 0.580073 0.580077 0.580078 0.580077 0.580072 0.580064 0.580054 0.58004 0.580024 0.580006 0.579985 0.579962 0.579938 0.579911 0.579884 0.579855 0.579826 0.579797 0.579767 0.579737 0.579709 0.57968 0.579653 0.579628 0.579604 0.579582 0.579562 0.579544 0.579529 0.579516 0.579506 0.579499 0.579495 0.579494 0.579496 0.579501 0.579509 0.57952 0.579533 0.579549 0.579568 0.579589 0.579611 0.579636 0.579662 0.579689 0.579718 0.579747 0.579776 0.579806 0.579835 0.579864 0.579892 0.579919 0.579944 0.579968 0.579991 0.580011 0.580028 0.580043 0.580056 
0.492688 0.492687 0.492684 0.492677 0.492667 0.492655 0.492639 0.492621 0.4926 0.492578 0.492553 0.492526 0.492498 0.492469 0.492438 0.492407 0.492376 0.492346 0.492315 0.492285 0.492256 0.492229 0.492203 0.492179 0.492157 0.492137 0.49212 0.492105 0.492094 0.492085 0.492079 0.492077 0.492078 0.492081 0.492088 0.492098 0.492111 0.492126 0.492145 0.492165 0.492188 0.492213 0.492239 0.492267 0.492297 0.492327 0.492357 0.492388 0.492419 0.49245 0.492479 0.492508 0.492536 0.492562 0.492586 0.492608 0.492627 0.492644 0.492659 0.492671 0.492679 0.492685 
0.396956 0.396948 0.396936 0.396922 0.396904 0.396884 0.396862 0.396838 0.396812 0.396784 0.396755 0.396725 0.396695 0.396664 0.396633 0.396602 0.396572 0.396542 0.396514 0.396487 0.396462 0.39644 0.396419 0.396401 0.396385 0.396372 0.396363 0.396356 0.396352 0.396352 0.396354 0.39636 0.396369 0.39638 0.396395 0.396412 0.396432 0.396454 0.396478 0.396504 0.396532 0.396561 0.396591 0.396621 0.396652 0.396683 0.396714 0.396744 0.396773 0.396801 0.396828 0.396853 0.396875 0.396896 0.396914 0.39693 0.396943 0.396952 0.396959 0.396963 0.396964 0.396961 
0.292899 0.292883 0.292865 0.292844 0.292821 0.292796 0.29277 0.292742 0.292714 0.292684 0.292654 0.292624 0.292595 0.292565 0.292537 0.292509 0.292483 0.292459 0.292436 0.292416 0.292398 0.292382 0.292369 0.292359 0.292352 0.292348 0.292346 0.292348 0.292353 0.292361 0.292371 0.292385 0.292401 0.292419 0.29244 0.292463 0.292488 0.292514 0.292541 0.29257 0.292599 0.292629 0.292659 0.292688 0.292718 0.292746 0.292773 0.292799 0.292824 0.292846 0.292867 0.292885 0.2929 0.292913 0.292924 0.292931 0.292935 0.292936 0.292935 0.29293 0.292922 0.292912 
0.180712 0.180693 0.180672 0.18065 0.180627 0.180603 0.180578 0.180552 0.180527 0.180501 0.180476 0.180451 0.180427 0.180404 0.180383 0.180363 0.180344 0.180328 0.180314 0.180302 0.180292 0.180285 0.18028 0.180278 0.180278 0.180281 0.180287 0.180295 0.180306 0.180319 0.180334 0.180351 0.18037 0.18039 0.180412 0.180435 0.18046 0.180484 0.18051 0.180535 0.180561 0.180586 0.180611 0.180635 0.180658 0.180679 0.180699 0.180717 0.180734 0.180748 0.18076 0.18077 0.180777 0.180782 0.180784 0.180783 0.18078 0.180775 0.180767 0.180756 0.180744 0.180729 
0.0614139 0.0614035 0.0613925 0.061381 0.0613691 0.0613569 0.0613445 0.061332 0.0613196 0.0613075 0.0612957 0.0612843 0.0612736 0.0612636 0.0612544 0.061246 0.0612387 0.0612324 0.0612273 0.0612233 0.0612206 0.0612191 0.0612188 0.0612199 0.0612221 0.0612257 0.0612303 0.0612362 0.0612431 0.061251 0.0612599 0.0612696 0.0612801 0.0612911 0.0613027 0.0613147 0.061327 0.0613394 0.0613519 0.0613642 0.0613763 0.0613881 0.0613994 0.0614101 0.0614201 0.0614293 0.0614376 0.061445 0.0614512 0.0614564 0.0614603 0.0614631 0.0614646 0.0614649 0.0614639 0.0614617 0.0614582 0.0614536 0.0614478 0.0614408 0.0614329 0.0614239 
