0.052964 0.0529641 0.0529641 0.0529641 0.0529642 0.0529642 0.0529642 0.0529642 0.0529643 0.0529643 0.0529643 0.0529643 0.0529642 0.0529642 0.0529642 0.0529642 0.0529641 0.0529641 0.0529641 0.052964 0.052964 0.0529639 0.0529639 0.0529638 0.0529638 0.0529637 0.0529637 0.0529636 0.0529635 0.0529635 0.0529634 0.0529634 0.0529633 0.0529633 0.0529632 0.0529632 0.0529632 0.0529632 0.0529631 0.0529631 0.0529631 0.0529631 0.0529631 0.0529631 0.0529631 0.0529632 0.0529632 0.0529632 0.0529632 0.0529633 0.0529633 0.0529634 0.0529634 0.0529635 0.0529635 0.0529636 0.0529637 0.0529637 0.0529638 0.0529638 0.0529639 0.052964 
0.157934 0.157934 0.157935 0.157935 0.157936 0.157936 0.157936 0.157937 0.157937 0.157938 0.157938 0.157938 0.157939 0.157939 0.157939 0.15794 0.15794 0.15794 0.15794 0.15794 0.15794 0.15794 0.15794 0.15794 0.15794 0.15794 0.15794 0.157939 0.157939 0.157939 0.157938 0.157938 0.157938 0.157937 0.157937 0.157936 0.157936 0.157935 0.157935 0.157935 0.157934 0.157934 0.157933 0.157933 0.157933 0.157932 0.157932 0.157932 0.157932 0.157932 0.157932 0.157932 0.157932 0.157932 0.157932 0.157932 0.157932 0.157932 0.157933 0.157933 0.157933 0.157933 
0.260113 0.260113 0.260113 0.260114 0.260114 0.260115 0.260115 0.260116 0.260117 0.260118 0.260118 0.260119 0.26012 0.260121 0.260122 0.260123 0.260124 0.260125 0.260126 0.260126 0.260127 0.260128 0.260128 0.260129 0.26013 0.26013 0.26013 0.260131 0.260131 0.260131 0.260131 0.260131 0.260131 0.26013 0.26013 0.260129 0.260129 0.260128 0.260128 0.260127 0.260126 0.260125 0.260124 0.260123 0.260123 0.260122 0.260121 0.26012 0.260119 0.260118 0.260117 0.260116 0.260116 0.260115 0.260114 0.260114 0.260114 0.260113 0.260113 0.260113 0.260113 0.260113 
0.357899 0.357898 0.357897 0.357896 0.357896 0.357895 0.357895 0.357895 0.357895 0.357895 0.357895 0.357895 0.357896 0.357897 0.357897 0.357898 0.357899 0.3579 0.357901 0.357902 0.357903 0.357905 0.357906 0.357907 0.357909 0.35791 0.357911 0.357912 0.357914 0.357915 0.357916 0.357917 0.357918 0.357919 0.357919 0.35792 0.35792 0.357921 0.357921 0.357921 0.357921 0.35792 0.35792 0.35792 0.357919 0.357918 0.357917 0.357917 0.357916 0.357914 0.357913 0.357912 0.357911 0.357909 0.357908 0.357907 0.357905 0.357904 0.357903 0.357902 0.357901 0.3579 
0.44999 0.449989 0.449988 0.449987 0.449985 0.449984 0.449983 0.449982 0.44998 0.449979 0.449978 0.449977 0.449976 0.449975 0.449975 0.449974 0.449973 0.449973 0.449973 0.449972 0.449972 0.449973 0.449973 0.449973 0.449974 0.449974 0.449975 0.449976 0.449977 0.449978 0.449979 0.44998 0.449981 0.449982 0.449984 0.449985 0.449986 0.449987 0.449989 0.44999 0.449991 0.449992 0.449993 0.449994 0.449995 0.449996 0.449997 0.449997 0.449998 0.449998 0.449998 0.449998 0.449998 0.449998 0.449997 0.449997 0.449996 0.449995 0.449995 0.449994 0.449993 0.449992 
0.535388 0.535389 0.53539 0.535391 0.535391 0.535392 0.535392 0.535392 0.535392 0.535392 0.535392 0.535391 0.535391 0.53539 0.535389 0.535388 0.535387 0.535385 0.535384 0.535382 0.535381 0.535379 0.535378 0.535376 0.535374 0.535373 0.535371 0.53537 0.535368 0.535367 0.535366 0.535364 0.535363 0.535363 0.535362 0.535361 0.535361 0.53536 0.53536 0.53536 0.535361 0.535361 0.535361 0.535362 0.535363 0.535364 0.535365 0.535366 0.535368 0.535369 0.53537 0.535372 0.535374 0.535375 0.535377 0.535378 0.53538 0.535382 0.535383 0.535385 0.535386 0.535387 
0.613387 0.613391 0.613394 0.613398 0.613402 0.613406 0.61341 0.613414 0.613417 0.613421 0.613425 0.613428 0.613431 0.613434 0.613437 0.613439 0.613441 0.613442 0.613444 0.613445 0.613445 0.613445 0.613445 0.613444 0.613443 0.613441 0.61344 0.613437 0.613435 0.613432 0.613429 0.613426 0.613422 0.613418 0.613415 0.613411 0.613407 0.613403 0.613399 0.613395 0.613392 0.613388 0.613385 0.613381 0.613379 0.613376 0.613374 0.613372 0.61337 0.613369 0.613368 0.613368 0.613368 0.613368 0.613369 0.61337 0.613372 0.613373 0.613376 0.613378 0.613381 0.613384 
0.683573 0.683575 0.683577 0.68358 0.683584 0.683588 0.683593 0.683598 0.683604 0.68361 0.683616 0.683623 0.68363 0.683637 0.683645 0.683652 0.683659 0.683666 0.683673 0.683679 0.683685 0.683691 0.683696 0.683701 0.683705 0.683709 0.683711 0.683713 0.683715 0.683716 0.683715 0.683715 0.683713 0.683711 0.683708 0.683704 0.6837 0.683695 0.68369 0.683684 0.683678 0.683671 0.683665 0.683658 0.68365 0.683643 0.683636 0.683629 0.683622 0.683615 0.683608 0.683602 0.683597 0.683591 0.683587 0.683583 0.683579 0.683577 0.683575 0.683573 0.683573 0.683573 
0.745747 0.745742 0.745738 0.745735 0.745733 0.745731 0.745731 0.745732 0.745734 0.745737 0.745741 0.745746 0.745752 0.745758 0.745766 0.745774 0.745782 0.745792 0.745801 0.745811 0.745822 0.745832 0.745842 0.745853 0.745863 0.745872 0.745882 0.745891 0.745899 0.745907 0.745914 0.74592 0.745925 0.745929 0.745932 0.745934 0.745936 0.745936 0.745935 0.745933 0.74593 0.745926 0.745921 0.745915 0.745909 0.745901 0.745893 0.745884 0.745875 0.745865 0.745855 0.745845 0.745835 0.745824 0.745814 0.745804 0.745794 0.745785 0.745776 0.745768 0.74576 0.745753 
0.799793 0.799782 0.799772 0.799762 0.799753 0.799744 0.799737 0.79973 0.799725 0.79972 0.799717 0.799715 0.799715 0.799715 0.799717 0.79972 0.799724 0.799729 0.799735 0.799743 0.799751 0.79976 0.79977 0.79978 0.799791 0.799803 0.799815 0.799827 0.799839 0.799851 0.799862 0.799874 0.799885 0.799896 0.799906 0.799915 0.799923 0.799931 0.799937 0.799943 0.799947 0.79995 0.799952 0.799953 0.799952 0.799951 0.799948 0.799944 0.799938 0.799932 0.799925 0.799916 0.799907 0.799897 0.799887 0.799876 0.799864 0.799853 0.79984 0.799828 0.799816 0.799805 
0.845602 0.845591 0.84558 0.845568 0.845557 0.845545 0.845534 0.845524 0.845514 0.845504 0.845495 0.845487 0.84548 0.845474 0.845468 0.845464 0.845461 0.845459 0.845459 0.845459 0.84546 0.845463 0.845467 0.845472 0.845478 0.845485 0.845492 0.845501 0.84551 0.84552 0.845531 0.845542 0.845553 0.845564 0.845576 0.845587 0.845599 0.84561 0.84562 0.84563 0.84564 0.845649 0.845657 0.845664 0.84567 0.845675 0.845679 0.845683 0.845684 0.845685 0.845685 0.845683 0.84568 0.845677 0.845672 0.845666 0.845659 0.845651 0.845642 0.845633 0.845623 0.845613 
0.883082 0.883077 0.883071 0.883064 0.883057 0.883049 0.883041 0.883033 0.883024 0.883016 0.883007 0.882998 0.88299 0.882982 0.882974 0.882966 0.882959 0.882953 0.882947 0.882942 0.882937 0.882933 0.882931 0.882929 0.882927 0.882927 0.882928 0.882929 0.882932 0.882935 0.882939 0.882943 0.882949 0.882955 0.882962 0.882969 0.882977 0.882985 0.882993 0.883002 0.88301 0.883019 0.883028 0.883036 0.883044 0.883052 0.88306 0.883067 0.883073 0.883079 0.883084 0.883089 0.883092 0.883095 0.883097 0.883098 0.883098 0.883098 0.883096 0.883094 0.883091 0.883087 
0.912195 0.912197 0.912199 0.9122 0.9122 0.9122 0.912199 0.912198 0.912196 0.912194 0.91219 0.912187 0.912183 0.912178 0.912173 0.912168 0.912163 0.912157 0.912151 0.912145 0.912139 0.912133 0.912127 0.912121 0.912116 0.91211 0.912105 0.912101 0.912096 0.912093 0.912089 0.912087 0.912084 0.912083 0.912082 0.912081 0.912081 0.912082 0.912084 0.912086 0.912088 0.912091 0.912095 0.912099 0.912103 0.912108 0.912114 0.912119 0.912125 0.912131 0.912137 0.912143 0.912149 0.912155 0.91216 0.912166 0.912171 0.912176 0.912181 0.912185 0.912189 0.912192 
0.932953 0.932961 0.932969 0.932977 0.932985 0.932992 0.932999 0.933005 0.933011 0.933016 0.93302 0.933024 0.933027 0.933029 0.93303 0.933031 0.933031 0.933029 0.933027 0.933024 0.933021 0.933016 0.933011 0.933006 0.932999 0.932993 0.932985 0.932978 0.93297 0.932962 0.932954 0.932945 0.932937 0.932929 0.932921 0.932913 0.932906 0.932899 0.932893 0.932887 0.932882 0.932878 0.932874 0.932871 0.932869 0.932868 0.932867 0.932867 0.932869 0.932871 0.932874 0.932877 0.932882 0.932887 0.932892 0.932899 0.932905 0.932913 0.93292 0.932928 0.932936 0.932944 
0.945389 0.945401 0.945413 0.945425 0.945437 0.94545 0.945462 0.945474 0.945486 0.945497 0.945507 0.945517 0.945526 0.945534 0.945541 0.945546 0.945551 0.945555 0.945557 0.945558 0.945558 0.945556 0.945553 0.945549 0.945544 0.945538 0.94553 0.945522 0.945513 0.945503 0.945492 0.94548 0.945469 0.945456 0.945444 0.945431 0.945419 0.945407 0.945395 0.945383 0.945372 0.945362 0.945352 0.945343 0.945335 0.945328 0.945323 0.945318 0.945315 0.945312 0.945311 0.945312 0.945313 0.945316 0.94532 0.945326 0.945332 0.945339 0.945348 0.945357 0.945367 0.945378 
0.949532 0.949546 0.94956 0.949575 0.949589 0.949604 0.949619 0.949634 0.949648 0.949661 0.949675 0.949687 0.949698 0.949708 0.949717 0.949725 0.949732 0.949737 0.949741 0.949743 0.949744 0.949743 0.949741 0.949737 0.949732 0.949725 0.949717 0.949708 0.949698 0.949686 0.949674 0.949661 0.949647 0.949633 0.949619 0.949604 0.949589 0.949574 0.949559 0.949545 0.949532 0.949519 0.949506 0.949495 0.949485 0.949476 0.949468 0.949461 0.949456 0.949453 0.949451 0.94945 0.949451 0.949453 0.949457 0.949462 0.949469 0.949477 0.949486 0.949496 0.949507 0.94952 
0.945396 0.945411 0.945425 0.94544 0.945454 0.945469 0.945483 0.945497 0.94551 0.945522 0.945533 0.945544 0.945553 0.945561 0.945568 0.945573 0.945577 0.945579 0.94558 0.94558 0.945578 0.945575 0.94557 0.945563 0.945556 0.945547 0.945537 0.945526 0.945514 0.945501 0.945488 0.945474 0.945459 0.945445 0.94543 0.945415 0.945401 0.945387 0.945373 0.94536 0.945348 0.945336 0.945326 0.945317 0.945309 0.945302 0.945297 0.945293 0.945291 0.94529 0.94529 0.945292 0.945296 0.945301 0.945307 0.945315 0.945324 0.945334 0.945345 0.945357 0.945369 0.945383 
0.932976 0.932989 0.933001 0.933013 0.933024 0.933035 0.933044 0.933053 0.933061 0.933067 0.933073 0.933077 0.933079 0.933081 0.933081 0.93308 0.933077 0.933073 0.933068 0.933062 0.933054 0.933045 0.933036 0.933025 0.933014 0.933002 0.93299 0.932977 0.932964 0.93295 0.932937 0.932924 0.932911 0.932898 0.932886 0.932875 0.932865 0.932855 0.932846 0.932839 0.932832 0.932827 0.932823 0.93282 0.932819 0.932819 0.93282 0.932823 0.932827 0.932832 0.932838 0.932846 0.932855 0.932864 0.932875 0.932886 0.932898 0.932911 0.932923 0.932937 0.93295 0.932963 
0.912245 0.912253 0.912259 0.912264 0.912268 0.912271 0.912272 0.912272 0.912271 0.912268 0.912264 0.912259 0.912252 0.912245 0.912236 0.912227 0.912216 0.912205 0.912193 0.912181 0.912168 0.912155 0.912141 0.912128 0.912115 0.912102 0.91209 0.912078 0.912067 0.912057 0.912047 0.912039 0.912031 0.912025 0.91202 0.912016 0.912013 0.912012 0.912012 0.912013 0.912016 0.91202 0.912025 0.912032 0.91204 0.912048 0.912058 0.912068 0.91208 0.912092 0.912104 0.912117 0.91213 0.912143 0.912156 0.912169 0.912182 0.912194 0.912206 0.912217 0.912228 0.912237 
0.883164 0.883162 0.883159 0.883154 0.883147 0.883139 0.88313 0.88312 0.883109 0.883097 0.883084 0.88307 0.883055 0.88304 0.883025 0.88301 0.882995 0.88298 0.882965 0.882951 0.882938 0.882925 0.882913 0.882903 0.882893 0.882885 0.882878 0.882872 0.882868 0.882865 0.882864 0.882865 0.882867 0.88287 0.882875 0.882882 0.882889 0.882898 0.882909 0.88292 0.882932 0.882946 0.882959 0.882974 0.882989 0.883004 0.883019 0.883034 0.883049 0.883064 0.883078 0.883091 0.883104 0.883116 0.883126 0.883136 0.883144 0.883151 0.883156 0.883161 0.883163 0.883164 
0.845699 0.845687 0.845674 0.84566 0.845644 0.845628 0.845612 0.845595 0.845578 0.845561 0.845544 0.845527 0.845511 0.845495 0.845481 0.845467 0.845454 0.845442 0.845432 0.845424 0.845416 0.845411 0.845407 0.845405 0.845404 0.845406 0.845409 0.845413 0.84542 0.845428 0.845437 0.845448 0.84546 0.845473 0.845488 0.845503 0.845519 0.845535 0.845552 0.845569 0.845587 0.845604 0.84562 0.845636 0.845652 0.845667 0.84568 0.845693 0.845705 0.845715 0.845723 0.845731 0.845736 0.84574 0.845742 0.845742 0.845741 0.845738 0.845733 0.845727 0.845719 0.84571 
0.799869 0.799852 0.799835 0.799818 0.799801 0.799784 0.799768 0.799753 0.799738 0.799725 0.799712 0.799701 0.799691 0.799683 0.799676 0.799671 0.799668 0.799666 0.799666 0.799668 0.799671 0.799677 0.799683 0.799692 0.799702 0.799713 0.799725 0.799739 0.799754 0.799769 0.799785 0.799802 0.799819 0.799836 0.799853 0.79987 0.799887 0.799903 0.799918 0.799933 0.799946 0.799959 0.79997 0.799979 0.799988 0.799994 0.799999 0.800003 0.800004 0.800004 0.800002 0.799999 0.799994 0.799987 0.799978 0.799968 0.799957 0.799945 0.799931 0.799916 0.799901 0.799885 
0.745768 0.745755 0.745743 0.745732 0.745722 0.745713 0.745705 0.745699 0.745694 0.74569 0.745688 0.745688 0.745689 0.745691 0.745695 0.745701 0.745707 0.745715 0.745725 0.745735 0.745747 0.745759 0.745772 0.745786 0.7458 0.745815 0.74583 0.745845 0.745859 0.745874 0.745888 0.745902 0.745915 0.745927 0.745938 0.745948 0.745957 0.745965 0.745971 0.745976 0.74598 0.745982 0.745982 0.745981 0.745979 0.745975 0.745969 0.745962 0.745954 0.745945 0.745934 0.745923 0.745911 0.745897 0.745884 0.745869 0.745855 0.74584 0.745825 0.74581 0.745796 0.745781 
0.683543 0.683539 0.683537 0.683536 0.683536 0.683537 0.683539 0.683542 0.683547 0.683552 0.683558 0.683565 0.683573 0.683582 0.683591 0.683601 0.683612 0.683622 0.683633 0.683644 0.683655 0.683666 0.683677 0.683688 0.683698 0.683707 0.683716 0.683724 0.683731 0.683738 0.683743 0.683748 0.683751 0.683753 0.683755 0.683755 0.683754 0.683752 0.683748 0.683744 0.683739 0.683732 0.683725 0.683717 0.683708 0.683699 0.683689 0.683678 0.683668 0.683657 0.683646 0.683635 0.683624 0.683613 0.683602 0.683592 0.683583 0.683574 0.683566 0.683559 0.683553 0.683547 
0.613347 0.613351 0.613355 0.61336 0.613365 0.61337 0.613376 0.613383 0.613389 0.613396 0.613403 0.61341 0.613417 0.613423 0.61343 0.613436 0.613442 0.613448 0.613453 0.613458 0.613463 0.613466 0.613469 0.613472 0.613474 0.613475 0.613475 0.613475 0.613474 0.613473 0.61347 0.613467 0.613464 0.61346 0.613455 0.61345 0.613444 0.613438 0.613432 0.613425 0.613419 0.613412 0.613405 0.613398 0.613391 0.613385 0.613378 0.613372 0.613366 0.613361 0.613356 0.613352 0.613348 0.613345 0.613343 0.613341 0.61334 0.613339 0.61334 0.613341 0.613342 0.613345 
0.535378 0.535381 0.535385 0.535388 0.535391 0.535394 0.535397 0.5354 0.535403 0.535405 0.535407 0.535409 0.53541 0.535411 0.535412 0.535412 0.535412 0.535412 0.535411 0.53541 0.535408 0.535407 0.535405 0.535402 0.5354 0.535397 0.535394 0.535391 0.535387 0.535384 0.53538 0.535377 0.535373 0.53537 0.535366 0.535363 0.53536 0.535357 0.535354 0.535351 0.535349 0.535347 0.535346 0.535344 0.535343 0.535343 0.535342 0.535342 0.535343 0.535343 0.535345 0.535346 0.535348 0.53535 0.535352 0.535355 0.535358 0.535361 0.535364 0.535367 0.535371 0.535374 
0.450005 0.450005 0.450005 0.450005 0.450004 0.450003 0.450002 0.450001 0.45 0.449998 0.449997 0.449995 0.449993 0.449991 0.44999 0.449988 0.449986 0.449984 0.449982 0.44998 0.449978 0.449976 0.449975 0.449973 0.449972 0.44997 0.449969 0.449968 0.449967 0.449967 0.449967 0.449966 0.449966 0.449967 0.449967 0.449968 0.449968 0.449969 0.44997 0.449972 0.449973 0.449975 0.449976 0.449978 0.44998 0.449982 0.449984 0.449986 0.449988 0.44999 0.449992 0.449994 0.449996 0.449997 0.449999 0.45 0.450001 0.450003 0.450004 0.450004 0.450005 0.450005 
0.357911 0.357909 0.357908 0.357906 0.357904 0.357903 0.357901 0.3579 0.357898 0.357897 0.357896 0.357895 0.357894 0.357893 0.357892 0.357892 0.357892 0.357892 0.357892 0.357892 0.357892 0.357893 0.357894 0.357894 0.357895 0.357896 0.357898 0.357899 0.357901 0.357902 0.357904 0.357905 0.357907 0.357909 0.35791 0.357912 0.357914 0.357915 0.357917 0.357918 0.357919 0.357921 0.357922 0.357923 0.357923 0.357924 0.357924 0.357925 0.357925 0.357925 0.357925 0.357924 0.357924 0.357923 0.357922 0.357921 0.35792 0.357919 0.357917 0.357916 0.357914 0.357913 
0.260111 0.260111 0.26011 0.260109 0.260109 0.260109 0.260109 0.260109 0.260109 0.260109 0.26011 0.26011 0.260111 0.260112 0.260113 0.260114 0.260115 0.260116 0.260117 0.260118 0.26012 0.260121 0.260122 0.260124 0.260125 0.260126 0.260127 0.260129 0.26013 0.260131 0.260132 0.260133 0.260134 0.260134 0.260135 0.260135 0.260135 0.260136 0.260135 0.260135 0.260135 0.260135 0.260134 0.260133 0.260133 0.260132 0.260131 0.26013 0.260128 0.260127 0.260126 0.260125 0.260123 0.260122 0.260121 0.260119 0.260118 0.260117 0.260115 0.260114 0.260113 0.260112 
0.157928 0.157928 0.157928 0.157929 0.157929 0.15793 0.15793 0.157931 0.157932 0.157932 0.157933 0.157934 0.157935 0.157936 0.157936 0.157937 0.157938 0.157939 0.15794 0.15794 0.157941 0.157942 0.157942 0.157943 0.157943 0.157944 0.157944 0.157944 0.157944 0.157945 0.157945 0.157944 0.157944 0.157944 0.157944 0.157943 0.157943 0.157942 0.157941 0.157941 0.15794 0.157939 0.157938 0.157937 0.157937 0.157936 0.157935 0.157934 0.157933 0.157932 0.157932 0.157931 0.15793 0.15793 0.157929 0.157929 0.157928 0.157928 0.157928 0.157928 0.157928 0.157928 
0.0529616 0.0529617 0.0529619 0.0529621 0.0529623 0.0529625 0.0529627 0.052963 0.0529632 0.0529635 0.0529637 0.052964 0.0529642 0.0529644 0.0529647 0.0529649 0.0529651 0.0529653 0.0529655 0.0529657 0.0529658 0.0529659 0.052966 0.0529661 0.0529662 0.0529662 0.0529662 0.0529662 0.0529661 0.0529661 0.052966 0.0529659 0.0529657 0.0529656 0.0529654 0.0529652 0.052965 0.0529647 0.0529645 0.0529643 0.052964 0.0529638 0.0529635 0.0529633 0.052963 0.0529628 0.0529626 0.0529624 0.0529622 0.052962 0.0529618 0.0529617 0.0529615 0.0529614 0.0529613 0.0529613 0.0529613 0.0529613 0.0529613 0.0529613 0.0529614 0.0529615 
