0.0606549 0.0606489 0.0606424 0.0606352 0.0606276 0.0606195 0.0606112 0.0606025 0.0605937 0.0605848 0.0605759 0.0605672 0.0605586 0.0605504 0.0605425 0.0605351 0.0605282 0.0605219 0.0605163 0.0605114 0.0605073 0.060504 0.0605016 0.0605 0.0604994 0.0604996 0.0605007 0.0605027 0.0605056 0.0605093 0.0605138 0.0605191 0.060525 0.0605316 0.0605388 0.0605464 0.0605545 0.0605629 0.0605715 0.0605804 0.0605892 0.0605981 0.0606068 0.0606153 0.0606236 0.0606314 0.0606388 0.0606457 0.060652 0.0606576 0.0606625 0.0606666 0.0606699 0.0606723 0.0606739 0.0606746 0.0606744 0.0606733 0.0606713 0.0606685 0.0606649 0.0606603 
0.179093 0.179081 0.179067 0.179052 0.179035 0.179016 0.178997 0.178977 0.178956 0.178934 0.178913 0.178891 0.178869 0.178848 0.178827 0.178807 0.178788 0.17877 0.178754 0.178739 0.178726 0.178714 0.178705 0.178698 0.178693 0.17869 0.178689 0.178691 0.178694 0.1787 0.178708 0.178718 0.17873 0.178744 0.178759 0.178776 0.178794 0.178813 0.178834 0.178855 0.178876 0.178898 0.17892 0.178941 0.178963 0.178984 0.179003 0.179022 0.17904 0.179056 0.179071 0.179084 0.179096 0.179105 0.179112 0.179117 0.17912 0.179121 0.17912 0.179116 0.17911 0.179103 
0.290999 0.290992 0.290982 0.29097 0.290955 0.290938 0.290919 0.290898 0.290875 0.29085 0.290825 0.290798 0.290771 0.290743 0.290715 0.290687 0.290659 0.290632 0.290606 0.290582 0.290559 0.290537 0.290518 0.2905 0.290486 0.290473 0.290463 0.290456 0.290452 0.29045 0.290451 0.290455 0.290462 0.290472 0.290484 0.290499 0.290516 0.290535 0.290556 0.290579 0.290603 0.290629 0.290656 0.290683 0.290711 0.290739 0.290767 0.290794 0.290821 0.290847 0.290871 0.290894 0.290916 0.290935 0.290952 0.290967 0.29098 0.29099 0.290997 0.291001 0.291003 0.291002 
0.394977 0.394981 0.394981 0.394979 0.394973 0.394964 0.394953 0.394938 0.394921 0.394901 0.394879 0.394855 0.394829 0.394801 0.394772 0.394742 0.394712 0.394681 0.39465 0.394619 0.394589 0.39456 0.394531 0.394505 0.39448 0.394457 0.394437 0.394419 0.394403 0.394391 0.394381 0.394374 0.394371 0.39437 0.394373 0.394379 0.394388 0.3944 0.394414 0.394432 0.394451 0.394474 0.394498 0.394524 0.394551 0.39458 0.39461 0.39464 0.394671 0.394702 0.394733 0.394763 0.394792 0.39482 0.394846 0.394871 0.394894 0.394914 0.394932 0.394947 0.39496 0.39497 
0.490666 0.490681 0.490692 0.490701 0.490706 0.490708 0.490707 0.490702 0.490694 0.490683 0.490669 0.490652 0.490633 0.490611 0.490586 0.49056 0.490531 0.490502 0.490471 0.490439 0.490407 0.490374 0.490342 0.49031 0.490279 0.490249 0.49022 0.490194 0.490169 0.490147 0.490127 0.490109 0.490095 0.490084 0.490075 0.49007 0.490069 0.49007 0.490075 0.490083 0.490094 0.490108 0.490125 0.490145 0.490167 0.490192 0.490218 0.490246 0.490276 0.490307 0.490338 0.49037 0.490403 0.490435 0.490467 0.490497 0.490527 0.490556 0.490582 0.490607 0.490629 0.490649 
0.578003 0.578026 0.578046 0.578064 0.578079 0.578091 0.5781 0.578106 0.578109 0.578109 0.578105 0.578098 0.578087 0.578074 0.578058 0.578039 0.578017 0.577993 0.577967 0.577939 0.57791 0.577879 0.577847 0.577815 0.577783 0.57775 0.577718 0.577687 0.577657 0.577629 0.577601 0.577576 0.577554 0.577533 0.577515 0.5775 0.577488 0.577479 0.577474 0.577471 0.577472 0.577476 0.577484 0.577494 0.577508 0.577524 0.577543 0.577565 0.577589 0.577615 0.577643 0.577672 0.577703 0.577734 0.577766 0.577798 0.57783 0.577862 0.577893 0.577923 0.577951 0.577978 
0.656991 0.657018 0.657044 0.657068 0.65709 0.65711 0.657127 0.657142 0.657153 0.657162 0.657168 0.657171 0.657171 0.657168 0.657162 0.657152 0.65714 0.657125 0.657107 0.657087 0.657065 0.65704 0.657014 0.656986 0.656957 0.656927 0.656897 0.656866 0.656836 0.656805 0.656776 0.656747 0.65672 0.656694 0.65667 0.656648 0.656629 0.656611 0.656597 0.656585 0.656577 0.656571 0.656568 0.656569 0.656572 0.656579 0.656588 0.656601 0.656616 0.656634 0.656654 0.656676 0.656701 0.656727 0.656755 0.656783 0.656813 0.656843 0.656874 0.656904 0.656934 0.656963 
0.727646 0.727673 0.727699 0.727725 0.727749 0.727773 0.727795 0.727815 0.727833 0.72785 0.727863 0.727875 0.727884 0.72789 0.727894 0.727895 0.727893 0.727888 0.727881 0.727871 0.727858 0.727843 0.727825 0.727806 0.727784 0.727761 0.727737 0.727712 0.727685 0.727658 0.727631 0.727604 0.727577 0.72755 0.727524 0.7275 0.727476 0.727454 0.727434 0.727416 0.7274 0.727386 0.727375 0.727366 0.72736 0.727357 0.727356 0.727359 0.727364 0.727371 0.727382 0.727394 0.727409 0.727427 0.727446 0.727467 0.72749 0.727514 0.72754 0.727566 0.727592 0.727619 
0.789983 0.790005 0.790028 0.790051 0.790073 0.790096 0.790119 0.79014 0.790161 0.790181 0.7902 0.790217 0.790232 0.790246 0.790258 0.790267 0.790275 0.79028 0.790283 0.790284 0.790283 0.790278 0.790272 0.790263 0.790252 0.79024 0.790225 0.790208 0.79019 0.790171 0.79015 0.790129 0.790107 0.790084 0.790061 0.790038 0.790015 0.789993 0.789971 0.78995 0.78993 0.789912 0.789895 0.789879 0.789866 0.789854 0.789845 0.789838 0.789833 0.78983 0.789829 0.789831 0.789836 0.789842 0.789851 0.789861 0.789874 0.789889 0.789905 0.789923 0.789942 0.789962 
0.844015 0.844028 0.844043 0.844059 0.844076 0.844094 0.844113 0.844132 0.844152 0.844172 0.844191 0.84421 0.844229 0.844248 0.844265 0.844281 0.844296 0.84431 0.844322 0.844333 0.844342 0.844349 0.844354 0.844357 0.844359 0.844357 0.844354 0.844349 0.844343 0.844334 0.844323 0.844311 0.844298 0.844283 0.844267 0.84425 0.844231 0.844213 0.844193 0.844174 0.844154 0.844134 0.844115 0.844096 0.844078 0.844061 0.844045 0.84403 0.844016 0.844004 0.843993 0.843985 0.843978 0.843973 0.84397 0.843969 0.84397 0.843973 0.843978 0.843985 0.843993 0.844003 
0.889748 0.889751 0.889755 0.889761 0.88977 0.88978 0.889791 0.889805 0.889819 0.889835 0.889853 0.889871 0.88989 0.889909 0.889929 0.889949 0.889969 0.889989 0.890008 0.890027 0.890045 0.890062 0.890078 0.890093 0.890106 0.890117 0.890126 0.890134 0.890139 0.890143 0.890145 0.890144 0.890142 0.890137 0.890131 0.890123 0.890113 0.890101 0.890087 0.890072 0.890056 0.890039 0.890021 0.890002 0.889982 0.889962 0.889942 0.889922 0.889902 0.889883 0.889864 0.889846 0.88983 0.889814 0.8898 0.889787 0.889776 0.889766 0.889759 0.889753 0.88975 0.889748 
0.927182 0.927173 0.927166 0.927161 0.927159 0.927159 0.927162 0.927167 0.927175 0.927185 0.927197 0.927211 0.927228 0.927246 0.927266 0.927287 0.92731 0.927333 0.927357 0.927382 0.927407 0.927432 0.927457 0.927481 0.927505 0.927527 0.927548 0.927568 0.927586 0.927602 0.927616 0.927628 0.927637 0.927645 0.927649 0.927651 0.927651 0.927648 0.927643 0.927635 0.927625 0.927612 0.927598 0.927581 0.927563 0.927543 0.927522 0.927499 0.927475 0.927451 0.927426 0.927401 0.927377 0.927352 0.927328 0.927305 0.927282 0.927261 0.927242 0.927224 0.927208 0.927194 
0.956313 0.956292 0.956274 0.956258 0.956246 0.956236 0.956229 0.956226 0.956226 0.956229 0.956235 0.956244 0.956257 0.956272 0.95629 0.95631 0.956333 0.956358 0.956385 0.956414 0.956444 0.956474 0.956506 0.956538 0.95657 0.956602 0.956633 0.956663 0.956691 0.956719 0.956744 0.956767 0.956788 0.956806 0.956822 0.956834 0.956844 0.95685 0.956854 0.956854 0.956851 0.956844 0.956835 0.956822 0.956807 0.956789 0.956768 0.956745 0.95672 0.956693 0.956664 0.956634 0.956603 0.956572 0.95654 0.956508 0.956477 0.956446 0.956416 0.956388 0.956361 0.956336 
0.97713 0.9771 0.977073 0.977048 0.977027 0.977009 0.976994 0.976983 0.976976 0.976973 0.976973 0.976977 0.976985 0.976997 0.977013 0.977032 0.977054 0.977079 0.977107 0.977138 0.977171 0.977205 0.977241 0.977279 0.977317 0.977355 0.977394 0.977432 0.977469 0.977505 0.977539 0.977571 0.977601 0.977629 0.977653 0.977675 0.977693 0.977707 0.977718 0.977725 0.977729 0.977728 0.977723 0.977715 0.977703 0.977687 0.977668 0.977646 0.97762 0.977592 0.977562 0.977529 0.977494 0.977458 0.977421 0.977383 0.977344 0.977306 0.977268 0.977232 0.977196 0.977162 
0.989626 0.98959 0.989557 0.989526 0.989499 0.989475 0.989455 0.989439 0.989427 0.989419 0.989415 0.989415 0.98942 0.98943 0.989443 0.98946 0.989482 0.989507 0.989535 0.989567 0.989601 0.989638 0.989676 0.989717 0.989758 0.989801 0.989844 0.989887 0.989929 0.989971 0.990011 0.990049 0.990085 0.990118 0.990149 0.990176 0.9902 0.99022 0.990236 0.990248 0.990256 0.990259 0.990259 0.990254 0.990244 0.990231 0.990213 0.990191 0.990166 0.990138 0.990106 0.990072 0.990035 0.989996 0.989956 0.989914 0.989872 0.989829 0.989786 0.989744 0.989703 0.989663 
0.993792 0.993754 0.993719 0.993686 0.993657 0.993631 0.993609 0.993591 0.993577 0.993567 0.993562 0.993561 0.993565 0.993573 0.993586 0.993602 0.993623 0.993648 0.993677 0.993708 0.993743 0.99378 0.99382 0.993861 0.993904 0.993948 0.993993 0.994038 0.994082 0.994125 0.994167 0.994208 0.994246 0.994281 0.994314 0.994343 0.994369 0.994391 0.994409 0.994423 0.994433 0.994438 0.994438 0.994434 0.994426 0.994413 0.994396 0.994375 0.99435 0.994321 0.99429 0.994255 0.994217 0.994178 0.994136 0.994093 0.994049 0.994005 0.993961 0.993917 0.993874 0.993832 
0.989627 0.989591 0.989557 0.989526 0.989499 0.989475 0.989455 0.989438 0.989426 0.989418 0.989414 0.989414 0.989419 0.989428 0.989442 0.989459 0.98948 0.989505 0.989534 0.989565 0.9896 0.989636 0.989675 0.989716 0.989758 0.9898 0.989844 0.989887 0.989929 0.989971 0.990011 0.990049 0.990086 0.990119 0.99015 0.990177 0.990201 0.990222 0.990238 0.99025 0.990258 0.990262 0.990261 0.990256 0.990247 0.990233 0.990216 0.990194 0.990169 0.99014 0.990109 0.990074 0.990037 0.989999 0.989958 0.989916 0.989874 0.989831 0.989788 0.989746 0.989704 0.989664 
0.977131 0.9771 0.977073 0.977048 0.977026 0.977008 0.976993 0.976981 0.976974 0.97697 0.97697 0.976974 0.976982 0.976994 0.97701 0.977029 0.977051 0.977076 0.977105 0.977135 0.977168 0.977203 0.97724 0.977277 0.977316 0.977355 0.977394 0.977432 0.977469 0.977506 0.97754 0.977573 0.977603 0.977631 0.977656 0.977678 0.977696 0.977711 0.977722 0.97773 0.977733 0.977733 0.977728 0.97772 0.977708 0.977693 0.977673 0.977651 0.977626 0.977597 0.977566 0.977533 0.977498 0.977462 0.977424 0.977386 0.977347 0.977309 0.977271 0.977233 0.977197 0.977163 
0.956312 0.95629 0.956271 0.956255 0.956242 0.956232 0.956225 0.956221 0.956221 0.956224 0.95623 0.956239 0.956252 0.956267 0.956285 0.956306 0.956329 0.956355 0.956382 0.956411 0.956441 0.956473 0.956505 0.956537 0.95657 0.956602 0.956634 0.956665 0.956694 0.956722 0.956748 0.956771 0.956793 0.956812 0.956828 0.956841 0.956851 0.956857 0.956861 0.956861 0.956858 0.956852 0.956843 0.95683 0.956815 0.956796 0.956775 0.956752 0.956727 0.956699 0.95667 0.95664 0.956609 0.956576 0.956544 0.956512 0.95648 0.956448 0.956418 0.956388 0.956361 0.956335 
0.927178 0.927167 0.92716 0.927154 0.927152 0.927152 0.927154 0.927159 0.927167 0.927177 0.927189 0.927204 0.927221 0.92724 0.92726 0.927282 0.927305 0.927329 0.927354 0.92738 0.927406 0.927432 0.927458 0.927483 0.927507 0.927531 0.927553 0.927573 0.927592 0.927609 0.927624 0.927636 0.927646 0.927654 0.927659 0.927662 0.927662 0.927659 0.927654 0.927646 0.927636 0.927623 0.927609 0.927592 0.927573 0.927552 0.92753 0.927507 0.927483 0.927458 0.927432 0.927407 0.927381 0.927355 0.92733 0.927306 0.927283 0.927261 0.92724 0.927222 0.927205 0.92719 
0.889738 0.88974 0.889744 0.88975 0.889758 0.889768 0.88978 0.889793 0.889808 0.889825 0.889843 0.889861 0.889881 0.889902 0.889923 0.889944 0.889965 0.889986 0.890007 0.890027 0.890047 0.890065 0.890082 0.890098 0.890112 0.890125 0.890135 0.890144 0.890151 0.890155 0.890157 0.890158 0.890156 0.890152 0.890146 0.890138 0.890128 0.890116 0.890102 0.890087 0.89007 0.890052 0.890033 0.890014 0.889993 0.889972 0.889951 0.88993 0.889909 0.889888 0.889868 0.889849 0.889831 0.889814 0.889798 0.889784 0.889772 0.889761 0.889752 0.889746 0.889741 0.889739 
0.843999 0.844012 0.844027 0.844043 0.84406 0.844078 0.844098 0.844118 0.844138 0.844159 0.84418 0.844201 0.844221 0.844241 0.84426 0.844278 0.844295 0.84431 0.844324 0.844337 0.844348 0.844357 0.844364 0.844368 0.844371 0.844371 0.84437 0.844366 0.84436 0.844352 0.844342 0.844331 0.844317 0.844303 0.844286 0.844269 0.844251 0.844231 0.844211 0.844191 0.84417 0.844149 0.844128 0.844108 0.844088 0.844069 0.844051 0.844035 0.844019 0.844005 0.843993 0.843982 0.843974 0.843967 0.843962 0.84396 0.843959 0.843961 0.843965 0.84397 0.843978 0.843988 
0.789962 0.789984 0.790007 0.79003 0.790054 0.790078 0.790101 0.790125 0.790147 0.790169 0.79019 0.790209 0.790226 0.790242 0.790256 0.790268 0.790278 0.790286 0.790291 0.790294 0.790295 0.790293 0.790288 0.790281 0.790272 0.79026 0.790247 0.790231 0.790214 0.790195 0.790175 0.790153 0.790131 0.790108 0.790084 0.79006 0.790036 0.790013 0.78999 0.789967 0.789945 0.789925 0.789906 0.789888 0.789873 0.789859 0.789847 0.789837 0.78983 0.789825 0.789822 0.789822 0.789824 0.789829 0.789836 0.789845 0.789856 0.78987 0.789885 0.789902 0.789921 0.789941 
0.72762 0.727648 0.727676 0.727703 0.727729 0.727754 0.727779 0.727801 0.727822 0.72784 0.727857 0.727871 0.727883 0.727892 0.727898 0.727902 0.727903 0.7279 0.727896 0.727888 0.727877 0.727864 0.727848 0.72783 0.72781 0.727788 0.727765 0.72774 0.727714 0.727687 0.727659 0.727631 0.727603 0.727576 0.727548 0.727522 0.727497 0.727473 0.72745 0.72743 0.727411 0.727395 0.727381 0.72737 0.727361 0.727355 0.727351 0.727351 0.727353 0.727358 0.727366 0.727377 0.72739 0.727406 0.727423 0.727443 0.727465 0.727488 0.727513 0.727539 0.727566 0.727593 
0.656965 0.656994 0.657022 0.657048 0.657073 0.657095 0.657115 0.657133 0.657148 0.65716 0.657169 0.657175 0.657178 0.657178 0.657174 0.657168 0.657158 0.657146 0.65713 0.657112 0.657091 0.657068 0.657043 0.657016 0.656988 0.656959 0.656928 0.656898 0.656866 0.656835 0.656805 0.656775 0.656745 0.656718 0.656692 0.656667 0.656645 0.656625 0.656608 0.656593 0.656581 0.656572 0.656566 0.656564 0.656564 0.656568 0.656575 0.656584 0.656597 0.656612 0.656631 0.656651 0.656674 0.656699 0.656726 0.656754 0.656783 0.656813 0.656844 0.656875 0.656905 0.656936 
0.577981 0.578007 0.57803 0.578051 0.578069 0.578084 0.578097 0.578106 0.578112 0.578115 0.578114 0.57811 0.578103 0.578092 0.578079 0.578062 0.578043 0.578021 0.577996 0.57797 0.577941 0.577912 0.57788 0.577848 0.577816 0.577783 0.57775 0.577718 0.577686 0.577656 0.577627 0.577599 0.577574 0.577551 0.57753 0.577512 0.577497 0.577485 0.577476 0.57747 0.577467 0.577468 0.577472 0.57748 0.57749 0.577504 0.577521 0.57754 0.577562 0.577586 0.577613 0.577641 0.577671 0.577702 0.577734 0.577766 0.577799 0.577831 0.577864 0.577895 0.577925 0.577954 
0.490653 0.490671 0.490685 0.490697 0.490706 0.490711 0.490713 0.490712 0.490707 0.490699 0.490688 0.490674 0.490657 0.490637 0.490614 0.49059 0.490563 0.490534 0.490504 0.490472 0.49044 0.490407 0.490374 0.490341 0.490309 0.490277 0.490247 0.490218 0.490191 0.490166 0.490143 0.490123 0.490106 0.490091 0.490079 0.490071 0.490066 0.490064 0.490066 0.49007 0.490079 0.49009 0.490104 0.490121 0.490141 0.490164 0.490189 0.490216 0.490244 0.490274 0.490306 0.490338 0.49037 0.490403 0.490436 0.490468 0.490499 0.49053 0.490558 0.490585 0.49061 0.490633 
0.394976 0.394983 0.394987 0.394987 0.394985 0.394979 0.39497 0.394958 0.394943 0.394926 0.394906 0.394883 0.394858 0.394832 0.394804 0.394774 0.394744 0.394713 0.394681 0.394649 0.394618 0.394587 0.394558 0.394529 0.394502 0.394477 0.394454 0.394433 0.394414 0.394399 0.394386 0.394376 0.394369 0.394365 0.394365 0.394368 0.394374 0.394383 0.394395 0.394409 0.394427 0.394447 0.39447 0.394494 0.394521 0.394549 0.394578 0.394608 0.394639 0.394671 0.394702 0.394734 0.394764 0.394794 0.394822 0.394849 0.394874 0.394898 0.394918 0.394937 0.394953 0.394966 
0.29101 0.291006 0.290999 0.290989 0.290977 0.290961 0.290944 0.290924 0.290902 0.290879 0.290854 0.290827 0.2908 0.290772 0.290743 0.290715 0.290686 0.290658 0.29063 0.290604 0.290578 0.290555 0.290533 0.290513 0.290495 0.29048 0.290467 0.290457 0.290449 0.290445 0.290443 0.290444 0.290449 0.290456 0.290465 0.290478 0.290493 0.29051 0.29053 0.290552 0.290575 0.2906 0.290626 0.290654 0.290682 0.29071 0.290739 0.290767 0.290796 0.290823 0.290849 0.290875 0.290898 0.29092 0.29094 0.290958 0.290973 0.290986 0.290996 0.291004 0.291008 0.29101 
0.17911 0.179099 0.179087 0.179073 0.179057 0.179039 0.17902 0.179 0.178979 0.178957 0.178935 0.178912 0.17889 0.178867 0.178845 0.178823 0.178803 0.178783 0.178765 0.178748 0.178732 0.178719 0.178707 0.178698 0.17869 0.178685 0.178682 0.178681 0.178683 0.178687 0.178693 0.178701 0.178712 0.178724 0.178738 0.178754 0.178772 0.178791 0.178811 0.178832 0.178853 0.178876 0.178898 0.178921 0.178943 0.178965 0.178987 0.179008 0.179027 0.179045 0.179062 0.179078 0.179091 0.179103 0.179112 0.17912 0.179125 0.179128 0.179129 0.179127 0.179124 0.179118 
0.0606636 0.0606577 0.0606511 0.0606439 0.0606361 0.0606279 0.0606192 0.0606102 0.0606009 0.0605915 0.060582 0.0605726 0.0605633 0.0605543 0.0605456 0.0605374 0.0605296 0.0605225 0.060516 0.0605102 0.0605053 0.0605011 0.0604979 0.0604956 0.0604942 0.0604937 0.0604942 0.0604957 0.0604981 0.0605014 0.0605056 0.0605106 0.0605165 0.060523 0.0605302 0.0605379 0.0605462 0.0605549 0.0605639 0.0605732 0.0605825 0.060592 0.0606014 0.0606106 0.0606196 0.0606283 0.0606365 0.0606442 0.0606514 0.0606579 0.0606636 0.0606686 0.0606727 0.060676 0.0606783 0.0606798 0.0606802 0.0606798 0.0606784 0.0606761 0.0606728 0.0606686 
