0.0493069 0.0493068 0.0493068 0.0493067 0.0493067 0.0493067 0.0493066 0.0493066 0.0493065 0.0493065 0.0493065 0.0493064 0.0493064 0.0493064 0.0493064 0.0493064 0.0493064 0.0493064 0.0493064 0.0493064 0.0493064 0.0493064 0.0493065 0.0493065 0.0493065 0.0493066 0.0493066 0.0493066 0.0493067 0.0493067 0.0493068 0.0493068 0.0493069 0.0493069 0.049307 0.049307 0.0493071 0.0493071 0.0493071 0.0493072 0.0493072 0.0493072 0.0493073 0.0493073 0.0493073 0.0493073 0.0493073 0.0493073 0.0493073 0.0493073 0.0493073 0.0493073 0.0493073 0.0493072 0.0493072 0.0493072 0.0493071 0.0493071 0.0493071 0.049307 0.049307 0.0493069 
0.147195 0.147195 0.147195 0.147195 0.147195 0.147195 0.147195 0.147195 0.147195 0.147195 0.147194 0.147194 0.147194 0.147194 0.147194 0.147194 0.147195 0.147195 0.147195 0.147195 0.147195 0.147195 0.147195 0.147195 0.147195 0.147195 0.147195 0.147195 0.147195 0.147195 0.147195 0.147195 0.147196 0.147196 0.147196 0.147196 0.147196 0.147196 0.147196 0.147196 0.147196 0.147196 0.147196 0.147196 0.147196 0.147196 0.147196 0.147196 0.147196 0.147196 0.147196 0.147196 0.147196 0.147196 0.147196 0.147195 0.147195 0.147195 0.147195 0.147195 0.147195 0.147195 
0.242942 0.242942 0.242942 0.242942 0.242941 0.242941 0.242941 0.242941 0.242941 0.242941 0.242941 0.242941 0.242941 0.242941 0.242941 0.242941 0.242941 0.242941 0.242941 0.242941 0.242942 0.242942 0.242942 0.242942 0.242942 0.242942 0.242942 0.242942 0.242942 0.242942 0.242943 0.242943 0.242943 0.242943 0.242943 0.242943 0.242943 0.242943 0.242943 0.242943 0.242943 0.242943 0.242943 0.242943 0.242943 0.242943 0.242943 0.242943 0.242943 0.242943 0.242943 0.242943 0.242943 0.242943 0.242943 0.242942 0.242942 0.242942 0.242942 0.242942 0.242942 0.242942 
0.33523 0.33523 0.33523 0.33523 0.33523 0.33523 0.33523 0.33523 0.33523 0.33523 0.33523 0.33523 0.33523 0.33523 0.33523 0.33523 0.33523 0.33523 0.33523 0.33523 0.33523 0.33523 0.33523 0.33523 0.33523 0.33523 0.33523 0.335231 0.335231 0.335231 0.335231 0.335231 0.335231 0.335231 0.335231 0.335231 0.335232 0.335232 0.335232 0.335232 0.335232 0.335232 0.335232 0.335232 0.335232 0.335232 0.335232 0.335232 0.335232 0.335232 0.335232 0.335232 0.335231 0.335231 0.335231 0.335231 0.335231 0.335231 0.335231 0.335231 0.335231 0.33523 
0.422893 0.422892 0.422892 0.422892 0.422892 0.422892 0.422892 0.422892 0.422892 0.422892 0.422892 0.422892 0.422892 0.422892 0.422892 0.422892 0.422892 0.422892 0.422893 0.422893 0.422893 0.422893 0.422893 0.422893 0.422893 0.422893 0.422893 0.422893 0.422893 0.422893 0.422893 0.422893 0.422893 0.422893 0.422893 0.422894 0.422894 0.422894 0.422894 0.422894 0.422894 0.422894 0.422894 0.422894 0.422894 0.422894 0.422894 0.422894 0.422893 0.422893 0.422893 0.422893 0.422893 0.422893 0.422893 0.422893 0.422893 0.422893 0.422893 0.422893 0.422893 0.422893 
0.50494 0.50494 0.50494 0.50494 0.50494 0.50494 0.50494 0.50494 0.504941 0.504941 0.504941 0.504941 0.504941 0.504942 0.504942 0.504942 0.504942 0.504943 0.504943 0.504943 0.504943 0.504943 0.504944 0.504944 0.504944 0.504944 0.504944 0.504944 0.504944 0.504944 0.504944 0.504944 0.504944 0.504944 0.504944 0.504944 0.504944 0.504944 0.504943 0.504943 0.504943 0.504943 0.504943 0.504942 0.504942 0.504942 0.504942 0.504942 0.504941 0.504941 0.504941 0.504941 0.504941 0.50494 0.50494 0.50494 0.50494 0.50494 0.50494 0.50494 0.50494 0.50494 
0.580575 0.580575 0.580575 0.580575 0.580576 0.580576 0.580576 0.580576 0.580577 0.580577 0.580578 0.580578 0.580579 0.58058 0.58058 0.580581 0.580582 0.580582 0.580583 0.580584 0.580584 0.580585 0.580586 0.580586 0.580587 0.580587 0.580588 0.580588 0.580588 0.580589 0.580589 0.580589 0.580589 0.580589 0.580589 0.580589 0.580589 0.580588 0.580588 0.580588 0.580587 0.580587 0.580586 0.580586 0.580585 0.580584 0.580584 0.580583 0.580582 0.580582 0.580581 0.58058 0.58058 0.580579 0.580578 0.580578 0.580577 0.580577 0.580576 0.580576 0.580576 0.580576 
0.64919 0.64919 0.649189 0.649189 0.649188 0.649188 0.649188 0.649188 0.649188 0.649189 0.649189 0.64919 0.64919 0.649191 0.649192 0.649193 0.649194 0.649196 0.649197 0.649198 0.6492 0.649201 0.649202 0.649204 0.649205 0.649207 0.649208 0.649209 0.64921 0.649211 0.649212 0.649213 0.649214 0.649214 0.649215 0.649215 0.649215 0.649215 0.649215 0.649215 0.649215 0.649214 0.649214 0.649213 0.649212 0.649211 0.64921 0.649209 0.649208 0.649206 0.649205 0.649204 0.649202 0.649201 0.6492 0.649198 0.649197 0.649196 0.649194 0.649193 0.649192 0.649191 
0.710341 0.710339 0.710337 0.710336 0.710334 0.710333 0.710332 0.710331 0.71033 0.71033 0.71033 0.71033 0.71033 0.71033 0.710331 0.710332 0.710333 0.710334 0.710335 0.710337 0.710339 0.71034 0.710342 0.710344 0.710346 0.710349 0.710351 0.710353 0.710355 0.710357 0.710359 0.710361 0.710363 0.710365 0.710366 0.710368 0.710369 0.71037 0.710371 0.710372 0.710372 0.710372 0.710372 0.710372 0.710372 0.710371 0.71037 0.710369 0.710368 0.710367 0.710365 0.710363 0.710362 0.71036 0.710358 0.710356 0.710353 0.710351 0.710349 0.710347 0.710345 0.710343 
0.763713 0.763711 0.763708 0.763705 0.763703 0.763701 0.763698 0.763696 0.763694 0.763693 0.763691 0.76369 0.763689 0.763688 0.763688 0.763688 0.763688 0.763688 0.763689 0.76369 0.763691 0.763692 0.763694 0.763696 0.763698 0.7637 0.763703 0.763705 0.763708 0.763711 0.763713 0.763716 0.763719 0.763722 0.763724 0.763727 0.763729 0.763731 0.763733 0.763735 0.763737 0.763739 0.76374 0.763741 0.763741 0.763742 0.763742 0.763742 0.763741 0.763741 0.76374 0.763739 0.763737 0.763735 0.763733 0.763731 0.763729 0.763727 0.763724 0.763722 0.763719 0.763716 
0.809091 0.809088 0.809085 0.809083 0.80908 0.809077 0.809074 0.809072 0.809069 0.809067 0.809064 0.809062 0.80906 0.809059 0.809057 0.809056 0.809055 0.809054 0.809054 0.809054 0.809054 0.809054 0.809055 0.809056 0.809057 0.809059 0.809061 0.809062 0.809065 0.809067 0.809069 0.809072 0.809075 0.809077 0.80908 0.809083 0.809086 0.809088 0.809091 0.809094 0.809096 0.809098 0.809101 0.809102 0.809104 0.809106 0.809107 0.809108 0.809108 0.809109 0.809109 0.809109 0.809108 0.809108 0.809107 0.809105 0.809104 0.809102 0.8091 0.809098 0.809096 0.809093 
0.846328 0.846326 0.846324 0.846323 0.846321 0.846319 0.846317 0.846315 0.846313 0.846311 0.846309 0.846307 0.846305 0.846303 0.846301 0.8463 0.846299 0.846298 0.846297 0.846296 0.846295 0.846295 0.846295 0.846295 0.846295 0.846296 0.846296 0.846297 0.846298 0.846299 0.846301 0.846302 0.846304 0.846306 0.846307 0.846309 0.846311 0.846313 0.846315 0.846318 0.84632 0.846322 0.846323 0.846325 0.846327 0.846329 0.84633 0.846331 0.846332 0.846333 0.846334 0.846335 0.846335 0.846335 0.846335 0.846335 0.846334 0.846334 0.846333 0.846332 0.846331 0.846329 
0.875337 0.875336 0.875336 0.875336 0.875335 0.875335 0.875335 0.875334 0.875334 0.875333 0.875333 0.875332 0.875332 0.875331 0.875331 0.87533 0.87533 0.875329 0.875329 0.875328 0.875328 0.875328 0.875328 0.875327 0.875327 0.875327 0.875327 0.875327 0.875327 0.875327 0.875328 0.875328 0.875328 0.875328 0.875329 0.875329 0.87533 0.87533 0.875331 0.875331 0.875332 0.875332 0.875333 0.875333 0.875334 0.875334 0.875335 0.875335 0.875335 0.875336 0.875336 0.875337 0.875337 0.875337 0.875337 0.875337 0.875337 0.875337 0.875337 0.875337 0.875337 0.875337 
0.896072 0.896073 0.896074 0.896075 0.896076 0.896078 0.896079 0.89608 0.896082 0.896083 0.896085 0.896086 0.896088 0.896089 0.896091 0.896092 0.896093 0.896095 0.896096 0.896097 0.896097 0.896098 0.896099 0.896099 0.896099 0.896099 0.896099 0.896099 0.896099 0.896098 0.896098 0.896097 0.896096 0.896095 0.896094 0.896093 0.896091 0.89609 0.896088 0.896087 0.896086 0.896084 0.896083 0.896081 0.89608 0.896078 0.896077 0.896076 0.896074 0.896073 0.896072 0.896072 0.896071 0.89607 0.89607 0.89607 0.89607 0.89607 0.89607 0.89607 0.896071 0.896071 
0.908515 0.908517 0.908519 0.908522 0.908524 0.908527 0.90853 0.908533 0.908536 0.90854 0.908543 0.908547 0.90855 0.908553 0.908556 0.90856 0.908563 0.908565 0.908568 0.90857 0.908572 0.908574 0.908575 0.908577 0.908577 0.908578 0.908578 0.908578 0.908577 0.908576 0.908575 0.908574 0.908572 0.90857 0.908567 0.908565 0.908562 0.908559 0.908556 0.908553 0.908549 0.908546 0.908543 0.908539 0.908536 0.908533 0.90853 0.908527 0.908524 0.908521 0.908519 0.908517 0.908515 0.908514 0.908512 0.908512 0.908511 0.908511 0.908511 0.908512 0.908513 0.908514 
0.912662 0.912664 0.912668 0.912671 0.912675 0.912679 0.912683 0.912687 0.912692 0.912697 0.912701 0.912706 0.91271 0.912715 0.912719 0.912723 0.912727 0.91273 0.912734 0.912737 0.912739 0.912741 0.912743 0.912744 0.912745 0.912745 0.912745 0.912744 0.912743 0.912741 0.912739 0.912737 0.912734 0.912731 0.912728 0.912724 0.91272 0.912716 0.912711 0.912707 0.912702 0.912697 0.912693 0.912688 0.912684 0.91268 0.912676 0.912672 0.912668 0.912665 0.912662 0.91266 0.912658 0.912656 0.912655 0.912654 0.912654 0.912654 0.912655 0.912656 0.912657 0.912659 
0.908513 0.908516 0.908521 0.908525 0.90853 0.908535 0.908539 0.908544 0.908549 0.908554 0.908559 0.908564 0.908568 0.908573 0.908577 0.90858 0.908584 0.908586 0.908589 0.908591 0.908592 0.908593 0.908594 0.908594 0.908594 0.908593 0.908591 0.908589 0.908587 0.908584 0.908581 0.908577 0.908573 0.908569 0.908565 0.90856 0.908555 0.90855 0.908545 0.90854 0.908535 0.908531 0.908526 0.908521 0.908517 0.908513 0.908509 0.908506 0.908503 0.908501 0.908499 0.908497 0.908496 0.908496 0.908496 0.908496 0.908497 0.908499 0.908501 0.908503 0.908506 0.908509 
0.896073 0.896077 0.896082 0.896087 0.896092 0.896097 0.896101 0.896106 0.89611 0.896114 0.896117 0.896121 0.896124 0.896126 0.896129 0.89613 0.896131 0.896132 0.896133 0.896132 0.896132 0.896131 0.896129 0.896127 0.896124 0.896121 0.896118 0.896115 0.896111 0.896106 0.896102 0.896097 0.896093 0.896088 0.896083 0.896078 0.896074 0.896069 0.896065 0.89606 0.896056 0.896053 0.896049 0.896046 0.896044 0.896042 0.89604 0.896039 0.896038 0.896038 0.896038 0.896039 0.89604 0.896041 0.896044 0.896046 0.896049 0.896052 0.896056 0.89606 0.896064 0.896068 
0.87535 0.875354 0.875358 0.875362 0.875365 0.875369 0.875372 0.875374 0.875376 0.875378 0.875379 0.87538 0.87538 0.87538 0.875379 0.875378 0.875376 0.875374 0.875371 0.875368 0.875365 0.875362 0.875358 0.875353 0.875349 0.875345 0.87534 0.875335 0.875331 0.875326 0.875321 0.875317 0.875312 0.875308 0.875304 0.875301 0.875298 0.875295 0.875292 0.87529 0.875289 0.875287 0.875287 0.875287 0.875287 0.875288 0.875289 0.87529 0.875293 0.875295 0.875298 0.875301 0.875305 0.875309 0.875313 0.875317 0.875322 0.875327 0.875331 0.875336 0.875341 0.875345 
0.846357 0.84636 0.846362 0.846363 0.846364 0.846365 0.846365 0.846364 0.846363 0.846362 0.84636 0.846357 0.846354 0.846351 0.846348 0.846344 0.84634 0.846335 0.84633 0.846326 0.846321 0.846316 0.846311 0.846306 0.846301 0.846297 0.846292 0.846288 0.846284 0.846281 0.846278 0.846275 0.846272 0.84627 0.846269 0.846268 0.846268 0.846268 0.846268 0.846269 0.846271 0.846273 0.846275 0.846278 0.846281 0.846285 0.846289 0.846293 0.846297 0.846302 0.846307 0.846311 0.846316 0.846321 0.846326 0.846331 0.846335 0.84634 0.846344 0.846348 0.846351 0.846355 
0.809132 0.809131 0.80913 0.809128 0.809126 0.809124 0.809121 0.809118 0.809114 0.80911 0.809106 0.809102 0.809097 0.809092 0.809087 0.809082 0.809077 0.809072 0.809068 0.809063 0.809059 0.809054 0.80905 0.809047 0.809044 0.809041 0.809038 0.809036 0.809035 0.809034 0.809034 0.809034 0.809034 0.809035 0.809037 0.809039 0.809041 0.809044 0.809047 0.809051 0.809055 0.809059 0.809064 0.809068 0.809073 0.809078 0.809083 0.809088 0.809093 0.809098 0.809102 0.809107 0.809111 0.809115 0.809118 0.809122 0.809124 0.809127 0.809129 0.80913 0.809131 0.809132 
0.763752 0.763749 0.763746 0.763742 0.763739 0.763735 0.76373 0.763726 0.763722 0.763717 0.763712 0.763708 0.763704 0.763699 0.763695 0.763691 0.763688 0.763684 0.763681 0.763679 0.763676 0.763674 0.763673 0.763672 0.763671 0.763671 0.763672 0.763673 0.763674 0.763675 0.763678 0.76368 0.763683 0.763686 0.76369 0.763694 0.763698 0.763702 0.763706 0.763711 0.763715 0.76372 0.763724 0.763729 0.763733 0.763737 0.763741 0.763744 0.763748 0.763751 0.763753 0.763756 0.763758 0.763759 0.76376 0.763761 0.763761 0.76376 0.763759 0.763758 0.763756 0.763754 
0.710365 0.710361 0.710358 0.710354 0.710351 0.710347 0.710343 0.71034 0.710337 0.710333 0.71033 0.710328 0.710325 0.710323 0.710321 0.710319 0.710318 0.710317 0.710317 0.710317 0.710317 0.710317 0.710318 0.710319 0.710321 0.710323 0.710325 0.710328 0.71033 0.710333 0.710337 0.71034 0.710343 0.710347 0.71035 0.710354 0.710358 0.710361 0.710365 0.710368 0.710371 0.710374 0.710377 0.710379 0.710382 0.710383 0.710385 0.710386 0.710387 0.710388 0.710388 0.710388 0.710387 0.710386 0.710385 0.710383 0.710381 0.710379 0.710377 0.710374 0.710371 0.710368 
0.649197 0.649195 0.649193 0.64919 0.649188 0.649186 0.649185 0.649183 0.649182 0.64918 0.649179 0.649179 0.649178 0.649178 0.649178 0.649179 0.649179 0.64918 0.649181 0.649182 0.649184 0.649185 0.649187 0.649189 0.649191 0.649194 0.649196 0.649199 0.649201 0.649204 0.649206 0.649208 0.649211 0.649213 0.649215 0.649218 0.649219 0.649221 0.649223 0.649224 0.649225 0.649226 0.649227 0.649227 0.649228 0.649227 0.649227 0.649227 0.649226 0.649225 0.649223 0.649222 0.64922 0.649218 0.649216 0.649214 0.649212 0.649209 0.649207 0.649205 0.649202 0.6492 
0.580573 0.580572 0.580571 0.58057 0.58057 0.580569 0.580569 0.580569 0.580569 0.580569 0.580569 0.58057 0.58057 0.580571 0.580572 0.580573 0.580574 0.580575 0.580576 0.580578 0.580579 0.58058 0.580582 0.580583 0.580585 0.580586 0.580588 0.580589 0.58059 0.580592 0.580593 0.580594 0.580595 0.580596 0.580596 0.580597 0.580597 0.580598 0.580598 0.580598 0.580597 0.580597 0.580597 0.580596 0.580595 0.580595 0.580594 0.580592 0.580591 0.58059 0.580589 0.580587 0.580586 0.580584 0.580583 0.580582 0.58058 0.580579 0.580577 0.580576 0.580575 0.580574 
0.504936 0.504936 0.504936 0.504936 0.504936 0.504937 0.504937 0.504937 0.504937 0.504938 0.504938 0.504939 0.504939 0.50494 0.504941 0.504941 0.504942 0.504943 0.504943 0.504944 0.504945 0.504945 0.504946 0.504947 0.504947 0.504948 0.504948 0.504948 0.504949 0.504949 0.504949 0.504949 0.504949 0.504949 0.504949 0.504949 0.504949 0.504949 0.504949 0.504948 0.504948 0.504947 0.504947 0.504946 0.504946 0.504945 0.504944 0.504944 0.504943 0.504942 0.504942 0.504941 0.50494 0.50494 0.504939 0.504939 0.504938 0.504938 0.504937 0.504937 0.504937 0.504936 
0.422892 0.422892 0.422892 0.422892 0.422892 0.422892 0.422893 0.422893 0.422893 0.422893 0.422893 0.422893 0.422894 0.422894 0.422894 0.422894 0.422894 0.422895 0.422895 0.422895 0.422895 0.422895 0.422895 0.422895 0.422895 0.422895 0.422896 0.422896 0.422896 0.422896 0.422895 0.422895 0.422895 0.422895 0.422895 0.422895 0.422895 0.422895 0.422895 0.422894 0.422894 0.422894 0.422894 0.422894 0.422893 0.422893 0.422893 0.422893 0.422893 0.422893 0.422892 0.422892 0.422892 0.422892 0.422892 0.422892 0.422892 0.422892 0.422892 0.422892 0.422892 0.422892 
0.335231 0.335231 0.335231 0.335231 0.335231 0.335231 0.335231 0.335231 0.335231 0.335231 0.335231 0.335231 0.335231 0.335231 0.335231 0.335231 0.335231 0.335231 0.335231 0.335231 0.335231 0.335231 0.335231 0.335231 0.335231 0.335231 0.335231 0.335231 0.335231 0.335231 0.335231 0.335231 0.335231 0.335231 0.335231 0.335231 0.335231 0.335231 0.335231 0.335231 0.335231 0.335231 0.335232 0.335232 0.335232 0.335232 0.335232 0.335232 0.335232 0.335232 0.335232 0.335232 0.335232 0.335232 0.335232 0.335232 0.335232 0.335232 0.335231 0.335231 0.335231 0.335231 
0.242943 0.242942 0.242942 0.242942 0.242942 0.242942 0.242942 0.242942 0.242942 0.242942 0.242942 0.242942 0.242942 0.242942 0.242942 0.242942 0.242942 0.242942 0.242942 0.242942 0.242942 0.242942 0.242942 0.242942 0.242942 0.242942 0.242942 0.242942 0.242942 0.242942 0.242942 0.242943 0.242943 0.242943 0.242943 0.242943 0.242943 0.242943 0.242943 0.242943 0.242943 0.242943 0.242944 0.242944 0.242944 0.242944 0.242944 0.242944 0.242944 0.242944 0.242944 0.242944 0.242944 0.242943 0.242943 0.242943 0.242943 0.242943 0.242943 0.242943 0.242943 0.242943 
0.147195 0.147195 0.147195 0.147195 0.147195 0.147195 0.147195 0.147195 0.147195 0.147195 0.147195 0.147195 0.147194 0.147194 0.147194 0.147194 0.147195 0.147195 0.147195 0.147195 0.147195 0.147195 0.147195 0.147195 0.147195 0.147195 0.147195 0.147195 0.147195 0.147195 0.147196 0.147196 0.147196 0.147196 0.147196 0.147196 0.147196 0.147196 0.147196 0.147196 0.147196 0.147196 0.147196 0.147196 0.147196 0.147196 0.147196 0.147196 0.147196 0.147196 0.147196 0.147196 0.147196 0.147196 0.147196 0.147196 0.147196 0.147196 0.147196 0.147196 0.147195 0.147195 
0.0493069 0.0493069 0.0493068 0.0493068 0.0493067 0.0493067 0.0493066 0.0493066 0.0493066 0.0493065 0.0493065 0.0493065 0.0493065 0.0493064 0.0493064 0.0493064 0.0493064 0.0493064 0.0493064 0.0493064 0.0493064 0.0493065 0.0493065 0.0493065 0.0493066 0.0493066 0.0493066 0.0493067 0.0493067 0.0493068 0.0493068 0.0493069 0.0493069 0.049307 0.049307 0.0493071 0.0493071 0.0493072 0.0493072 0.0493073 0.0493073 0.0493073 0.0493074 0.0493074 0.0493074 0.0493074 0.0493074 0.0493074 0.0493074 0.0493074 0.0493074 0.0493074 0.0493074 0.0493073 0.0493073 0.0493073 0.0493072 0.0493072 0.0493071 0.0493071 0.049307 0.049307 
