0.0491343 0.0491342 0.0491342 0.0491341 0.0491341 0.0491341 0.049134 0.049134 0.0491339 0.0491339 0.0491338 0.0491338 0.0491337 0.0491337 0.0491337 0.0491336 0.0491336 0.0491336 0.0491335 0.0491335 0.0491335 0.0491335 0.0491335 0.0491335 0.0491335 0.0491335 0.0491335 0.0491335 0.0491335 0.0491336 0.0491336 0.0491336 0.0491337 0.0491337 0.0491337 0.0491338 0.0491338 0.0491339 0.0491339 0.049134 0.049134 0.0491341 0.0491341 0.0491341 0.0491342 0.0491342 0.0491343 0.0491343 0.0491343 0.0491343 0.0491344 0.0491344 0.0491344 0.0491344 0.0491344 0.0491344 0.0491344 0.0491344 0.0491344 0.0491343 0.0491343 0.0491343 
0.146685 0.146685 0.146685 0.146685 0.146685 0.146685 0.146685 0.146684 0.146684 0.146684 0.146684 0.146684 0.146684 0.146684 0.146684 0.146684 0.146684 0.146684 0.146684 0.146684 0.146684 0.146684 0.146684 0.146684 0.146684 0.146684 0.146684 0.146684 0.146684 0.146684 0.146684 0.146684 0.146684 0.146685 0.146685 0.146685 0.146685 0.146685 0.146685 0.146685 0.146685 0.146685 0.146685 0.146685 0.146685 0.146685 0.146685 0.146685 0.146685 0.146685 0.146685 0.146685 0.146685 0.146685 0.146685 0.146685 0.146685 0.146685 0.146685 0.146685 0.146685 0.146685 
0.242118 0.242117 0.242117 0.242117 0.242117 0.242117 0.242117 0.242117 0.242117 0.242117 0.242117 0.242117 0.242117 0.242117 0.242117 0.242116 0.242116 0.242116 0.242116 0.242116 0.242116 0.242116 0.242116 0.242116 0.242117 0.242117 0.242117 0.242117 0.242117 0.242117 0.242117 0.242117 0.242117 0.242117 0.242117 0.242117 0.242118 0.242118 0.242118 0.242118 0.242118 0.242118 0.242118 0.242118 0.242118 0.242118 0.242118 0.242118 0.242118 0.242118 0.242118 0.242118 0.242118 0.242118 0.242118 0.242118 0.242118 0.242118 0.242118 0.242118 0.242118 0.242118 
0.334127 0.334127 0.334127 0.334127 0.334127 0.334127 0.334127 0.334126 0.334126 0.334126 0.334126 0.334126 0.334126 0.334126 0.334126 0.334126 0.334126 0.334126 0.334126 0.334126 0.334126 0.334126 0.334126 0.334126 0.334126 0.334126 0.334126 0.334126 0.334126 0.334126 0.334126 0.334126 0.334126 0.334127 0.334127 0.334127 0.334127 0.334127 0.334127 0.334127 0.334127 0.334127 0.334127 0.334128 0.334128 0.334128 0.334128 0.334128 0.334128 0.334128 0.334128 0.334128 0.334128 0.334128 0.334128 0.334128 0.334128 0.334128 0.334127 0.334127 0.334127 0.334127 
0.421553 0.421553 0.421553 0.421552 0.421552 0.421552 0.421552 0.421552 0.421552 0.421552 0.421552 0.421552 0.421552 0.421552 0.421552 0.421552 0.421552 0.421552 0.421552 0.421552 0.421552 0.421552 0.421552 0.421552 0.421552 0.421552 0.421552 0.421552 0.421553 0.421553 0.421553 0.421553 0.421553 0.421553 0.421553 0.421553 0.421553 0.421553 0.421553 0.421553 0.421553 0.421553 0.421553 0.421553 0.421553 0.421553 0.421553 0.421553 0.421553 0.421553 0.421553 0.421553 0.421553 0.421553 0.421553 0.421553 0.421553 0.421553 0.421553 0.421553 0.421553 0.421553 
0.503409 0.503409 0.503409 0.503409 0.503409 0.503409 0.503409 0.503409 0.503409 0.503409 0.503409 0.503409 0.503409 0.503409 0.503409 0.503409 0.50341 0.50341 0.50341 0.50341 0.503411 0.503411 0.503411 0.503411 0.503411 0.503412 0.503412 0.503412 0.503412 0.503412 0.503413 0.503413 0.503413 0.503413 0.503413 0.503413 0.503413 0.503413 0.503413 0.503413 0.503413 0.503413 0.503413 0.503413 0.503412 0.503412 0.503412 0.503412 0.503412 0.503412 0.503411 0.503411 0.503411 0.503411 0.50341 0.50341 0.50341 0.50341 0.50341 0.503409 0.503409 0.503409 
0.578899 0.578899 0.578899 0.578898 0.578898 0.578898 0.578897 0.578897 0.578897 0.578897 0.578897 0.578897 0.578898 0.578898 0.578898 0.578899 0.578899 0.578899 0.5789 0.578901 0.578901 0.578902 0.578902 0.578903 0.578904 0.578904 0.578905 0.578906 0.578906 0.578907 0.578908 0.578908 0.578909 0.578909 0.578909 0.57891 0.57891 0.57891 0.57891 0.57891 0.57891 0.57891 0.57891 0.57891 0.57891 0.578909 0.578909 0.578908 0.578908 0.578907 0.578907 0.578906 0.578906 0.578905 0.578904 0.578904 0.578903 0.578902 0.578902 0.578901 0.578901 0.5789 
0.647411 0.64741 0.647409 0.647408 0.647407 0.647406 0.647405 0.647404 0.647403 0.647403 0.647402 0.647402 0.647402 0.647402 0.647402 0.647402 0.647402 0.647403 0.647403 0.647404 0.647405 0.647406 0.647407 0.647408 0.647409 0.64741 0.647412 0.647413 0.647414 0.647416 0.647417 0.647418 0.647419 0.647421 0.647422 0.647423 0.647424 0.647425 0.647425 0.647426 0.647427 0.647427 0.647427 0.647428 0.647428 0.647428 0.647427 0.647427 0.647427 0.647426 0.647425 0.647424 0.647423 0.647422 0.647421 0.64742 0.647419 0.647418 0.647416 0.647415 0.647414 0.647413 
0.708492 0.70849 0.708487 0.708485 0.708483 0.708481 0.70848 0.708478 0.708476 0.708474 0.708473 0.708472 0.70847 0.708469 0.708469 0.708468 0.708468 0.708467 0.708467 0.708468 0.708468 0.708469 0.70847 0.708471 0.708472 0.708473 0.708475 0.708476 0.708478 0.70848 0.708482 0.708484 0.708486 0.708488 0.70849 0.708492 0.708494 0.708496 0.708497 0.708499 0.708501 0.708502 0.708504 0.708505 0.708506 0.708506 0.708507 0.708507 0.708508 0.708508 0.708507 0.708507 0.708506 0.708506 0.708505 0.708503 0.708502 0.708501 0.708499 0.708497 0.708495 0.708493 
0.761815 0.761813 0.76181 0.761808 0.761806 0.761803 0.761801 0.761798 0.761795 0.761793 0.76179 0.761788 0.761786 0.761784 0.761782 0.76178 0.761778 0.761777 0.761776 0.761775 0.761775 0.761774 0.761774 0.761774 0.761775 0.761776 0.761777 0.761778 0.761779 0.761781 0.761783 0.761785 0.761787 0.761789 0.761791 0.761794 0.761796 0.761799 0.761802 0.761804 0.761807 0.761809 0.761812 0.761814 0.761816 0.761818 0.76182 0.761821 0.761822 0.761823 0.761824 0.761825 0.761825 0.761825 0.761825 0.761825 0.761824 0.761823 0.761822 0.76182 0.761819 0.761817 
0.807155 0.807154 0.807152 0.80715 0.807148 0.807146 0.807144 0.807141 0.807139 0.807136 0.807133 0.807131 0.807128 0.807126 0.807123 0.807121 0.807118 0.807116 0.807114 0.807113 0.807111 0.80711 0.807109 0.807108 0.807107 0.807107 0.807107 0.807107 0.807108 0.807109 0.80711 0.807111 0.807112 0.807114 0.807116 0.807118 0.80712 0.807123 0.807125 0.807128 0.80713 0.807133 0.807136 0.807138 0.807141 0.807143 0.807146 0.807148 0.80715 0.807152 0.807154 0.807155 0.807156 0.807157 0.807158 0.807159 0.807159 0.807159 0.807159 0.807158 0.807158 0.807157 
0.844365 0.844364 0.844364 0.844363 0.844362 0.844361 0.844359 0.844358 0.844356 0.844354 0.844353 0.844351 0.844349 0.844347 0.844345 0.844343 0.844341 0.844339 0.844337 0.844336 0.844334 0.844333 0.844331 0.84433 0.844329 0.844328 0.844328 0.844327 0.844327 0.844327 0.844327 0.844328 0.844328 0.844329 0.84433 0.844331 0.844332 0.844333 0.844335 0.844336 0.844338 0.84434 0.844342 0.844344 0.844346 0.844348 0.84435 0.844352 0.844353 0.844355 0.844357 0.844358 0.84436 0.844361 0.844362 0.844363 0.844364 0.844365 0.844365 0.844365 0.844365 0.844365 
0.873356 0.873356 0.873356 0.873356 0.873356 0.873356 0.873356 0.873355 0.873355 0.873355 0.873354 0.873354 0.873353 0.873353 0.873352 0.873352 0.873351 0.873351 0.87335 0.87335 0.873349 0.873349 0.873349 0.873348 0.873348 0.873347 0.873347 0.873347 0.873347 0.873347 0.873347 0.873346 0.873346 0.873347 0.873347 0.873347 0.873347 0.873347 0.873348 0.873348 0.873348 0.873349 0.873349 0.87335 0.87335 0.873351 0.873351 0.873352 0.873352 0.873353 0.873353 0.873354 0.873354 0.873354 0.873355 0.873355 0.873356 0.873356 0.873356 0.873356 0.873356 0.873356 
0.894084 0.894083 0.894083 0.894084 0.894084 0.894084 0.894085 0.894085 0.894086 0.894087 0.894088 0.894089 0.89409 0.894092 0.894093 0.894094 0.894096 0.894097 0.894098 0.8941 0.894101 0.894102 0.894104 0.894105 0.894106 0.894107 0.894108 0.894109 0.894109 0.89411 0.89411 0.89411 0.894111 0.894111 0.89411 0.89411 0.89411 0.894109 0.894108 0.894108 0.894107 0.894106 0.894105 0.894103 0.894102 0.894101 0.8941 0.894098 0.894097 0.894096 0.894094 0.894093 0.894092 0.89409 0.894089 0.894088 0.894087 0.894086 0.894085 0.894085 0.894084 0.894084 
0.906523 0.906523 0.906523 0.906523 0.906523 0.906524 0.906525 0.906527 0.906528 0.90653 0.906533 0.906535 0.906538 0.90654 0.906543 0.906546 0.906549 0.906553 0.906556 0.906559 0.906562 0.906565 0.906568 0.906571 0.906573 0.906576 0.906578 0.90658 0.906581 0.906583 0.906584 0.906584 0.906585 0.906585 0.906585 0.906584 0.906583 0.906582 0.906581 0.906579 0.906577 0.906575 0.906572 0.90657 0.906567 0.906564 0.906561 0.906558 0.906555 0.906552 0.906549 0.906545 0.906542 0.90654 0.906537 0.906534 0.906532 0.90653 0.906528 0.906526 0.906525 0.906524 
0.910665 0.910665 0.910665 0.910666 0.910667 0.910668 0.91067 0.910673 0.910675 0.910678 0.910682 0.910685 0.910689 0.910693 0.910697 0.910701 0.910706 0.91071 0.910714 0.910718 0.910723 0.910727 0.91073 0.910734 0.910737 0.91074 0.910743 0.910745 0.910747 0.910748 0.91075 0.91075 0.91075 0.91075 0.910749 0.910748 0.910747 0.910745 0.910743 0.91074 0.910737 0.910734 0.91073 0.910726 0.910722 0.910718 0.910714 0.910709 0.910705 0.910701 0.910697 0.910692 0.910688 0.910685 0.910681 0.910678 0.910675 0.910672 0.91067 0.910668 0.910667 0.910666 
0.906508 0.906509 0.906511 0.906513 0.906515 0.906518 0.906521 0.906524 0.906528 0.906532 0.906536 0.906541 0.906545 0.90655 0.906554 0.906559 0.906564 0.906568 0.906573 0.906577 0.906581 0.906585 0.906588 0.906591 0.906594 0.906596 0.906598 0.906599 0.9066 0.9066 0.9066 0.9066 0.906599 0.906597 0.906596 0.906593 0.906591 0.906587 0.906584 0.90658 0.906576 0.906572 0.906568 0.906563 0.906558 0.906554 0.906549 0.906544 0.90654 0.906535 0.906531 0.906527 0.906523 0.90652 0.906517 0.906514 0.906512 0.90651 0.906509 0.906508 0.906508 0.906508 
0.894061 0.894063 0.894067 0.89407 0.894074 0.894078 0.894082 0.894086 0.894091 0.894095 0.8941 0.894105 0.894109 0.894113 0.894118 0.894122 0.894125 0.894129 0.894132 0.894135 0.894137 0.894139 0.894141 0.894142 0.894142 0.894143 0.894142 0.894142 0.894141 0.894139 0.894137 0.894134 0.894132 0.894128 0.894125 0.894121 0.894117 0.894113 0.894109 0.894104 0.8941 0.894095 0.89409 0.894086 0.894082 0.894077 0.894073 0.89407 0.894066 0.894063 0.89406 0.894058 0.894056 0.894054 0.894053 0.894053 0.894052 0.894053 0.894053 0.894055 0.894056 0.894058 
0.873337 0.873342 0.873346 0.873351 0.873355 0.87336 0.873364 0.873368 0.873372 0.873376 0.87338 0.873383 0.873386 0.873389 0.873391 0.873393 0.873395 0.873396 0.873397 0.873397 0.873396 0.873396 0.873395 0.873393 0.873391 0.873388 0.873386 0.873383 0.873379 0.873375 0.873371 0.873367 0.873363 0.873358 0.873354 0.873349 0.873345 0.873341 0.873336 0.873332 0.873328 0.873325 0.873321 0.873318 0.873316 0.873313 0.873311 0.87331 0.873309 0.873308 0.873308 0.873308 0.873309 0.87331 0.873312 0.873314 0.873316 0.873319 0.873322 0.873326 0.873329 0.873333 
0.844361 0.844366 0.84437 0.844374 0.844377 0.844381 0.844384 0.844386 0.844389 0.84439 0.844392 0.844393 0.844393 0.844393 0.844393 0.844392 0.84439 0.844389 0.844386 0.844384 0.844381 0.844377 0.844373 0.844369 0.844365 0.844361 0.844356 0.844352 0.844347 0.844342 0.844338 0.844333 0.844329 0.844325 0.844321 0.844317 0.844314 0.844311 0.844308 0.844306 0.844304 0.844303 0.844302 0.844301 0.844301 0.844302 0.844303 0.844304 0.844306 0.844308 0.844311 0.844314 0.844318 0.844321 0.844325 0.844329 0.844334 0.844338 0.844343 0.844348 0.844352 0.844357 
0.807171 0.807174 0.807176 0.807178 0.807179 0.80718 0.80718 0.80718 0.80718 0.807179 0.807178 0.807176 0.807173 0.807171 0.807168 0.807164 0.807161 0.807157 0.807152 0.807148 0.807143 0.807139 0.807134 0.807129 0.807125 0.80712 0.807116 0.807112 0.807108 0.807104 0.807101 0.807097 0.807095 0.807093 0.807091 0.807089 0.807088 0.807088 0.807088 0.807089 0.80709 0.807091 0.807093 0.807095 0.807098 0.807101 0.807104 0.807108 0.807112 0.807116 0.807121 0.807125 0.80713 0.807135 0.807139 0.807144 0.807148 0.807153 0.807157 0.807161 0.807165 0.807168 
0.761843 0.761843 0.761843 0.761842 0.761841 0.761839 0.761837 0.761835 0.761832 0.761829 0.761826 0.761822 0.761818 0.761814 0.76181 0.761806 0.761802 0.761798 0.761793 0.761789 0.761785 0.761781 0.761778 0.761774 0.761771 0.761768 0.761766 0.761764 0.761762 0.76176 0.761759 0.761759 0.761759 0.761759 0.76176 0.761761 0.761763 0.761765 0.761767 0.76177 0.761773 0.761776 0.76178 0.761784 0.761788 0.761792 0.761796 0.7618 0.761804 0.761809 0.761813 0.761817 0.761821 0.761824 0.761828 0.761831 0.761834 0.761836 0.761838 0.76184 0.761841 0.761842 
0.708518 0.708516 0.708514 0.708512 0.708509 0.708507 0.708504 0.708501 0.708497 0.708494 0.708491 0.708487 0.708484 0.70848 0.708477 0.708474 0.708471 0.708468 0.708466 0.708463 0.708461 0.708459 0.708458 0.708457 0.708456 0.708455 0.708455 0.708455 0.708456 0.708457 0.708458 0.708459 0.708461 0.708463 0.708465 0.708468 0.708471 0.708474 0.708477 0.70848 0.708484 0.708487 0.70849 0.708494 0.708497 0.7085 0.708503 0.708506 0.708509 0.708512 0.708514 0.708516 0.708518 0.70852 0.708521 0.708522 0.708522 0.708522 0.708522 0.708522 0.708521 0.70852 
0.647427 0.647425 0.647422 0.64742 0.647418 0.647415 0.647413 0.647411 0.647408 0.647406 0.647404 0.647402 0.6474 0.647399 0.647397 0.647396 0.647395 0.647394 0.647393 0.647393 0.647393 0.647393 0.647393 0.647393 0.647394 0.647395 0.647396 0.647398 0.647399 0.647401 0.647403 0.647405 0.647407 0.647409 0.647412 0.647414 0.647416 0.647419 0.647421 0.647423 0.647425 0.647428 0.64743 0.647431 0.647433 0.647435 0.647436 0.647437 0.647438 0.647438 0.647439 0.647439 0.647439 0.647439 0.647438 0.647437 0.647436 0.647435 0.647434 0.647432 0.64743 0.647429 
0.578903 0.578902 0.578901 0.578899 0.578898 0.578897 0.578896 0.578895 0.578894 0.578893 0.578893 0.578892 0.578892 0.578891 0.578891 0.578891 0.578891 0.578892 0.578892 0.578892 0.578893 0.578894 0.578895 0.578896 0.578897 0.578898 0.578899 0.578901 0.578902 0.578903 0.578905 0.578906 0.578907 0.578909 0.57891 0.578911 0.578912 0.578914 0.578915 0.578915 0.578916 0.578917 0.578917 0.578918 0.578918 0.578918 0.578918 0.578918 0.578918 0.578917 0.578917 0.578916 0.578915 0.578915 0.578914 0.578912 0.578911 0.57891 0.578909 0.578907 0.578906 0.578905 
0.503408 0.503407 0.503407 0.503406 0.503406 0.503406 0.503406 0.503405 0.503405 0.503405 0.503405 0.503405 0.503406 0.503406 0.503406 0.503406 0.503407 0.503407 0.503408 0.503408 0.503409 0.503409 0.50341 0.503411 0.503411 0.503412 0.503413 0.503413 0.503414 0.503414 0.503415 0.503416 0.503416 0.503416 0.503417 0.503417 0.503417 0.503418 0.503418 0.503418 0.503418 0.503418 0.503418 0.503418 0.503417 0.503417 0.503417 0.503416 0.503416 0.503415 0.503415 0.503414 0.503414 0.503413 0.503412 0.503412 0.503411 0.503411 0.50341 0.503409 0.503409 0.503408 
0.421552 0.421552 0.421552 0.421552 0.421552 0.421552 0.421552 0.421552 0.421552 0.421552 0.421552 0.421552 0.421552 0.421552 0.421552 0.421552 0.421553 0.421553 0.421553 0.421553 0.421553 0.421554 0.421554 0.421554 0.421554 0.421554 0.421554 0.421555 0.421555 0.421555 0.421555 0.421555 0.421555 0.421555 0.421555 0.421555 0.421555 0.421555 0.421555 0.421555 0.421555 0.421555 0.421555 0.421555 0.421554 0.421554 0.421554 0.421554 0.421554 0.421554 0.421553 0.421553 0.421553 0.421553 0.421553 0.421553 0.421552 0.421552 0.421552 0.421552 0.421552 0.421552 
0.334128 0.334128 0.334127 0.334127 0.334127 0.334127 0.334127 0.334127 0.334127 0.334127 0.334127 0.334127 0.334127 0.334127 0.334127 0.334127 0.334127 0.334127 0.334127 0.334127 0.334127 0.334127 0.334127 0.334127 0.334127 0.334127 0.334127 0.334127 0.334127 0.334127 0.334127 0.334127 0.334127 0.334127 0.334127 0.334127 0.334127 0.334127 0.334127 0.334127 0.334127 0.334127 0.334127 0.334127 0.334128 0.334128 0.334128 0.334128 0.334128 0.334128 0.334128 0.334128 0.334128 0.334128 0.334128 0.334128 0.334128 0.334128 0.334128 0.334128 0.334128 0.334128 
0.242118 0.242118 0.242118 0.242118 0.242118 0.242118 0.242118 0.242118 0.242118 0.242117 0.242117 0.242117 0.242117 0.242117 0.242117 0.242117 0.242117 0.242117 0.242117 0.242117 0.242117 0.242117 0.242117 0.242117 0.242117 0.242117 0.242117 0.242117 0.242117 0.242117 0.242117 0.242117 0.242117 0.242117 0.242117 0.242117 0.242118 0.242118 0.242118 0.242118 0.242118 0.242118 0.242118 0.242118 0.242118 0.242118 0.242118 0.242118 0.242119 0.242119 0.242119 0.242119 0.242119 0.242119 0.242119 0.242119 0.242119 0.242119 0.242119 0.242119 0.242118 0.242118 
0.146685 0.146685 0.146685 0.146685 0.146685 0.146685 0.146685 0.146685 0.146685 0.146685 0.146684 0.146684 0.146684 0.146684 0.146684 0.146684 0.146684 0.146684 0.146684 0.146684 0.146684 0.146684 0.146684 0.146684 0.146684 0.146684 0.146684 0.146684 0.146684 0.146684 0.146684 0.146684 0.146685 0.146685 0.146685 0.146685 0.146685 0.146685 0.146685 0.146685 0.146685 0.146685 0.146685 0.146685 0.146686 0.146686 0.146686 0.146686 0.146686 0.146686 0.146686 0.146686 0.146686 0.146686 0.146686 0.146686 0.146686 0.146686 0.146686 0.146685 0.146685 0.146685 
0.0491343 0.0491343 0.0491343 0.0491342 0.0491342 0.0491341 0.0491341 0.049134 0.049134 0.049134 0.0491339 0.0491339 0.0491338 0.0491338 0.0491337 0.0491337 0.0491337 0.0491336 0.0491336 0.0491336 0.0491336 0.0491336 0.0491335 0.0491335 0.0491335 0.0491335 0.0491336 0.0491336 0.0491336 0.0491336 0.0491336 0.0491337 0.0491337 0.0491338 0.0491338 0.0491338 0.0491339 0.0491339 0.049134 0.049134 0.0491341 0.0491341 0.0491342 0.0491342 0.0491343 0.0491343 0.0491343 0.0491344 0.0491344 0.0491344 0.0491344 0.0491345 0.0491345 0.0491345 0.0491345 0.0491345 0.0491345 0.0491345 0.0491344 0.0491344 0.0491344 0.0491344 
