0.0486684 0.0486684 0.0486684 0.0486685 0.0486685 0.0486685 0.0486685 0.0486686 0.0486686 0.0486686 0.0486686 0.0486686 0.0486686 0.0486686 0.0486686 0.0486686 0.0486686 0.0486685 0.0486685 0.0486685 0.0486684 0.0486684 0.0486684 0.0486683 0.0486683 0.0486682 0.0486682 0.0486682 0.0486681 0.0486681 0.048668 0.048668 0.0486679 0.0486679 0.0486679 0.0486679 0.0486678 0.0486678 0.0486678 0.0486678 0.0486678 0.0486678 0.0486678 0.0486678 0.0486678 0.0486678 0.0486678 0.0486678 0.0486678 0.0486679 0.0486679 0.0486679 0.048668 0.048668 0.048668 0.0486681 0.0486681 0.0486682 0.0486682 0.0486683 0.0486683 0.0486683 
0.145309 0.145309 0.145309 0.145309 0.145309 0.145309 0.145309 0.145309 0.145309 0.145309 0.145309 0.145309 0.145309 0.145309 0.145309 0.145309 0.145309 0.145309 0.145309 0.145309 0.145309 0.145309 0.145309 0.145308 0.145308 0.145308 0.145308 0.145308 0.145308 0.145308 0.145308 0.145308 0.145308 0.145308 0.145308 0.145308 0.145308 0.145308 0.145308 0.145308 0.145308 0.145308 0.145308 0.145308 0.145308 0.145308 0.145308 0.145308 0.145308 0.145308 0.145308 0.145308 0.145308 0.145308 0.145308 0.145309 0.145309 0.145309 0.145309 0.145309 0.145309 0.145309 
0.239892 0.239892 0.239892 0.239892 0.239892 0.239892 0.239892 0.239892 0.239892 0.239892 0.239892 0.239892 0.239892 0.239892 0.239892 0.239892 0.239892 0.239892 0.239891 0.239891 0.239891 0.239891 0.239891 0.239891 0.239891 0.239891 0.239891 0.239891 0.239891 0.239891 0.239891 0.239891 0.23989 0.23989 0.23989 0.23989 0.23989 0.23989 0.23989 0.23989 0.23989 0.23989 0.23989 0.23989 0.23989 0.239891 0.239891 0.239891 0.239891 0.239891 0.239891 0.239891 0.239891 0.239891 0.239891 0.239891 0.239891 0.239891 0.239891 0.239892 0.239892 0.239892 
0.331143 0.331143 0.331143 0.331143 0.331143 0.331143 0.331143 0.331143 0.331143 0.331143 0.331143 0.331143 0.331143 0.331143 0.331143 0.331143 0.331143 0.331143 0.331143 0.331143 0.331142 0.331142 0.331142 0.331142 0.331142 0.331142 0.331142 0.331142 0.331142 0.331142 0.331142 0.331142 0.331142 0.331142 0.331142 0.331142 0.331142 0.331141 0.331141 0.331141 0.331141 0.331142 0.331142 0.331142 0.331142 0.331142 0.331142 0.331142 0.331142 0.331142 0.331142 0.331142 0.331142 0.331142 0.331142 0.331142 0.331142 0.331143 0.331143 0.331143 0.331143 0.331143 
0.417922 0.417922 0.417922 0.417922 0.417922 0.417922 0.417922 0.417922 0.417922 0.417922 0.417922 0.417922 0.417922 0.417922 0.417922 0.417922 0.417922 0.417922 0.417922 0.417922 0.417921 0.417921 0.417921 0.417921 0.417921 0.417921 0.417921 0.417921 0.417921 0.417921 0.417921 0.417921 0.417921 0.417921 0.417921 0.417921 0.417921 0.417921 0.417921 0.417921 0.417921 0.417921 0.417921 0.417922 0.417922 0.417922 0.417922 0.417922 0.417922 0.417922 0.417922 0.417922 0.417922 0.417922 0.417922 0.417922 0.417922 0.417922 0.417922 0.417922 0.417922 0.417922 
0.499255 0.499255 0.499254 0.499254 0.499254 0.499254 0.499254 0.499253 0.499253 0.499253 0.499253 0.499253 0.499252 0.499252 0.499252 0.499252 0.499252 0.499251 0.499251 0.499251 0.499251 0.499251 0.499251 0.499251 0.499251 0.499251 0.499251 0.499251 0.499251 0.499251 0.499251 0.499251 0.499251 0.499252 0.499252 0.499252 0.499252 0.499252 0.499253 0.499253 0.499253 0.499253 0.499253 0.499254 0.499254 0.499254 0.499254 0.499254 0.499254 0.499255 0.499255 0.499255 0.499255 0.499255 0.499255 0.499255 0.499255 0.499255 0.499255 0.499255 0.499255 0.499255 
0.574341 0.57434 0.57434 0.57434 0.574339 0.574339 0.574339 0.574338 0.574337 0.574337 0.574336 0.574336 0.574335 0.574335 0.574334 0.574333 0.574333 0.574332 0.574332 0.574331 0.574331 0.574331 0.57433 0.57433 0.57433 0.57433 0.57433 0.574329 0.574329 0.57433 0.57433 0.57433 0.57433 0.57433 0.574331 0.574331 0.574331 0.574332 0.574332 0.574333 0.574334 0.574334 0.574335 0.574335 0.574336 0.574336 0.574337 0.574337 0.574338 0.574338 0.574339 0.574339 0.57434 0.57434 0.57434 0.574341 0.574341 0.574341 0.574341 0.574341 0.574341 0.574341 
0.642551 0.642551 0.642551 0.642551 0.64255 0.64255 0.642549 0.642549 0.642548 0.642547 0.642546 0.642545 0.642544 0.642543 0.642542 0.642541 0.64254 0.642539 0.642538 0.642537 0.642536 0.642535 0.642534 0.642533 0.642532 0.642531 0.64253 0.64253 0.642529 0.642529 0.642529 0.642529 0.642529 0.642529 0.642529 0.642529 0.64253 0.64253 0.642531 0.642532 0.642532 0.642533 0.642534 0.642535 0.642536 0.642537 0.642538 0.64254 0.642541 0.642542 0.642543 0.642544 0.642545 0.642546 0.642547 0.642548 0.642548 0.642549 0.64255 0.64255 0.64255 0.642551 
0.703409 0.703409 0.70341 0.703411 0.703411 0.703411 0.703411 0.703411 0.70341 0.70341 0.703409 0.703408 0.703407 0.703406 0.703404 0.703403 0.703402 0.7034 0.703398 0.703397 0.703395 0.703393 0.703391 0.70339 0.703388 0.703386 0.703385 0.703383 0.703382 0.703381 0.70338 0.703379 0.703378 0.703378 0.703377 0.703377 0.703377 0.703377 0.703377 0.703377 0.703378 0.703379 0.70338 0.703381 0.703382 0.703383 0.703385 0.703386 0.703388 0.703389 0.703391 0.703393 0.703395 0.703396 0.703398 0.7034 0.703401 0.703403 0.703404 0.703406 0.703407 0.703408 
0.756569 0.756571 0.756572 0.756574 0.756575 0.756576 0.756577 0.756577 0.756578 0.756578 0.756578 0.756578 0.756577 0.756577 0.756576 0.756574 0.756573 0.756572 0.75657 0.756568 0.756566 0.756564 0.756562 0.75656 0.756558 0.756556 0.756554 0.756551 0.756549 0.756547 0.756545 0.756543 0.756542 0.75654 0.756539 0.756538 0.756537 0.756536 0.756535 0.756535 0.756535 0.756535 0.756535 0.756535 0.756536 0.756537 0.756538 0.75654 0.756541 0.756543 0.756544 0.756546 0.756548 0.75655 0.756553 0.756555 0.756557 0.756559 0.756561 0.756563 0.756565 0.756567 
0.801797 0.8018 0.801802 0.801804 0.801805 0.801807 0.801809 0.80181 0.801811 0.801812 0.801813 0.801813 0.801814 0.801814 0.801814 0.801813 0.801813 0.801812 0.801811 0.80181 0.801808 0.801807 0.801805 0.801803 0.801801 0.801799 0.801797 0.801795 0.801792 0.80179 0.801788 0.801786 0.801783 0.801781 0.801779 0.801778 0.801776 0.801774 0.801773 0.801772 0.801771 0.80177 0.80177 0.801769 0.801769 0.801769 0.80177 0.80177 0.801771 0.801772 0.801773 0.801775 0.801776 0.801778 0.80178 0.801782 0.801784 0.801786 0.801789 0.801791 0.801793 0.801795 
0.838943 0.838944 0.838946 0.838948 0.838949 0.838951 0.838952 0.838954 0.838955 0.838956 0.838957 0.838958 0.838959 0.838959 0.83896 0.83896 0.83896 0.83896 0.838959 0.838959 0.838958 0.838957 0.838956 0.838955 0.838954 0.838953 0.838951 0.83895 0.838948 0.838947 0.838945 0.838943 0.838941 0.83894 0.838938 0.838936 0.838935 0.838933 0.838932 0.838931 0.83893 0.838929 0.838928 0.838927 0.838927 0.838926 0.838926 0.838926 0.838926 0.838927 0.838927 0.838928 0.838929 0.83893 0.838931 0.838932 0.838933 0.838935 0.838936 0.838938 0.838939 0.838941 
0.867911 0.867911 0.867912 0.867913 0.867913 0.867914 0.867914 0.867914 0.867915 0.867915 0.867915 0.867916 0.867916 0.867916 0.867916 0.867916 0.867916 0.867916 0.867916 0.867916 0.867916 0.867916 0.867915 0.867915 0.867915 0.867914 0.867914 0.867913 0.867913 0.867912 0.867912 0.867911 0.867911 0.86791 0.86791 0.867909 0.867909 0.867908 0.867908 0.867907 0.867907 0.867907 0.867907 0.867906 0.867906 0.867906 0.867906 0.867906 0.867906 0.867906 0.867906 0.867906 0.867907 0.867907 0.867907 0.867908 0.867908 0.867908 0.867909 0.867909 0.86791 0.86791 
0.888642 0.888641 0.88864 0.888639 0.888638 0.888637 0.888636 0.888635 0.888634 0.888633 0.888632 0.888631 0.88863 0.888629 0.888628 0.888627 0.888627 0.888626 0.888626 0.888625 0.888625 0.888625 0.888625 0.888625 0.888625 0.888626 0.888626 0.888627 0.888627 0.888628 0.888629 0.88863 0.888631 0.888632 0.888633 0.888634 0.888635 0.888636 0.888637 0.888638 0.888639 0.88864 0.888641 0.888642 0.888643 0.888643 0.888644 0.888645 0.888645 0.888646 0.888646 0.888646 0.888646 0.888646 0.888646 0.888646 0.888646 0.888645 0.888645 0.888644 0.888643 0.888643 
0.901095 0.901093 0.901091 0.901088 0.901086 0.901083 0.901081 0.901078 0.901075 0.901073 0.901071 0.901068 0.901066 0.901064 0.901063 0.901061 0.90106 0.901058 0.901058 0.901057 0.901057 0.901056 0.901057 0.901057 0.901058 0.901059 0.90106 0.901061 0.901063 0.901065 0.901067 0.901069 0.901071 0.901073 0.901076 0.901078 0.901081 0.901084 0.901086 0.901089 0.901091 0.901094 0.901096 0.901098 0.9011 0.901102 0.901103 0.901105 0.901106 0.901107 0.901107 0.901108 0.901108 0.901107 0.901107 0.901106 0.901105 0.901104 0.901103 0.901101 0.9011 0.901098 
0.905248 0.905244 0.905241 0.905237 0.905234 0.90523 0.905226 0.905223 0.905219 0.905216 0.905213 0.90521 0.905207 0.905205 0.905203 0.905201 0.905199 0.905198 0.905197 0.905197 0.905197 0.905197 0.905198 0.905199 0.9052 0.905202 0.905204 0.905206 0.905209 0.905212 0.905215 0.905218 0.905221 0.905225 0.905228 0.905232 0.905236 0.905239 0.905243 0.905246 0.905249 0.905253 0.905255 0.905258 0.905261 0.905263 0.905265 0.905266 0.905267 0.905268 0.905268 0.905269 0.905268 0.905268 0.905267 0.905265 0.905264 0.905262 0.905259 0.905257 0.905254 0.905251 
0.901089 0.901085 0.901081 0.901077 0.901073 0.901069 0.901065 0.901062 0.901058 0.901055 0.901053 0.90105 0.901048 0.901046 0.901045 0.901044 0.901043 0.901043 0.901043 0.901043 0.901044 0.901046 0.901047 0.901049 0.901052 0.901055 0.901058 0.901061 0.901064 0.901068 0.901072 0.901076 0.90108 0.901084 0.901088 0.901092 0.901096 0.901099 0.901103 0.901106 0.901109 0.901112 0.901115 0.901117 0.901119 0.90112 0.901121 0.901122 0.901122 0.901122 0.901121 0.90112 0.901119 0.901117 0.901115 0.901113 0.90111 0.901107 0.901104 0.9011 0.901097 0.901093 
0.888625 0.888622 0.888618 0.888615 0.888611 0.888609 0.888606 0.888603 0.888601 0.8886 0.888598 0.888598 0.888597 0.888597 0.888597 0.888598 0.888599 0.888601 0.888602 0.888605 0.888607 0.88861 0.888613 0.888616 0.88862 0.888624 0.888627 0.888631 0.888635 0.888639 0.888643 0.888647 0.888651 0.888655 0.888658 0.888661 0.888664 0.888667 0.888669 0.888671 0.888673 0.888674 0.888675 0.888676 0.888676 0.888675 0.888675 0.888673 0.888672 0.88867 0.888668 0.888665 0.888663 0.888659 0.888656 0.888653 0.888649 0.888645 0.888641 0.888637 0.888633 0.888629 
0.867882 0.86788 0.867878 0.867876 0.867875 0.867874 0.867873 0.867873 0.867873 0.867874 0.867875 0.867876 0.867878 0.86788 0.867883 0.867885 0.867888 0.867892 0.867895 0.867899 0.867903 0.867906 0.86791 0.867914 0.867918 0.867922 0.867926 0.86793 0.867933 0.867936 0.867939 0.867942 0.867944 0.867946 0.867948 0.867949 0.86795 0.867951 0.867951 0.867951 0.86795 0.867949 0.867948 0.867946 0.867944 0.867941 0.867938 0.867935 0.867932 0.867929 0.867925 0.867921 0.867917 0.867913 0.867909 0.867906 0.867902 0.867898 0.867894 0.867891 0.867888 0.867885 
0.838904 0.838904 0.838904 0.838905 0.838906 0.838908 0.83891 0.838912 0.838915 0.838917 0.838921 0.838924 0.838928 0.838931 0.838935 0.838939 0.838943 0.838947 0.838951 0.838955 0.838959 0.838963 0.838966 0.838969 0.838972 0.838975 0.838977 0.838979 0.838981 0.838982 0.838983 0.838984 0.838984 0.838983 0.838983 0.838981 0.83898 0.838978 0.838976 0.838973 0.83897 0.838967 0.838964 0.83896 0.838956 0.838952 0.838948 0.838944 0.83894 0.838936 0.838932 0.838929 0.838925 0.838921 0.838918 0.838915 0.838913 0.83891 0.838908 0.838907 0.838905 0.838905 
0.801758 0.801761 0.801763 0.801766 0.801769 0.801773 0.801776 0.80178 0.801784 0.801788 0.801792 0.801796 0.8018 0.801804 0.801807 0.801811 0.801815 0.801818 0.801821 0.801823 0.801826 0.801828 0.801829 0.801831 0.801832 0.801832 0.801832 0.801832 0.801831 0.80183 0.801828 0.801827 0.801824 0.801822 0.801819 0.801816 0.801812 0.801809 0.801805 0.801801 0.801797 0.801793 0.801789 0.801785 0.801781 0.801778 0.801774 0.80177 0.801767 0.801764 0.801762 0.801759 0.801757 0.801756 0.801754 0.801753 0.801753 0.801753 0.801753 0.801754 0.801755 0.801757 
0.756542 0.756545 0.756548 0.756552 0.756556 0.756559 0.756563 0.756566 0.75657 0.756573 0.756576 0.756579 0.756582 0.756585 0.756587 0.756589 0.75659 0.756592 0.756593 0.756593 0.756593 0.756593 0.756593 0.756592 0.75659 0.756589 0.756587 0.756585 0.756582 0.756579 0.756576 0.756573 0.75657 0.756566 0.756563 0.756559 0.756555 0.756552 0.756548 0.756545 0.756541 0.756538 0.756535 0.756533 0.75653 0.756528 0.756526 0.756524 0.756523 0.756522 0.756522 0.756522 0.756522 0.756522 0.756523 0.756525 0.756526 0.756528 0.75653 0.756533 0.756536 0.756539 
0.703398 0.703401 0.703404 0.703407 0.703409 0.703412 0.703414 0.703416 0.703418 0.703419 0.703421 0.703422 0.703423 0.703423 0.703424 0.703423 0.703423 0.703422 0.703422 0.70342 0.703419 0.703417 0.703415 0.703413 0.703411 0.703408 0.703406 0.703403 0.7034 0.703397 0.703394 0.703391 0.703389 0.703386 0.703383 0.703381 0.703378 0.703376 0.703374 0.703372 0.70337 0.703369 0.703368 0.703367 0.703367 0.703366 0.703366 0.703367 0.703367 0.703368 0.70337 0.703371 0.703373 0.703375 0.703377 0.703379 0.703382 0.703384 0.703387 0.70339 0.703393 0.703396 
0.642554 0.642555 0.642556 0.642558 0.642559 0.642559 0.64256 0.64256 0.642561 0.642561 0.64256 0.64256 0.64256 0.642559 0.642558 0.642557 0.642555 0.642554 0.642552 0.642551 0.642549 0.642547 0.642545 0.642543 0.642541 0.642539 0.642537 0.642535 0.642533 0.642531 0.64253 0.642528 0.642527 0.642525 0.642524 0.642523 0.642522 0.642522 0.642521 0.642521 0.642521 0.642521 0.642522 0.642522 0.642523 0.642524 0.642525 0.642526 0.642528 0.642529 0.642531 0.642533 0.642535 0.642537 0.642539 0.642541 0.642543 0.642545 0.642547 0.642549 0.64255 0.642552 
0.574347 0.574348 0.574348 0.574348 0.574348 0.574348 0.574347 0.574347 0.574346 0.574346 0.574345 0.574344 0.574343 0.574342 0.574341 0.57434 0.574339 0.574338 0.574337 0.574336 0.574334 0.574333 0.574332 0.574331 0.57433 0.574329 0.574328 0.574327 0.574327 0.574326 0.574325 0.574325 0.574325 0.574325 0.574324 0.574325 0.574325 0.574325 0.574325 0.574326 0.574327 0.574327 0.574328 0.574329 0.57433 0.574331 0.574332 0.574333 0.574334 0.574336 0.574337 0.574338 0.574339 0.57434 0.574341 0.574342 0.574343 0.574344 0.574345 0.574346 0.574346 0.574347 
0.499259 0.499259 0.499259 0.499258 0.499258 0.499258 0.499257 0.499257 0.499257 0.499256 0.499256 0.499255 0.499254 0.499254 0.499253 0.499253 0.499252 0.499252 0.499251 0.499251 0.49925 0.49925 0.499249 0.499249 0.499249 0.499249 0.499248 0.499248 0.499248 0.499248 0.499248 0.499248 0.499249 0.499249 0.499249 0.499249 0.49925 0.49925 0.499251 0.499251 0.499252 0.499252 0.499253 0.499253 0.499254 0.499254 0.499255 0.499255 0.499256 0.499256 0.499257 0.499257 0.499258 0.499258 0.499258 0.499259 0.499259 0.499259 0.499259 0.499259 0.499259 0.499259 
0.417924 0.417924 0.417924 0.417923 0.417923 0.417923 0.417923 0.417923 0.417923 0.417922 0.417922 0.417922 0.417922 0.417922 0.417922 0.417921 0.417921 0.417921 0.417921 0.417921 0.417921 0.417921 0.417921 0.417921 0.417921 0.417921 0.417921 0.417921 0.417921 0.417921 0.417921 0.417921 0.417921 0.417921 0.417921 0.417921 0.417922 0.417922 0.417922 0.417922 0.417922 0.417923 0.417923 0.417923 0.417923 0.417923 0.417923 0.417924 0.417924 0.417924 0.417924 0.417924 0.417924 0.417924 0.417924 0.417924 0.417924 0.417924 0.417924 0.417924 0.417924 0.417924 
0.331143 0.331143 0.331143 0.331143 0.331143 0.331143 0.331143 0.331143 0.331143 0.331143 0.331143 0.331143 0.331143 0.331143 0.331143 0.331143 0.331143 0.331143 0.331143 0.331143 0.331143 0.331143 0.331143 0.331143 0.331143 0.331143 0.331143 0.331142 0.331142 0.331142 0.331142 0.331142 0.331142 0.331142 0.331142 0.331142 0.331142 0.331142 0.331142 0.331142 0.331142 0.331142 0.331142 0.331142 0.331143 0.331143 0.331143 0.331143 0.331143 0.331143 0.331143 0.331143 0.331143 0.331143 0.331143 0.331143 0.331143 0.331143 0.331143 0.331143 0.331143 0.331143 
0.239892 0.239892 0.239892 0.239892 0.239892 0.239892 0.239892 0.239892 0.239892 0.239892 0.239892 0.239892 0.239892 0.239892 0.239892 0.239892 0.239892 0.239892 0.239892 0.239892 0.239892 0.239892 0.239892 0.239892 0.239891 0.239891 0.239891 0.239891 0.239891 0.239891 0.239891 0.239891 0.239891 0.239891 0.239891 0.239891 0.239891 0.239891 0.239891 0.239891 0.239891 0.239891 0.239891 0.239891 0.239891 0.239891 0.239891 0.239891 0.239891 0.239891 0.239891 0.239891 0.239891 0.239891 0.239891 0.239891 0.239891 0.239892 0.239892 0.239892 0.239892 0.239892 
0.145309 0.145309 0.145309 0.145309 0.145309 0.145309 0.145309 0.145309 0.145309 0.145309 0.145309 0.145309 0.145309 0.145309 0.145309 0.145309 0.145309 0.145309 0.145309 0.145309 0.145309 0.145309 0.145309 0.145309 0.145309 0.145309 0.145309 0.145308 0.145308 0.145308 0.145308 0.145308 0.145308 0.145308 0.145308 0.145308 0.145308 0.145308 0.145308 0.145308 0.145308 0.145308 0.145308 0.145308 0.145308 0.145308 0.145308 0.145308 0.145308 0.145308 0.145308 0.145308 0.145308 0.145309 0.145309 0.145309 0.145309 0.145309 0.145309 0.145309 0.145309 0.145309 
0.0486684 0.0486684 0.0486685 0.0486685 0.0486685 0.0486686 0.0486686 0.0486686 0.0486686 0.0486686 0.0486686 0.0486686 0.0486686 0.0486686 0.0486686 0.0486686 0.0486686 0.0486686 0.0486686 0.0486685 0.0486685 0.0486685 0.0486685 0.0486684 0.0486684 0.0486683 0.0486683 0.0486683 0.0486682 0.0486682 0.0486681 0.0486681 0.0486681 0.048668 0.048668 0.048668 0.0486679 0.0486679 0.0486679 0.0486679 0.0486679 0.0486679 0.0486679 0.0486679 0.0486679 0.0486679 0.0486679 0.0486679 0.0486679 0.0486679 0.048668 0.048668 0.048668 0.048668 0.0486681 0.0486681 0.0486682 0.0486682 0.0486682 0.0486683 0.0486683 0.0486684 
