0.0565543 0.0565565 0.0565587 0.0565609 0.0565631 0.0565652 0.0565673 0.0565692 0.0565711 0.0565727 0.0565743 0.0565756 0.0565768 0.0565778 0.0565786 0.0565791 0.0565795 0.0565796 0.0565795 0.0565791 0.0565786 0.0565778 0.0565768 0.0565757 0.0565743 0.0565728 0.0565711 0.0565693 0.0565674 0.0565654 0.0565633 0.0565611 0.056559 0.0565568 0.0565546 0.0565524 0.0565503 0.0565483 0.0565464 0.0565446 0.0565429 0.0565414 0.05654 0.0565389 0.0565379 0.0565372 0.0565366 0.0565363 0.0565362 0.0565363 0.0565366 0.0565372 0.056538 0.056539 0.0565401 0.0565415 0.056543 0.0565447 0.0565465 0.0565483 0.0565503 0.0565523 
0.168245 0.168249 0.168253 0.168258 0.168263 0.168268 0.168274 0.168279 0.168285 0.16829 0.168296 0.168301 0.168307 0.168312 0.168317 0.168321 0.168325 0.168329 0.168332 0.168335 0.168337 0.168339 0.16834 0.168341 0.168341 0.16834 0.168339 0.168337 0.168335 0.168333 0.168329 0.168326 0.168322 0.168317 0.168313 0.168308 0.168302 0.168297 0.168292 0.168286 0.16828 0.168275 0.168269 0.168264 0.168259 0.168254 0.16825 0.168246 0.168242 0.168239 0.168236 0.168234 0.168232 0.168231 0.168231 0.168231 0.168231 0.168232 0.168234 0.168236 0.168239 0.168242 
0.276002 0.276001 0.276001 0.276002 0.276004 0.276007 0.27601 0.276015 0.27602 0.276026 0.276033 0.27604 0.276048 0.276056 0.276065 0.276074 0.276084 0.276093 0.276102 0.276111 0.27612 0.276129 0.276137 0.276145 0.276153 0.276159 0.276165 0.276171 0.276175 0.276179 0.276181 0.276183 0.276184 0.276184 0.276183 0.276181 0.276179 0.276175 0.27617 0.276165 0.276159 0.276152 0.276145 0.276137 0.276129 0.27612 0.276111 0.276102 0.276093 0.276083 0.276074 0.276065 0.276056 0.276048 0.27604 0.276033 0.276026 0.27602 0.276015 0.276011 0.276007 0.276004 
0.377978 0.377966 0.377954 0.377944 0.377934 0.377925 0.377918 0.377912 0.377908 0.377905 0.377903 0.377903 0.377904 0.377907 0.377912 0.377918 0.377925 0.377933 0.377943 0.377954 0.377965 0.377978 0.377991 0.378005 0.378019 0.378034 0.378049 0.378063 0.378078 0.378092 0.378106 0.378119 0.378132 0.378143 0.378154 0.378164 0.378172 0.378179 0.378185 0.378189 0.378192 0.378194 0.378194 0.378192 0.378189 0.378185 0.378179 0.378172 0.378163 0.378154 0.378143 0.378131 0.378119 0.378106 0.378092 0.378077 0.378063 0.378048 0.378033 0.378019 0.378005 0.377991 
0.472975 0.472954 0.472933 0.472911 0.472889 0.472868 0.472846 0.472826 0.472806 0.472788 0.47277 0.472754 0.47274 0.472727 0.472717 0.472708 0.472701 0.472697 0.472695 0.472694 0.472697 0.472701 0.472707 0.472716 0.472726 0.472739 0.472753 0.472769 0.472786 0.472804 0.472824 0.472844 0.472865 0.472886 0.472908 0.47293 0.472951 0.472972 0.472993 0.473012 0.473031 0.473048 0.473064 0.473078 0.47309 0.473101 0.473109 0.473116 0.47312 0.473123 0.473123 0.473121 0.473116 0.47311 0.473102 0.473091 0.473079 0.473065 0.473049 0.473032 0.473014 0.472994 
0.560233 0.560217 0.560199 0.560179 0.560157 0.560133 0.560107 0.56008 0.560053 0.560024 0.559995 0.559966 0.559938 0.55991 0.559882 0.559856 0.559831 0.559808 0.559786 0.559767 0.55975 0.559735 0.559724 0.559714 0.559708 0.559704 0.559704 0.559706 0.559711 0.559719 0.55973 0.559744 0.559759 0.559778 0.559798 0.559821 0.559845 0.55987 0.559897 0.559925 0.559953 0.559981 0.56001 0.560039 0.560067 0.560094 0.56012 0.560144 0.560168 0.560189 0.560208 0.560225 0.56024 0.560252 0.560261 0.560267 0.560271 0.560271 0.560269 0.560264 0.560256 0.560246 
0.639292 0.639295 0.639295 0.639291 0.639283 0.639272 0.639258 0.639241 0.639221 0.639198 0.639172 0.639145 0.639115 0.639084 0.639051 0.639018 0.638984 0.638949 0.638915 0.638881 0.638848 0.638816 0.638785 0.638757 0.63873 0.638706 0.638684 0.638665 0.638649 0.638636 0.638627 0.638621 0.638618 0.638619 0.638624 0.638631 0.638643 0.638657 0.638674 0.638695 0.638718 0.638743 0.638771 0.6388 0.638831 0.638864 0.638897 0.638931 0.638965 0.638999 0.639033 0.639066 0.639098 0.639128 0.639157 0.639183 0.639207 0.639229 0.639248 0.639264 0.639277 0.639286 
0.709947 0.709971 0.709991 0.710009 0.710023 0.710033 0.71004 0.710044 0.710043 0.710039 0.710031 0.710019 0.710004 0.709985 0.709963 0.709939 0.709911 0.709881 0.709849 0.709816 0.709781 0.709744 0.709707 0.70967 0.709633 0.709596 0.70956 0.709526 0.709493 0.709462 0.709433 0.709407 0.709383 0.709363 0.709345 0.709332 0.709321 0.709315 0.709312 0.709313 0.709318 0.709326 0.709338 0.709353 0.709372 0.709394 0.709419 0.709446 0.709476 0.709508 0.709542 0.709577 0.709613 0.709649 0.709686 0.709723 0.70976 0.709795 0.70983 0.709862 0.709893 0.709922 
0.772191 0.772226 0.772259 0.77229 0.77232 0.772348 0.772373 0.772395 0.772414 0.77243 0.772443 0.772452 0.772458 0.772459 0.772457 0.772452 0.772443 0.77243 0.772414 0.772394 0.772372 0.772346 0.772318 0.772288 0.772256 0.772222 0.772187 0.772151 0.772115 0.772078 0.772042 0.772006 0.771971 0.771937 0.771906 0.771876 0.771848 0.771823 0.771801 0.771782 0.771766 0.771754 0.771745 0.77174 0.771739 0.771741 0.771747 0.771757 0.77177 0.771786 0.771806 0.771829 0.771854 0.771882 0.771912 0.771944 0.771978 0.772013 0.772048 0.772084 0.772121 0.772156 
0.82611 0.826142 0.826174 0.826206 0.826239 0.826271 0.826302 0.826333 0.826362 0.82639 0.826415 0.826439 0.82646 0.826478 0.826494 0.826507 0.826516 0.826523 0.826526 0.826526 0.826522 0.826515 0.826505 0.826492 0.826476 0.826457 0.826435 0.826411 0.826385 0.826357 0.826327 0.826297 0.826265 0.826232 0.826199 0.826167 0.826134 0.826103 0.826072 0.826043 0.826015 0.82599 0.825966 0.825945 0.825927 0.825912 0.825899 0.82589 0.825884 0.825881 0.825882 0.825885 0.825893 0.825903 0.825916 0.825933 0.825952 0.825973 0.825997 0.826023 0.826051 0.82608 
0.871783 0.871801 0.871821 0.871843 0.871866 0.871891 0.871916 0.871942 0.871969 0.871996 0.872022 0.872049 0.872074 0.872099 0.872123 0.872145 0.872165 0.872184 0.872201 0.872216 0.872228 0.872237 0.872245 0.872249 0.872251 0.87225 0.872246 0.87224 0.872231 0.872219 0.872205 0.872189 0.87217 0.87215 0.872128 0.872105 0.87208 0.872054 0.872028 0.872001 0.871974 0.871948 0.871921 0.871896 0.871871 0.871847 0.871825 0.871804 0.871786 0.871769 0.871755 0.871743 0.871733 0.871727 0.871722 0.871721 0.871722 0.871726 0.871733 0.871742 0.871753 0.871767 
0.909233 0.909234 0.909238 0.909244 0.909252 0.909262 0.909273 0.909287 0.909302 0.909318 0.909336 0.909355 0.909375 0.909396 0.909417 0.909438 0.909459 0.909481 0.909501 0.909522 0.909541 0.90956 0.909577 0.909593 0.909608 0.909621 0.909632 0.909641 0.909648 0.909653 0.909656 0.909656 0.909655 0.909651 0.909645 0.909637 0.909627 0.909616 0.909602 0.909587 0.90957 0.909552 0.909533 0.909513 0.909492 0.909471 0.90945 0.909428 0.909407 0.909386 0.909366 0.909346 0.909328 0.90931 0.909294 0.90928 0.909267 0.909256 0.909248 0.909241 0.909236 0.909233 
0.938431 0.938419 0.938408 0.938399 0.938392 0.938386 0.938383 0.938381 0.938382 0.938384 0.938389 0.938395 0.938404 0.938414 0.938426 0.938439 0.938454 0.93847 0.938488 0.938506 0.938525 0.938544 0.938564 0.938584 0.938604 0.938624 0.938644 0.938662 0.93868 0.938697 0.938713 0.938727 0.938739 0.93875 0.93876 0.938767 0.938773 0.938776 0.938777 0.938777 0.938774 0.93877 0.938763 0.938754 0.938744 0.938732 0.938719 0.938704 0.938687 0.93867 0.938651 0.938632 0.938613 0.938593 0.938573 0.938553 0.938533 0.938514 0.938495 0.938477 0.938461 0.938445 
0.959332 0.95931 0.959289 0.959269 0.95925 0.959232 0.959216 0.959202 0.95919 0.95918 0.959172 0.959166 0.959163 0.959162 0.959163 0.959167 0.959173 0.959181 0.959191 0.959203 0.959217 0.959233 0.959251 0.95927 0.95929 0.959311 0.959333 0.959356 0.959379 0.959402 0.959425 0.959448 0.95947 0.959491 0.959511 0.95953 0.959548 0.959564 0.959578 0.95959 0.9596 0.959608 0.959614 0.959617 0.959618 0.959617 0.959613 0.959607 0.959599 0.959589 0.959576 0.959562 0.959546 0.959528 0.959509 0.959489 0.959467 0.959445 0.959423 0.9594 0.959377 0.959354 
0.97189 0.971863 0.971836 0.97181 0.971784 0.971759 0.971736 0.971714 0.971693 0.971675 0.971658 0.971644 0.971632 0.971623 0.971616 0.971612 0.97161 0.971612 0.971616 0.971623 0.971632 0.971644 0.971658 0.971675 0.971693 0.971714 0.971736 0.97176 0.971784 0.97181 0.971836 0.971863 0.97189 0.971917 0.971944 0.971969 0.971994 0.972018 0.97204 0.97206 0.972079 0.972095 0.972109 0.972121 0.97213 0.972137 0.972141 0.972142 0.972141 0.972137 0.97213 0.972121 0.972109 0.972094 0.972078 0.972059 0.972038 0.972016 0.971993 0.971968 0.971942 0.971916 
0.976078 0.976049 0.976021 0.975992 0.975964 0.975936 0.97591 0.975885 0.975861 0.97584 0.97582 0.975803 0.975788 0.975775 0.975766 0.975759 0.975755 0.975754 0.975756 0.97576 0.975768 0.975778 0.975792 0.975807 0.975825 0.975845 0.975868 0.975892 0.975917 0.975944 0.975971 0.976 0.976029 0.976058 0.976086 0.976115 0.976142 0.976168 0.976193 0.976217 0.976239 0.976258 0.976275 0.97629 0.976303 0.976312 0.976319 0.976323 0.976324 0.976322 0.976317 0.976309 0.976299 0.976286 0.97627 0.976252 0.976232 0.97621 0.976186 0.97616 0.976134 0.976106 
0.971887 0.971859 0.971831 0.971803 0.971777 0.971751 0.971727 0.971704 0.971682 0.971663 0.971646 0.971632 0.97162 0.97161 0.971604 0.9716 0.971599 0.971601 0.971605 0.971613 0.971623 0.971636 0.971651 0.971669 0.971689 0.97171 0.971734 0.971759 0.971785 0.971812 0.971839 0.971867 0.971896 0.971924 0.971951 0.971978 0.972004 0.972028 0.972051 0.972072 0.972091 0.972108 0.972122 0.972134 0.972144 0.97215 0.972154 0.972155 0.972153 0.972148 0.972141 0.972131 0.972118 0.972102 0.972085 0.972065 0.972043 0.97202 0.971995 0.971969 0.971942 0.971914 
0.959322 0.959297 0.959274 0.959252 0.959231 0.959212 0.959194 0.959179 0.959165 0.959154 0.959146 0.95914 0.959136 0.959136 0.959137 0.959142 0.959149 0.959158 0.95917 0.959184 0.959201 0.959219 0.959239 0.95926 0.959283 0.959307 0.959332 0.959357 0.959383 0.959409 0.959435 0.95946 0.959485 0.959508 0.959531 0.959551 0.959571 0.959588 0.959604 0.959617 0.959628 0.959636 0.959642 0.959645 0.959646 0.959644 0.95964 0.959633 0.959623 0.959611 0.959597 0.959581 0.959563 0.959543 0.959521 0.959498 0.959474 0.959449 0.959424 0.959398 0.959372 0.959347 
0.938407 0.938391 0.938376 0.938364 0.938354 0.938346 0.938341 0.938338 0.938338 0.93834 0.938345 0.938352 0.938361 0.938373 0.938387 0.938402 0.93842 0.938439 0.93846 0.938482 0.938505 0.938528 0.938552 0.938577 0.938602 0.938626 0.93865 0.938673 0.938695 0.938717 0.938736 0.938754 0.938771 0.938785 0.938797 0.938807 0.938815 0.93882 0.938823 0.938823 0.938821 0.938816 0.938809 0.9388 0.938788 0.938774 0.938758 0.938741 0.938722 0.938701 0.938679 0.938656 0.938632 0.938608 0.938583 0.938558 0.938534 0.93851 0.938487 0.938465 0.938444 0.938424 
0.909183 0.90918 0.909181 0.909184 0.909189 0.909198 0.909208 0.909222 0.909237 0.909255 0.909275 0.909296 0.909319 0.909344 0.909369 0.909395 0.909422 0.909449 0.909476 0.909502 0.909528 0.909553 0.909577 0.9096 0.909621 0.909641 0.909658 0.909673 0.909686 0.909697 0.909704 0.90971 0.909712 0.909712 0.909709 0.909703 0.909694 0.909683 0.90967 0.909654 0.909636 0.909617 0.909595 0.909572 0.909548 0.909522 0.909496 0.909469 0.909442 0.909415 0.909389 0.909363 0.909338 0.909313 0.909291 0.90927 0.90925 0.909233 0.909218 0.909205 0.909195 0.909187 
0.871701 0.871717 0.871735 0.871756 0.871779 0.871805 0.871832 0.871861 0.871891 0.871922 0.871954 0.871987 0.872019 0.872051 0.872082 0.872112 0.872141 0.872169 0.872194 0.872218 0.872239 0.872258 0.872273 0.872286 0.872296 0.872303 0.872306 0.872306 0.872303 0.872296 0.872287 0.872274 0.872258 0.87224 0.872218 0.872195 0.872169 0.872142 0.872113 0.872083 0.872051 0.872019 0.871987 0.871955 0.871923 0.871891 0.871861 0.871832 0.871805 0.871779 0.871756 0.871735 0.871716 0.871701 0.871688 0.871678 0.871672 0.871669 0.871669 0.871672 0.871679 0.871688 
0.826003 0.826035 0.82607 0.826105 0.826142 0.82618 0.826218 0.826256 0.826293 0.826329 0.826364 0.826398 0.826429 0.826458 0.826485 0.826509 0.826529 0.826547 0.82656 0.826571 0.826577 0.82658 0.826578 0.826573 0.826564 0.826551 0.826535 0.826516 0.826493 0.826467 0.826438 0.826407 0.826374 0.82634 0.826304 0.826266 0.826229 0.826191 0.826153 0.826116 0.826079 0.826044 0.826011 0.825979 0.82595 0.825924 0.8259 0.82588 0.825863 0.825849 0.825839 0.825833 0.825831 0.825832 0.825838 0.825847 0.82586 0.825876 0.825896 0.825919 0.825944 0.825972 
0.772084 0.772126 0.772166 0.772207 0.772246 0.772284 0.772321 0.772354 0.772386 0.772414 0.772439 0.772461 0.772479 0.772493 0.772503 0.772509 0.772511 0.772508 0.772502 0.772491 0.772476 0.772457 0.772435 0.772409 0.77238 0.772348 0.772313 0.772277 0.772238 0.772198 0.772157 0.772116 0.772074 0.772033 0.771992 0.771953 0.771915 0.771879 0.771845 0.771814 0.771785 0.77176 0.771739 0.771721 0.771707 0.771698 0.771692 0.771691 0.771693 0.7717 0.771711 0.771726 0.771745 0.771768 0.771794 0.771823 0.771855 0.771889 0.771926 0.771964 0.772003 0.772044 
0.709882 0.709918 0.70995 0.709981 0.710008 0.710032 0.710052 0.710069 0.710081 0.710089 0.710094 0.710093 0.710089 0.71008 0.710067 0.710051 0.71003 0.710006 0.709978 0.709947 0.709914 0.709878 0.70984 0.7098 0.709759 0.709717 0.709675 0.709633 0.709592 0.709551 0.709512 0.709474 0.709439 0.709406 0.709375 0.709348 0.709325 0.709305 0.709289 0.709276 0.709268 0.709265 0.709265 0.70927 0.709279 0.709292 0.709309 0.70933 0.709354 0.709382 0.709412 0.709446 0.709482 0.70952 0.709559 0.7096 0.709641 0.709683 0.709725 0.709766 0.709807 0.709846 
0.639302 0.639318 0.63933 0.639338 0.639343 0.639343 0.63934 0.639333 0.639321 0.639306 0.639288 0.639266 0.639241 0.639213 0.639182 0.639149 0.639114 0.639077 0.639039 0.639001 0.638962 0.638923 0.638884 0.638846 0.638809 0.638774 0.63874 0.638709 0.63868 0.638655 0.638632 0.638613 0.638597 0.638585 0.638577 0.638573 0.638573 0.638576 0.638584 0.638595 0.63861 0.638629 0.638651 0.638676 0.638704 0.638735 0.638768 0.638803 0.638839 0.638877 0.638916 0.638955 0.638994 0.639032 0.63907 0.639107 0.639142 0.639175 0.639206 0.639235 0.63926 0.639283 
0.560312 0.560304 0.560294 0.56028 0.560264 0.560244 0.560222 0.560198 0.560171 0.560143 0.560112 0.560081 0.560049 0.560016 0.559982 0.559949 0.559916 0.559884 0.559853 0.559824 0.559796 0.55977 0.559746 0.559725 0.559707 0.559691 0.559679 0.55967 0.559664 0.559661 0.559662 0.559666 0.559673 0.559684 0.559698 0.559714 0.559734 0.559756 0.559781 0.559807 0.559836 0.559866 0.559897 0.559929 0.559962 0.559995 0.560028 0.560061 0.560093 0.560124 0.560153 0.560181 0.560207 0.560231 0.560252 0.56027 0.560285 0.560298 0.560307 0.560313 0.560316 0.560315 
0.473073 0.473053 0.473031 0.473008 0.472984 0.472959 0.472934 0.472909 0.472883 0.472858 0.472833 0.472809 0.472786 0.472764 0.472744 0.472726 0.472709 0.472695 0.472682 0.472672 0.472665 0.47266 0.472658 0.472658 0.472661 0.472666 0.472674 0.472684 0.472697 0.472711 0.472728 0.472747 0.472767 0.472789 0.472812 0.472836 0.472861 0.472886 0.472911 0.472937 0.472962 0.472986 0.47301 0.473033 0.473055 0.473075 0.473093 0.47311 0.473124 0.473136 0.473146 0.473154 0.473158 0.473161 0.473161 0.473158 0.473152 0.473145 0.473134 0.473122 0.473107 0.473091 
0.378038 0.37802 0.378003 0.377986 0.37797 0.377955 0.377941 0.377927 0.377915 0.377905 0.377895 0.377888 0.377882 0.377878 0.377875 0.377874 0.377876 0.377879 0.377883 0.37789 0.377898 0.377907 0.377918 0.377931 0.377944 0.377959 0.377975 0.377991 0.378008 0.378025 0.378043 0.378061 0.378078 0.378095 0.378112 0.378128 0.378143 0.378158 0.378171 0.378183 0.378193 0.378202 0.37821 0.378216 0.37822 0.378222 0.378223 0.378222 0.378219 0.378214 0.378208 0.3782 0.37819 0.378179 0.378166 0.378153 0.378138 0.378123 0.378106 0.378089 0.378072 0.378055 
0.276006 0.276 0.275994 0.27599 0.275987 0.275984 0.275983 0.275983 0.275984 0.275987 0.27599 0.275994 0.276 0.276006 0.276013 0.276022 0.27603 0.27604 0.27605 0.27606 0.276071 0.276082 0.276093 0.276105 0.276116 0.276126 0.276137 0.276147 0.276156 0.276165 0.276173 0.27618 0.276187 0.276192 0.276196 0.276199 0.276202 0.276203 0.276203 0.276201 0.276199 0.276196 0.276191 0.276186 0.276179 0.276172 0.276164 0.276155 0.276146 0.276136 0.276125 0.276114 0.276103 0.276092 0.276081 0.27607 0.276059 0.276049 0.276039 0.27603 0.276021 0.276013 
0.168223 0.168225 0.168227 0.16823 0.168233 0.168237 0.168241 0.168246 0.168251 0.168257 0.168263 0.168269 0.168275 0.168281 0.168288 0.168294 0.168301 0.168307 0.168313 0.168319 0.168324 0.168329 0.168333 0.168337 0.168341 0.168344 0.168346 0.168348 0.168349 0.168349 0.168349 0.168348 0.168347 0.168344 0.168342 0.168338 0.168334 0.16833 0.168325 0.16832 0.168314 0.168308 0.168302 0.168296 0.168289 0.168283 0.168277 0.16827 0.168264 0.168258 0.168252 0.168247 0.168242 0.168238 0.168234 0.16823 0.168228 0.168225 0.168224 0.168223 0.168222 0.168223 
0.0565427 0.0565444 0.0565464 0.0565485 0.0565506 0.0565529 0.0565552 0.0565575 0.0565599 0.0565622 0.0565644 0.0565666 0.0565687 0.0565707 0.0565726 0.0565743 0.0565758 0.0565772 0.0565783 0.0565793 0.05658 0.0565805 0.0565807 0.0565807 0.0565805 0.0565801 0.0565794 0.0565785 0.0565774 0.0565761 0.0565746 0.0565729 0.0565711 0.0565692 0.0565671 0.0565649 0.0565627 0.0565604 0.0565581 0.0565557 0.0565534 0.0565512 0.056549 0.0565469 0.0565449 0.0565431 0.0565414 0.0565399 0.0565385 0.0565374 0.0565365 0.0565358 0.0565353 0.0565351 0.0565351 0.0565353 0.0565358 0.0565365 0.0565374 0.0565385 0.0565398 0.0565412 
