0.0564695 0.0564716 0.0564738 0.056476 0.0564782 0.0564803 0.0564824 0.0564844 0.0564864 0.0564882 0.0564898 0.0564913 0.0564927 0.0564938 0.0564948 0.0564956 0.0564961 0.0564964 0.0564965 0.0564964 0.0564961 0.0564955 0.0564948 0.0564938 0.0564927 0.0564913 0.0564898 0.0564882 0.0564864 0.0564845 0.0564825 0.0564804 0.0564783 0.0564762 0.056474 0.0564718 0.0564697 0.0564676 0.0564656 0.0564637 0.056462 0.0564603 0.0564588 0.0564575 0.0564563 0.0564554 0.0564547 0.0564541 0.0564538 0.0564537 0.0564538 0.0564542 0.0564547 0.0564555 0.0564564 0.0564576 0.056459 0.0564604 0.0564621 0.0564638 0.0564657 0.0564676 
0.168009 0.168013 0.168016 0.168021 0.168025 0.16803 0.168035 0.168041 0.168046 0.168052 0.168057 0.168063 0.168068 0.168073 0.168078 0.168083 0.168087 0.168091 0.168094 0.168098 0.1681 0.168102 0.168104 0.168105 0.168105 0.168105 0.168105 0.168104 0.168102 0.1681 0.168097 0.168094 0.16809 0.168086 0.168082 0.168078 0.168073 0.168067 0.168062 0.168057 0.168051 0.168046 0.168041 0.168035 0.16803 0.168025 0.168021 0.168016 0.168012 0.168009 0.168006 0.168003 0.168001 0.168 0.167998 0.167998 0.167998 0.167999 0.168 0.168001 0.168004 0.168006 
0.275658 0.275656 0.275655 0.275655 0.275656 0.275658 0.27566 0.275664 0.275668 0.275673 0.275679 0.275686 0.275693 0.275701 0.275709 0.275717 0.275726 0.275735 0.275744 0.275753 0.275762 0.27577 0.275779 0.275787 0.275794 0.275801 0.275808 0.275814 0.275819 0.275823 0.275826 0.275829 0.275831 0.275832 0.275832 0.275831 0.275829 0.275826 0.275822 0.275818 0.275813 0.275807 0.2758 0.275793 0.275786 0.275778 0.275769 0.27576 0.275752 0.275743 0.275734 0.275725 0.275716 0.275708 0.2757 0.275692 0.275685 0.275679 0.275673 0.275668 0.275664 0.27566 
0.37757 0.377558 0.377546 0.377534 0.377524 0.377514 0.377506 0.377499 0.377493 0.377488 0.377485 0.377484 0.377484 0.377485 0.377488 0.377492 0.377497 0.377504 0.377512 0.377521 0.377532 0.377543 0.377555 0.377568 0.377581 0.377595 0.377609 0.377623 0.377637 0.377651 0.377665 0.377679 0.377691 0.377704 0.377715 0.377725 0.377735 0.377743 0.37775 0.377756 0.37776 0.377763 0.377765 0.377765 0.377763 0.377761 0.377756 0.377751 0.377744 0.377736 0.377727 0.377717 0.377705 0.377693 0.377681 0.377667 0.377653 0.377639 0.377625 0.377611 0.377597 0.377584 
0.472531 0.472512 0.472491 0.472471 0.47245 0.472429 0.472408 0.472387 0.472367 0.472348 0.472329 0.472312 0.472296 0.472282 0.472269 0.472259 0.47225 0.472243 0.472238 0.472235 0.472235 0.472236 0.47224 0.472246 0.472254 0.472264 0.472275 0.472289 0.472304 0.47232 0.472338 0.472356 0.472376 0.472396 0.472417 0.472438 0.472459 0.47248 0.4725 0.47252 0.472539 0.472558 0.472574 0.47259 0.472604 0.472617 0.472627 0.472636 0.472643 0.472648 0.47265 0.472651 0.472649 0.472646 0.47264 0.472632 0.472622 0.472611 0.472597 0.472583 0.472566 0.472549 
0.559758 0.559746 0.559731 0.559714 0.559695 0.559674 0.559651 0.559627 0.559601 0.559574 0.559546 0.559518 0.55949 0.559462 0.559434 0.559407 0.559381 0.559357 0.559333 0.559312 0.559292 0.559275 0.55926 0.559248 0.559238 0.559231 0.559226 0.559225 0.559226 0.55923 0.559237 0.559247 0.559259 0.559274 0.559291 0.55931 0.559332 0.559355 0.559379 0.559405 0.559432 0.559459 0.559487 0.559515 0.559543 0.55957 0.559597 0.559623 0.559648 0.559671 0.559692 0.559711 0.559729 0.559744 0.559756 0.559766 0.559773 0.559777 0.559779 0.559778 0.559774 0.559767 
0.638782 0.63879 0.638794 0.638795 0.638792 0.638786 0.638777 0.638764 0.638749 0.63873 0.638709 0.638685 0.638658 0.63863 0.6386 0.638569 0.638536 0.638503 0.638469 0.638435 0.638402 0.638369 0.638337 0.638306 0.638277 0.63825 0.638225 0.638203 0.638183 0.638166 0.638153 0.638142 0.638135 0.638131 0.63813 0.638133 0.63814 0.638149 0.638162 0.638178 0.638197 0.638218 0.638242 0.638269 0.638297 0.638327 0.638358 0.638391 0.638424 0.638457 0.638491 0.638524 0.638557 0.638588 0.638619 0.638648 0.638674 0.638699 0.638722 0.638741 0.638758 0.638772 
0.709407 0.709434 0.709458 0.70948 0.709499 0.709514 0.709527 0.709535 0.70954 0.709541 0.709539 0.709533 0.709523 0.70951 0.709493 0.709473 0.70945 0.709424 0.709396 0.709365 0.709333 0.709299 0.709263 0.709227 0.709191 0.709154 0.709117 0.709082 0.709047 0.709014 0.708982 0.708952 0.708925 0.7089 0.708879 0.70886 0.708845 0.708833 0.708825 0.70882 0.70882 0.708822 0.708829 0.708839 0.708853 0.70887 0.70889 0.708913 0.708939 0.708967 0.708998 0.70903 0.709064 0.709099 0.709135 0.709171 0.709208 0.709244 0.709279 0.709314 0.709347 0.709378 
0.771637 0.771672 0.771707 0.771741 0.771773 0.771804 0.771832 0.771859 0.771882 0.771903 0.771921 0.771935 0.771946 0.771953 0.771957 0.771957 0.771954 0.771946 0.771936 0.771921 0.771904 0.771883 0.771859 0.771833 0.771804 0.771774 0.771741 0.771707 0.771672 0.771636 0.771599 0.771563 0.771527 0.771492 0.771458 0.771426 0.771395 0.771367 0.771341 0.771317 0.771297 0.771279 0.771265 0.771255 0.771248 0.771244 0.771245 0.771248 0.771256 0.771267 0.771282 0.771299 0.77132 0.771344 0.77137 0.771399 0.77143 0.771462 0.771496 0.771531 0.771566 0.771602 
0.825564 0.825594 0.825624 0.825656 0.825688 0.825721 0.825753 0.825785 0.825816 0.825845 0.825874 0.8259 0.825925 0.825947 0.825967 0.825985 0.825999 0.82601 0.826019 0.826024 0.826025 0.826024 0.826019 0.826011 0.826 0.825985 0.825968 0.825948 0.825926 0.825901 0.825874 0.825845 0.825815 0.825784 0.825752 0.82572 0.825687 0.825655 0.825623 0.825592 0.825562 0.825534 0.825507 0.825482 0.82546 0.82544 0.825423 0.825409 0.825398 0.82539 0.825386 0.825384 0.825386 0.825391 0.8254 0.825411 0.825426 0.825443 0.825463 0.825485 0.82551 0.825536 
0.87126 0.871275 0.871292 0.871311 0.871331 0.871354 0.871377 0.871402 0.871428 0.871454 0.87148 0.871507 0.871533 0.871559 0.871585 0.871609 0.871632 0.871653 0.871673 0.871691 0.871707 0.87172 0.871731 0.87174 0.871746 0.87175 0.87175 0.871748 0.871744 0.871736 0.871726 0.871714 0.871699 0.871682 0.871663 0.871642 0.87162 0.871596 0.871571 0.871545 0.871519 0.871492 0.871465 0.871439 0.871413 0.871387 0.871363 0.87134 0.871319 0.871299 0.871281 0.871266 0.871252 0.871241 0.871233 0.871227 0.871224 0.871224 0.871226 0.871231 0.871238 0.871248 
0.908738 0.908736 0.908736 0.908738 0.908743 0.908749 0.908758 0.908768 0.908781 0.908795 0.90881 0.908827 0.908845 0.908864 0.908884 0.908905 0.908926 0.908947 0.908968 0.908989 0.90901 0.909029 0.909048 0.909066 0.909083 0.909099 0.909112 0.909124 0.909135 0.909143 0.909149 0.909153 0.909155 0.909155 0.909153 0.909148 0.909142 0.909133 0.909123 0.90911 0.909096 0.909081 0.909064 0.909045 0.909026 0.909006 0.908985 0.908964 0.908943 0.908922 0.908901 0.90888 0.90886 0.908841 0.908823 0.908807 0.908791 0.908778 0.908766 0.908756 0.908748 0.908742 
0.93796 0.937945 0.937931 0.937919 0.937909 0.937901 0.937894 0.937889 0.937886 0.937885 0.937886 0.93789 0.937895 0.937902 0.93791 0.937921 0.937933 0.937947 0.937962 0.937978 0.937995 0.938013 0.938032 0.938052 0.938071 0.938091 0.938111 0.93813 0.938149 0.938167 0.938185 0.938201 0.938216 0.938229 0.938241 0.938252 0.93826 0.938267 0.938272 0.938275 0.938275 0.938274 0.938271 0.938266 0.938259 0.93825 0.938239 0.938227 0.938213 0.938198 0.938182 0.938164 0.938146 0.938127 0.938108 0.938088 0.938068 0.938048 0.938029 0.93801 0.937992 0.937975 
0.958874 0.958852 0.95883 0.958808 0.958788 0.958768 0.95875 0.958733 0.958717 0.958704 0.958692 0.958683 0.958675 0.95867 0.958667 0.958667 0.958668 0.958672 0.958678 0.958687 0.958697 0.95871 0.958724 0.95874 0.958758 0.958777 0.958797 0.958818 0.95884 0.958862 0.958885 0.958908 0.95893 0.958952 0.958974 0.958995 0.959014 0.959033 0.95905 0.959065 0.959078 0.95909 0.9591 0.959107 0.959112 0.959115 0.959115 0.959114 0.95911 0.959103 0.959095 0.959084 0.959072 0.959057 0.959041 0.959024 0.959005 0.958984 0.958963 0.958941 0.958919 0.958897 
0.971439 0.971413 0.971387 0.97136 0.971334 0.971308 0.971283 0.971258 0.971235 0.971214 0.971194 0.971176 0.97116 0.971146 0.971135 0.971126 0.971119 0.971116 0.971115 0.971117 0.971121 0.971128 0.971138 0.97115 0.971164 0.971181 0.9712 0.97122 0.971242 0.971266 0.97129 0.971316 0.971342 0.971368 0.971395 0.971422 0.971448 0.971473 0.971497 0.97152 0.971542 0.971562 0.97158 0.971596 0.971609 0.971621 0.97163 0.971636 0.971639 0.97164 0.971638 0.971634 0.971627 0.971617 0.971605 0.97159 0.971574 0.971555 0.971535 0.971513 0.971489 0.971465 
0.975631 0.975603 0.975575 0.975547 0.975518 0.97549 0.975462 0.975435 0.975409 0.975384 0.975361 0.97534 0.975321 0.975304 0.97529 0.975278 0.975269 0.975262 0.975259 0.975258 0.97526 0.975265 0.975273 0.975284 0.975297 0.975313 0.975331 0.975352 0.975374 0.975398 0.975423 0.97545 0.975477 0.975505 0.975534 0.975562 0.975591 0.975619 0.975646 0.975672 0.975696 0.975719 0.97574 0.975759 0.975776 0.97579 0.975802 0.975811 0.975818 0.975821 0.975822 0.975819 0.975814 0.975806 0.975796 0.975782 0.975766 0.975748 0.975728 0.975706 0.975682 0.975657 
0.971439 0.971411 0.971384 0.971356 0.971328 0.971301 0.971275 0.97125 0.971226 0.971203 0.971183 0.971164 0.971148 0.971134 0.971122 0.971113 0.971107 0.971104 0.971103 0.971105 0.97111 0.971118 0.971129 0.971142 0.971157 0.971175 0.971195 0.971217 0.97124 0.971265 0.971291 0.971318 0.971345 0.971373 0.971401 0.971429 0.971456 0.971482 0.971507 0.971531 0.971554 0.971574 0.971593 0.971609 0.971623 0.971634 0.971643 0.971649 0.971652 0.971653 0.971651 0.971646 0.971638 0.971627 0.971614 0.971599 0.971581 0.971561 0.971539 0.971516 0.971491 0.971465 
0.958869 0.958844 0.958819 0.958795 0.958772 0.95875 0.95873 0.958711 0.958694 0.958679 0.958667 0.958656 0.958648 0.958643 0.95864 0.95864 0.958642 0.958647 0.958654 0.958664 0.958676 0.958691 0.958707 0.958726 0.958746 0.958767 0.95879 0.958814 0.958839 0.958864 0.95889 0.958915 0.95894 0.958965 0.958989 0.959013 0.959034 0.959055 0.959074 0.95909 0.959105 0.959118 0.959128 0.959136 0.959141 0.959144 0.959144 0.959142 0.959137 0.959129 0.95912 0.959107 0.959093 0.959076 0.959058 0.959038 0.959016 0.958993 0.958969 0.958945 0.95892 0.958894 
0.937941 0.937922 0.937905 0.937889 0.937876 0.937864 0.937855 0.937848 0.937843 0.937841 0.937841 0.937844 0.937849 0.937857 0.937867 0.937879 0.937893 0.937909 0.937927 0.937947 0.937968 0.93799 0.938013 0.938036 0.93806 0.938085 0.938109 0.938133 0.938157 0.93818 0.938201 0.938222 0.938241 0.938259 0.938274 0.938288 0.938299 0.938309 0.938316 0.93832 0.938322 0.938322 0.938319 0.938314 0.938306 0.938296 0.938284 0.93827 0.938253 0.938236 0.938216 0.938195 0.938173 0.93815 0.938126 0.938102 0.938078 0.938053 0.938029 0.938006 0.937983 0.937961 
0.908695 0.908688 0.908684 0.908682 0.908683 0.908687 0.908694 0.908703 0.908714 0.908728 0.908745 0.908763 0.908783 0.908805 0.908828 0.908853 0.908878 0.908905 0.908931 0.908958 0.908985 0.909011 0.909037 0.909062 0.909085 0.909107 0.909128 0.909147 0.909163 0.909178 0.90919 0.909199 0.909206 0.909211 0.909212 0.909211 0.909207 0.909201 0.909191 0.90918 0.909166 0.909149 0.909131 0.909111 0.909089 0.909065 0.909041 0.909015 0.908989 0.908962 0.908935 0.908908 0.908882 0.908856 0.908831 0.908808 0.908786 0.908765 0.908747 0.90873 0.908716 0.908704 
0.871183 0.871194 0.871207 0.871224 0.871243 0.871265 0.871289 0.871315 0.871343 0.871372 0.871403 0.871434 0.871466 0.871498 0.871531 0.871562 0.871593 0.871623 0.871651 0.871678 0.871703 0.871726 0.871746 0.871764 0.871779 0.87179 0.871799 0.871805 0.871807 0.871806 0.871802 0.871794 0.871783 0.87177 0.871753 0.871734 0.871712 0.871688 0.871661 0.871633 0.871604 0.871573 0.871542 0.87151 0.871477 0.871445 0.871414 0.871383 0.871353 0.871324 0.871298 0.871273 0.87125 0.87123 0.871213 0.871198 0.871186 0.871178 0.871172 0.87117 0.871171 0.871176 
0.825455 0.825484 0.825515 0.825549 0.825584 0.82562 0.825657 0.825695 0.825732 0.82577 0.825807 0.825843 0.825877 0.82591 0.82594 0.825969 0.825994 0.826017 0.826036 0.826052 0.826065 0.826073 0.826078 0.82608 0.826077 0.82607 0.82606 0.826046 0.826029 0.826008 0.825984 0.825957 0.825928 0.825896 0.825863 0.825828 0.825791 0.825754 0.825716 0.825678 0.825641 0.825604 0.825568 0.825534 0.825501 0.825471 0.825443 0.825417 0.825395 0.825376 0.82536 0.825348 0.825339 0.825334 0.825333 0.825336 0.825343 0.825353 0.825367 0.825385 0.825405 0.825429 
0.77152 0.771561 0.771602 0.771643 0.771684 0.771724 0.771762 0.771799 0.771835 0.771867 0.771897 0.771924 0.771948 0.771968 0.771984 0.771997 0.772005 0.77201 0.77201 0.772005 0.771997 0.771985 0.771968 0.771948 0.771924 0.771897 0.771867 0.771834 0.771799 0.771762 0.771723 0.771683 0.771642 0.771601 0.771559 0.771518 0.771478 0.77144 0.771403 0.771368 0.771335 0.771305 0.771278 0.771255 0.771235 0.771219 0.771207 0.771199 0.771195 0.771195 0.7712 0.771208 0.771221 0.771237 0.771257 0.771281 0.771308 0.771338 0.771371 0.771406 0.771443 0.771481 
0.709325 0.709363 0.709399 0.709433 0.709464 0.709493 0.709519 0.709541 0.709559 0.709574 0.709584 0.709591 0.709593 0.709591 0.709584 0.709574 0.709559 0.709541 0.709519 0.709493 0.709464 0.709432 0.709398 0.709361 0.709323 0.709283 0.709242 0.709201 0.709159 0.709117 0.709077 0.709037 0.708999 0.708962 0.708928 0.708897 0.708868 0.708843 0.708821 0.708803 0.708789 0.708779 0.708773 0.708771 0.708773 0.70878 0.708791 0.708805 0.708824 0.708846 0.708872 0.708901 0.708932 0.708967 0.709003 0.709041 0.709081 0.709122 0.709163 0.709205 0.709246 0.709286 
0.638774 0.638794 0.638811 0.638825 0.638835 0.638842 0.638844 0.638842 0.638837 0.638828 0.638815 0.638798 0.638778 0.638755 0.638728 0.638699 0.638668 0.638634 0.638599 0.638562 0.638524 0.638486 0.638447 0.638409 0.638371 0.638334 0.638298 0.638264 0.638232 0.638203 0.638176 0.638153 0.638132 0.638115 0.638101 0.638091 0.638085 0.638083 0.638085 0.638091 0.6381 0.638113 0.63813 0.63815 0.638174 0.6382 0.638229 0.638261 0.638294 0.63833 0.638366 0.638404 0.638442 0.638481 0.638519 0.638557 0.638594 0.638629 0.638663 0.638694 0.638724 0.63875 
0.559824 0.559822 0.559816 0.559807 0.559795 0.55978 0.559762 0.559741 0.559718 0.559693 0.559665 0.559636 0.559606 0.559574 0.559542 0.55951 0.559477 0.559445 0.559413 0.559382 0.559352 0.559324 0.559298 0.559274 0.559252 0.559233 0.559217 0.559203 0.559193 0.559186 0.559182 0.559181 0.559184 0.55919 0.559199 0.559212 0.559227 0.559245 0.559266 0.559289 0.559314 0.559342 0.559371 0.559401 0.559432 0.559464 0.559497 0.559529 0.559562 0.559593 0.559624 0.559653 0.559681 0.559707 0.559731 0.559753 0.559772 0.559789 0.559802 0.559812 0.559819 0.559823 
0.472626 0.472609 0.47259 0.472569 0.472547 0.472524 0.4725 0.472475 0.47245 0.472425 0.472401 0.472376 0.472353 0.47233 0.472308 0.472288 0.47227 0.472253 0.472238 0.472225 0.472215 0.472207 0.472201 0.472198 0.472198 0.4722 0.472204 0.472211 0.47222 0.472232 0.472246 0.472262 0.472279 0.472299 0.472319 0.472341 0.472365 0.472389 0.472413 0.472438 0.472463 0.472487 0.472512 0.472535 0.472558 0.472579 0.472599 0.472618 0.472634 0.472649 0.472662 0.472672 0.47268 0.472686 0.472689 0.472689 0.472687 0.472683 0.472676 0.472667 0.472655 0.472642 
0.377634 0.377617 0.377601 0.377584 0.377567 0.377552 0.377536 0.377522 0.377509 0.377497 0.377486 0.377477 0.37747 0.377463 0.377459 0.377456 0.377455 0.377456 0.377459 0.377463 0.377469 0.377476 0.377485 0.377496 0.377507 0.37752 0.377534 0.377549 0.377565 0.377582 0.377598 0.377615 0.377632 0.377649 0.377666 0.377683 0.377698 0.377713 0.377727 0.377741 0.377752 0.377763 0.377772 0.37778 0.377786 0.37779 0.377793 0.377794 0.377793 0.37779 0.377786 0.37778 0.377773 0.377764 0.377753 0.377741 0.377728 0.377714 0.377699 0.377684 0.377667 0.377651 
0.275667 0.27566 0.275654 0.275649 0.275644 0.275641 0.275639 0.275637 0.275637 0.275638 0.27564 0.275643 0.275648 0.275653 0.275659 0.275666 0.275674 0.275682 0.275691 0.275701 0.275711 0.275722 0.275732 0.275743 0.275754 0.275764 0.275775 0.275785 0.275795 0.275804 0.275812 0.27582 0.275827 0.275834 0.275839 0.275843 0.275846 0.275848 0.27585 0.27585 0.275849 0.275846 0.275843 0.275839 0.275834 0.275828 0.275821 0.275813 0.275804 0.275795 0.275786 0.275775 0.275765 0.275754 0.275744 0.275733 0.275722 0.275712 0.275702 0.275692 0.275683 0.275675 
0.16799 0.167991 0.167993 0.167995 0.167997 0.168 0.168004 0.168008 0.168013 0.168018 0.168024 0.168029 0.168035 0.168042 0.168048 0.168054 0.16806 0.168067 0.168073 0.168078 0.168084 0.168089 0.168094 0.168098 0.168102 0.168106 0.168108 0.168111 0.168112 0.168113 0.168114 0.168113 0.168112 0.168111 0.168109 0.168106 0.168103 0.168099 0.168095 0.16809 0.168085 0.168079 0.168074 0.168068 0.168062 0.168055 0.168049 0.168043 0.168037 0.168031 0.168025 0.168019 0.168014 0.168009 0.168005 0.168001 0.167998 0.167995 0.167993 0.167992 0.167991 0.16799 
0.0564585 0.0564602 0.0564619 0.0564639 0.0564659 0.056468 0.0564703 0.0564725 0.0564748 0.0564771 0.0564794 0.0564816 0.0564838 0.0564859 0.0564878 0.0564896 0.0564913 0.0564928 0.0564942 0.0564953 0.0564962 0.0564969 0.0564974 0.0564976 0.0564977 0.0564974 0.056497 0.0564963 0.0564954 0.0564944 0.0564931 0.0564916 0.0564899 0.0564881 0.0564862 0.0564842 0.056482 0.0564798 0.0564776 0.0564753 0.056473 0.0564707 0.0564685 0.0564664 0.0564643 0.0564623 0.0564605 0.0564589 0.0564574 0.056456 0.0564549 0.056454 0.0564533 0.0564529 0.0564526 0.0564527 0.0564529 0.0564534 0.0564541 0.056455 0.0564561 0.0564572 
