0.0549629 0.0549619 0.0549611 0.0549603 0.0549596 0.054959 0.0549585 0.0549581 0.0549578 0.0549577 0.0549577 0.0549578 0.0549581 0.0549585 0.054959 0.0549596 0.0549603 0.0549611 0.054962 0.054963 0.0549641 0.0549652 0.0549664 0.0549676 0.0549689 0.0549701 0.0549714 0.0549726 0.0549738 0.054975 0.0549761 0.0549772 0.0549782 0.0549791 0.0549799 0.0549806 0.0549812 0.0549817 0.054982 0.0549823 0.0549824 0.0549824 0.0549822 0.054982 0.0549816 0.0549811 0.0549805 0.0549797 0.0549789 0.054978 0.054977 0.0549759 0.0549748 0.0549736 0.0549724 0.0549711 0.0549699 0.0549686 0.0549674 0.0549662 0.0549651 0.0549639 
0.163748 0.163745 0.163742 0.163739 0.163737 0.163734 0.163732 0.16373 0.163728 0.163726 0.163725 0.163724 0.163723 0.163723 0.163723 0.163723 0.163724 0.163725 0.163726 0.163727 0.163729 0.163731 0.163733 0.163736 0.163738 0.163741 0.163744 0.163747 0.16375 0.163753 0.163756 0.16376 0.163763 0.163766 0.163768 0.163771 0.163774 0.163776 0.163778 0.16378 0.163781 0.163783 0.163784 0.163784 0.163785 0.163785 0.163785 0.163784 0.163783 0.163782 0.16378 0.163779 0.163777 0.163774 0.163772 0.163769 0.163766 0.163764 0.16376 0.163757 0.163754 0.163751 
0.269239 0.269235 0.269231 0.269227 0.269223 0.269219 0.269214 0.26921 0.269205 0.2692 0.269196 0.269192 0.269188 0.269184 0.26918 0.269177 0.269174 0.269171 0.269169 0.269167 0.269166 0.269165 0.269164 0.269164 0.269165 0.269165 0.269167 0.269169 0.269171 0.269173 0.269176 0.26918 0.269183 0.269187 0.269191 0.269196 0.2692 0.269205 0.269209 0.269214 0.269218 0.269223 0.269227 0.269231 0.269235 0.269239 0.269242 0.269245 0.269247 0.26925 0.269251 0.269253 0.269254 0.269254 0.269254 0.269254 0.269253 0.269251 0.26925 0.269247 0.269245 0.269242 
0.369596 0.369598 0.369598 0.369598 0.369597 0.369596 0.369594 0.369592 0.369588 0.369585 0.36958 0.369576 0.36957 0.369565 0.369559 0.369553 0.369547 0.36954 0.369533 0.369527 0.36952 0.369514 0.369508 0.369502 0.369496 0.369491 0.369487 0.369482 0.369479 0.369476 0.369473 0.369471 0.36947 0.369469 0.369469 0.36947 0.369472 0.369474 0.369476 0.36948 0.369483 0.369488 0.369493 0.369498 0.369504 0.369509 0.369516 0.369522 0.369528 0.369535 0.369541 0.369548 0.369554 0.36956 0.369566 0.369572 0.369577 0.369581 0.369586 0.369589 0.369592 0.369595 
0.463426 0.463435 0.463444 0.463453 0.463461 0.463468 0.463475 0.463481 0.463486 0.463491 0.463494 0.463497 0.463498 0.463499 0.463499 0.463497 0.463495 0.463492 0.463487 0.463482 0.463477 0.46347 0.463463 0.463455 0.463446 0.463437 0.463428 0.463418 0.463409 0.463399 0.463389 0.463379 0.46337 0.463361 0.463353 0.463345 0.463337 0.46333 0.463324 0.463319 0.463315 0.463311 0.463309 0.463307 0.463307 0.463307 0.463309 0.463311 0.463315 0.463319 0.463324 0.46333 0.463337 0.463344 0.463352 0.46336 0.463369 0.463378 0.463388 0.463398 0.463407 0.463417 
0.549854 0.549865 0.549876 0.549889 0.549902 0.549916 0.54993 0.549944 0.549958 0.549972 0.549986 0.549999 0.550012 0.550024 0.550036 0.550046 0.550056 0.550064 0.550072 0.550078 0.550082 0.550086 0.550087 0.550088 0.550087 0.550084 0.55008 0.550075 0.550069 0.550061 0.550052 0.550042 0.550031 0.550019 0.550006 0.549993 0.54998 0.549966 0.549951 0.549937 0.549923 0.549909 0.549896 0.549883 0.549871 0.549859 0.549849 0.549839 0.549831 0.549824 0.549818 0.549813 0.54981 0.549809 0.549808 0.549809 0.549812 0.549816 0.549821 0.549828 0.549836 0.549844 
0.62847 0.628471 0.628473 0.628477 0.628483 0.628491 0.628501 0.628512 0.628525 0.628539 0.628554 0.628571 0.628588 0.628606 0.628625 0.628644 0.628663 0.628682 0.628701 0.628719 0.628737 0.628754 0.62877 0.628785 0.628799 0.628811 0.628822 0.628831 0.628838 0.628844 0.628847 0.628849 0.628849 0.628846 0.628842 0.628836 0.628828 0.628819 0.628807 0.628795 0.628781 0.628765 0.628749 0.628731 0.628713 0.628694 0.628675 0.628656 0.628637 0.628618 0.628599 0.628582 0.628564 0.628548 0.628533 0.62852 0.628508 0.628497 0.628488 0.628481 0.628476 0.628472 
0.699108 0.699092 0.699077 0.699065 0.699055 0.699047 0.699041 0.699038 0.699037 0.699038 0.699042 0.699048 0.699056 0.699067 0.69908 0.699094 0.69911 0.699128 0.699148 0.699168 0.69919 0.699213 0.699236 0.699259 0.699282 0.699306 0.699329 0.699351 0.699373 0.699393 0.699412 0.69943 0.699446 0.69946 0.699473 0.699483 0.699491 0.699497 0.6995 0.699501 0.6995 0.699496 0.69949 0.699481 0.699471 0.699458 0.699444 0.699427 0.699409 0.69939 0.699369 0.699347 0.699325 0.699302 0.699278 0.699254 0.699231 0.699208 0.699186 0.699164 0.699144 0.699125 
0.761627 0.761601 0.761576 0.761552 0.761528 0.761506 0.761485 0.761466 0.761449 0.761433 0.76142 0.76141 0.761401 0.761395 0.761392 0.761392 0.761394 0.761398 0.761405 0.761415 0.761427 0.761441 0.761457 0.761476 0.761496 0.761517 0.76154 0.761564 0.761589 0.761614 0.76164 0.761666 0.761691 0.761716 0.761741 0.761764 0.761786 0.761807 0.761826 0.761843 0.761859 0.761872 0.761882 0.761891 0.761897 0.7619 0.7619 0.761898 0.761894 0.761887 0.761877 0.761865 0.761851 0.761834 0.761816 0.761796 0.761774 0.761751 0.761727 0.761703 0.761677 0.761652 
0.815866 0.815845 0.815822 0.815798 0.815773 0.815748 0.815723 0.815698 0.815673 0.815649 0.815626 0.815604 0.815583 0.815564 0.815547 0.815531 0.815518 0.815507 0.815498 0.815492 0.815488 0.815487 0.815488 0.815492 0.815498 0.815507 0.815518 0.815531 0.815546 0.815563 0.815582 0.815603 0.815625 0.815648 0.815672 0.815696 0.815721 0.815746 0.815771 0.815796 0.81582 0.815843 0.815865 0.815885 0.815904 0.815922 0.815937 0.81595 0.815962 0.81597 0.815977 0.815981 0.815982 0.815981 0.815977 0.815971 0.815962 0.815951 0.815938 0.815922 0.815905 0.815886 
0.861708 0.861699 0.861688 0.861675 0.861661 0.861645 0.861627 0.861609 0.861589 0.861569 0.861548 0.861526 0.861505 0.861483 0.861462 0.861442 0.861422 0.861403 0.861385 0.861368 0.861353 0.86134 0.861328 0.861318 0.86131 0.861305 0.861301 0.8613 0.8613 0.861303 0.861308 0.861315 0.861324 0.861335 0.861348 0.861363 0.861379 0.861396 0.861415 0.861434 0.861454 0.861475 0.861497 0.861518 0.861539 0.86156 0.861581 0.861601 0.86162 0.861638 0.861654 0.861669 0.861683 0.861694 0.861704 0.861712 0.861718 0.861721 0.861723 0.861722 0.861719 0.861714 
0.899121 0.899126 0.899129 0.89913 0.899129 0.899127 0.899124 0.899118 0.899111 0.899103 0.899093 0.899082 0.89907 0.899056 0.899042 0.899027 0.899012 0.898996 0.898979 0.898963 0.898946 0.89893 0.898915 0.898899 0.898885 0.898871 0.898859 0.898847 0.898837 0.898828 0.89882 0.898814 0.89881 0.898807 0.898806 0.898807 0.898809 0.898813 0.898819 0.898826 0.898834 0.898844 0.898855 0.898867 0.898881 0.898895 0.89891 0.898925 0.898941 0.898957 0.898974 0.89899 0.899006 0.899022 0.899037 0.899051 0.899065 0.899078 0.899089 0.899099 0.899108 0.899116 
0.928149 0.928161 0.928173 0.928184 0.928195 0.928204 0.928213 0.92822 0.928226 0.928231 0.928235 0.928237 0.928238 0.928237 0.928235 0.928232 0.928227 0.928221 0.928214 0.928205 0.928196 0.928186 0.928174 0.928162 0.92815 0.928137 0.928123 0.92811 0.928096 0.928082 0.928069 0.928056 0.928043 0.928031 0.92802 0.928009 0.928 0.927991 0.927984 0.927978 0.927973 0.92797 0.927968 0.927967 0.927968 0.92797 0.927973 0.927978 0.927984 0.927991 0.928 0.928009 0.928019 0.928031 0.928043 0.928055 0.928068 0.928082 0.928095 0.928109 0.928122 0.928136 
0.948846 0.948861 0.948876 0.948892 0.948908 0.948925 0.948941 0.948957 0.948972 0.948987 0.949001 0.949014 0.949026 0.949037 0.949047 0.949055 0.949062 0.949067 0.949071 0.949073 0.949073 0.949072 0.949069 0.949065 0.949059 0.949051 0.949042 0.949032 0.94902 0.949008 0.948994 0.94898 0.948964 0.948949 0.948933 0.948917 0.9489 0.948884 0.948868 0.948853 0.948838 0.948824 0.948811 0.948799 0.948788 0.948779 0.94877 0.948764 0.948759 0.948755 0.948753 0.948753 0.948754 0.948757 0.948761 0.948767 0.948775 0.948784 0.948794 0.948806 0.948818 0.948832 
0.961252 0.961267 0.961282 0.9613 0.961318 0.961337 0.961357 0.961377 0.961397 0.961418 0.961438 0.961458 0.961477 0.961496 0.961513 0.961529 0.961544 0.961558 0.96157 0.96158 0.961588 0.961594 0.961599 0.961601 0.961601 0.961599 0.961595 0.961589 0.961581 0.961572 0.96156 0.961547 0.961532 0.961516 0.961499 0.96148 0.961461 0.961441 0.961421 0.961401 0.96138 0.96136 0.96134 0.961321 0.961302 0.961285 0.961269 0.961254 0.96124 0.961228 0.961218 0.96121 0.961204 0.9612 0.961198 0.961198 0.9612 0.961204 0.96121 0.961217 0.961227 0.961239 
0.965383 0.965398 0.965414 0.965432 0.965451 0.965472 0.965493 0.965515 0.965537 0.96556 0.965583 0.965605 0.965628 0.965649 0.965669 0.965689 0.965707 0.965723 0.965738 0.965752 0.965763 0.965772 0.965779 0.965783 0.965786 0.965786 0.965784 0.965779 0.965773 0.965764 0.965753 0.96574 0.965725 0.965709 0.965691 0.965672 0.965651 0.96563 0.965608 0.965585 0.965562 0.96554 0.965517 0.965495 0.965474 0.965453 0.965434 0.965416 0.965399 0.965384 0.965371 0.96536 0.965351 0.965344 0.96534 0.965337 0.965337 0.965339 0.965344 0.965351 0.96536 0.965371 
0.961246 0.961262 0.96128 0.961299 0.96132 0.961341 0.961362 0.961384 0.961407 0.961429 0.961451 0.961472 0.961493 0.961513 0.961531 0.961548 0.961564 0.961578 0.96159 0.9616 0.961608 0.961614 0.961618 0.96162 0.961619 0.961616 0.961611 0.961603 0.961594 0.961582 0.961569 0.961554 0.961537 0.961519 0.9615 0.96148 0.961459 0.961437 0.961415 0.961392 0.96137 0.961348 0.961327 0.961306 0.961286 0.961268 0.961251 0.961235 0.961221 0.961209 0.961199 0.961191 0.961185 0.961181 0.96118 0.961181 0.961184 0.961189 0.961197 0.961206 0.961217 0.961231 
0.948839 0.948858 0.948878 0.948898 0.948918 0.948939 0.948959 0.948978 0.948997 0.949015 0.949032 0.949048 0.949062 0.949075 0.949087 0.949096 0.949104 0.949109 0.949113 0.949115 0.949114 0.949112 0.949107 0.9491 0.949092 0.949082 0.94907 0.949056 0.949041 0.949025 0.949007 0.948988 0.948969 0.948949 0.948929 0.948909 0.948888 0.948868 0.948849 0.94883 0.948812 0.948795 0.948779 0.948765 0.948752 0.948741 0.948731 0.948724 0.948718 0.948715 0.948713 0.948714 0.948716 0.948721 0.948728 0.948736 0.948746 0.948758 0.948772 0.948787 0.948803 0.948821 
0.928154 0.928173 0.928191 0.928209 0.928225 0.92824 0.928254 0.928267 0.928277 0.928286 0.928293 0.928298 0.928301 0.928302 0.928301 0.928298 0.928293 0.928286 0.928277 0.928266 0.928254 0.92824 0.928224 0.928208 0.92819 0.928172 0.928153 0.928133 0.928113 0.928093 0.928073 0.928053 0.928034 0.928015 0.927998 0.927981 0.927966 0.927952 0.92794 0.92793 0.927921 0.927914 0.927909 0.927906 0.927905 0.927907 0.92791 0.927915 0.927922 0.927931 0.927942 0.927954 0.927968 0.927984 0.928 0.928018 0.928036 0.928055 0.928075 0.928095 0.928115 0.928135 
0.899158 0.89917 0.89918 0.899189 0.899195 0.899198 0.8992 0.899199 0.899196 0.89919 0.899182 0.899172 0.89916 0.899146 0.89913 0.899112 0.899093 0.899073 0.899051 0.899029 0.899006 0.898983 0.89896 0.898936 0.898913 0.898891 0.89887 0.898849 0.89883 0.898812 0.898796 0.898781 0.898769 0.898759 0.89875 0.898744 0.898741 0.898739 0.898741 0.898744 0.89875 0.898758 0.898768 0.89878 0.898795 0.898811 0.898828 0.898847 0.898868 0.898889 0.898911 0.898934 0.898957 0.898981 0.899004 0.899027 0.899049 0.89907 0.899091 0.89911 0.899128 0.899144 
0.86179 0.861788 0.861783 0.861776 0.861766 0.861753 0.861738 0.86172 0.8617 0.861679 0.861655 0.861631 0.861605 0.861578 0.86155 0.861522 0.861494 0.861466 0.861439 0.861412 0.861386 0.861362 0.861339 0.861318 0.861299 0.861283 0.861268 0.861256 0.861247 0.861241 0.861237 0.861236 0.861238 0.861243 0.86125 0.861261 0.861274 0.861289 0.861307 0.861326 0.861348 0.861371 0.861396 0.861422 0.861449 0.861477 0.861505 0.861533 0.86156 0.861588 0.861614 0.86164 0.861664 0.861687 0.861708 0.861727 0.861743 0.861758 0.861769 0.861779 0.861785 0.861789 
0.815989 0.81597 0.815948 0.815924 0.815898 0.81587 0.815841 0.815811 0.81578 0.815749 0.815717 0.815686 0.815655 0.815625 0.815596 0.815569 0.815543 0.815519 0.815498 0.815479 0.815463 0.815449 0.815439 0.815431 0.815427 0.815426 0.815428 0.815433 0.815441 0.815452 0.815466 0.815483 0.815503 0.815525 0.815549 0.815575 0.815603 0.815632 0.815662 0.815693 0.815724 0.815756 0.815787 0.815818 0.815848 0.815876 0.815904 0.815929 0.815953 0.815974 0.815993 0.816009 0.816023 0.816033 0.816041 0.816045 0.816046 0.816044 0.816039 0.816031 0.81602 0.816006 
0.761751 0.76172 0.761689 0.761657 0.761625 0.761593 0.761562 0.761531 0.761502 0.761474 0.761448 0.761425 0.761403 0.761384 0.761368 0.761354 0.761344 0.761336 0.761332 0.761332 0.761334 0.761339 0.761348 0.76136 0.761375 0.761392 0.761413 0.761435 0.76146 0.761487 0.761515 0.761545 0.761576 0.761607 0.761639 0.761671 0.761703 0.761734 0.761764 0.761794 0.761821 0.761847 0.761871 0.761892 0.761911 0.761928 0.761941 0.761951 0.761959 0.761963 0.761964 0.761961 0.761955 0.761947 0.761935 0.76192 0.761902 0.761882 0.761859 0.761834 0.761808 0.76178 
0.699174 0.699147 0.699121 0.699096 0.699074 0.699053 0.699034 0.699018 0.699005 0.698994 0.698986 0.698981 0.698979 0.69898 0.698984 0.69899 0.699 0.699013 0.699028 0.699045 0.699065 0.699087 0.699111 0.699137 0.699164 0.699192 0.699221 0.69925 0.699279 0.699309 0.699338 0.699366 0.699394 0.69942 0.699444 0.699467 0.699488 0.699506 0.699523 0.699536 0.699547 0.699555 0.69956 0.699562 0.699561 0.699557 0.69955 0.69954 0.699528 0.699512 0.699495 0.699475 0.699452 0.699428 0.699403 0.699376 0.699348 0.699319 0.699289 0.69926 0.699231 0.699202 
0.628447 0.628436 0.628428 0.628422 0.628418 0.628417 0.628418 0.628422 0.628428 0.628437 0.628448 0.628461 0.628476 0.628493 0.628512 0.628532 0.628554 0.628576 0.6286 0.628624 0.628649 0.628673 0.628698 0.628722 0.628746 0.628769 0.62879 0.62881 0.628829 0.628846 0.628861 0.628874 0.628885 0.628894 0.6289 0.628904 0.628905 0.628904 0.6289 0.628893 0.628885 0.628874 0.628861 0.628845 0.628828 0.628809 0.628789 0.628767 0.628744 0.628721 0.628696 0.628672 0.628647 0.628622 0.628598 0.628575 0.628552 0.62853 0.62851 0.628492 0.628475 0.62846 
0.549772 0.549778 0.549786 0.549796 0.549808 0.549821 0.549835 0.54985 0.549867 0.549884 0.549902 0.54992 0.549939 0.549957 0.549976 0.549995 0.550012 0.55003 0.550046 0.550062 0.550076 0.550089 0.550101 0.550111 0.550119 0.550126 0.55013 0.550133 0.550134 0.550133 0.550131 0.550126 0.550119 0.550111 0.550101 0.55009 0.550077 0.550062 0.550047 0.55003 0.550013 0.549995 0.549977 0.549958 0.549939 0.54992 0.549902 0.549884 0.549867 0.54985 0.549835 0.549821 0.549808 0.549796 0.549786 0.549778 0.549772 0.549767 0.549764 0.549763 0.549765 0.549767 
0.463356 0.463369 0.463381 0.463394 0.463407 0.46342 0.463433 0.463445 0.463457 0.463469 0.46348 0.46349 0.463499 0.463507 0.463514 0.46352 0.463525 0.463529 0.463531 0.463532 0.463532 0.46353 0.463527 0.463523 0.463517 0.463511 0.463503 0.463494 0.463484 0.463474 0.463462 0.46345 0.463438 0.463425 0.463412 0.463399 0.463386 0.463373 0.463361 0.463349 0.463337 0.463326 0.463316 0.463307 0.463299 0.463292 0.463286 0.463281 0.463278 0.463276 0.463275 0.463275 0.463277 0.46328 0.463285 0.46329 0.463297 0.463305 0.463314 0.463323 0.463334 0.463345 
0.369583 0.369589 0.369595 0.3696 0.369605 0.369609 0.369612 0.369615 0.369616 0.369617 0.369617 0.369616 0.369614 0.369612 0.369608 0.369604 0.3696 0.369594 0.369588 0.369581 0.369574 0.369566 0.369558 0.36955 0.369542 0.369533 0.369525 0.369517 0.369508 0.3695 0.369493 0.369486 0.369479 0.369473 0.369468 0.369463 0.369459 0.369456 0.369454 0.369452 0.369451 0.369451 0.369452 0.369454 0.369457 0.36946 0.369465 0.36947 0.369475 0.369481 0.369488 0.369495 0.369503 0.369511 0.369519 0.369527 0.369536 0.369544 0.369553 0.369561 0.369568 0.369576 
0.269262 0.269261 0.26926 0.269258 0.269255 0.269252 0.269249 0.269245 0.269241 0.269237 0.269232 0.269227 0.269222 0.269217 0.269211 0.269206 0.2692 0.269195 0.26919 0.269185 0.26918 0.269176 0.269172 0.269168 0.269165 0.269162 0.26916 0.269158 0.269157 0.269156 0.269156 0.269156 0.269157 0.269159 0.269161 0.269163 0.269166 0.26917 0.269174 0.269178 0.269182 0.269187 0.269192 0.269197 0.269203 0.269208 0.269214 0.269219 0.269224 0.269229 0.269234 0.269239 0.269243 0.269247 0.269251 0.269254 0.269257 0.269259 0.269261 0.269262 0.269263 0.269263 
0.163771 0.163768 0.163764 0.163761 0.163757 0.163754 0.16375 0.163747 0.163743 0.16374 0.163737 0.163734 0.163731 0.163728 0.163726 0.163724 0.163722 0.163721 0.16372 0.163719 0.163719 0.163719 0.163719 0.16372 0.163721 0.163722 0.163724 0.163726 0.163729 0.163731 0.163734 0.163737 0.16374 0.163744 0.163747 0.163751 0.163754 0.163758 0.163761 0.163765 0.163768 0.163771 0.163774 0.163777 0.16378 0.163782 0.163784 0.163786 0.163787 0.163788 0.163789 0.163789 0.163789 0.163789 0.163788 0.163787 0.163785 0.163784 0.163782 0.163779 0.163776 0.163774 
0.0549697 0.0549683 0.0549669 0.0549655 0.0549641 0.0549628 0.0549616 0.0549605 0.0549594 0.0549585 0.0549577 0.054957 0.0549564 0.054956 0.0549557 0.0549556 0.0549556 0.0549558 0.0549561 0.0549566 0.0549572 0.054958 0.0549588 0.0549598 0.0549609 0.0549621 0.0549633 0.0549647 0.0549661 0.0549675 0.0549689 0.0549704 0.0549719 0.0549733 0.0549747 0.0549761 0.0549774 0.0549786 0.0549798 0.0549808 0.0549817 0.0549825 0.0549832 0.0549838 0.0549842 0.0549844 0.0549845 0.0549845 0.0549843 0.054984 0.0549835 0.0549829 0.0549822 0.0549813 0.0549803 0.0549792 0.054978 0.0549767 0.0549754 0.054974 0.0549726 0.0549711 
