0.0537992 0.0537991 0.0537991 0.053799 0.0537988 0.0537987 0.0537984 0.0537982 0.0537979 0.0537976 0.0537973 0.053797 0.0537966 0.0537962 0.0537958 0.0537954 0.053795 0.0537946 0.0537942 0.0537938 0.0537934 0.053793 0.0537927 0.0537924 0.0537921 0.0537918 0.0537916 0.0537914 0.0537912 0.0537911 0.0537911 0.053791 0.053791 0.0537911 0.0537912 0.0537913 0.0537915 0.0537917 0.053792 0.0537922 0.0537925 0.0537929 0.0537932 0.0537936 0.053794 0.0537944 0.0537948 0.0537952 0.0537956 0.053796 0.0537964 0.0537968 0.0537972 0.0537975 0.0537978 0.0537981 0.0537984 0.0537986 0.0537988 0.0537989 0.053799 0.0537991 
0.160368 0.160369 0.160369 0.160369 0.160369 0.160369 0.160369 0.160369 0.160368 0.160367 0.160367 0.160366 0.160365 0.160364 0.160363 0.160362 0.16036 0.160359 0.160358 0.160356 0.160355 0.160354 0.160352 0.160351 0.16035 0.160349 0.160347 0.160346 0.160346 0.160345 0.160344 0.160343 0.160343 0.160343 0.160343 0.160343 0.160343 0.160343 0.160343 0.160344 0.160344 0.160345 0.160346 0.160347 0.160348 0.160349 0.16035 0.160352 0.160353 0.160354 0.160356 0.160357 0.160358 0.16036 0.160361 0.160362 0.160363 0.160364 0.160365 0.160366 0.160367 0.160368 
0.263935 0.263937 0.263939 0.263941 0.263943 0.263944 0.263945 0.263947 0.263947 0.263948 0.263949 0.263949 0.263949 0.263949 0.263949 0.263948 0.263947 0.263946 0.263945 0.263944 0.263943 0.263941 0.263939 0.263937 0.263935 0.263933 0.263931 0.263929 0.263927 0.263925 0.263922 0.26392 0.263918 0.263916 0.263915 0.263913 0.263912 0.26391 0.263909 0.263908 0.263907 0.263907 0.263907 0.263906 0.263907 0.263907 0.263907 0.263908 0.263909 0.26391 0.263912 0.263913 0.263915 0.263917 0.263919 0.263921 0.263923 0.263925 0.263927 0.263929 0.263931 0.263933 
0.362801 0.362804 0.362806 0.362809 0.362811 0.362814 0.362817 0.36282 0.362823 0.362825 0.362828 0.362831 0.362833 0.362836 0.362838 0.36284 0.362842 0.362844 0.362845 0.362846 0.362847 0.362848 0.362848 0.362848 0.362848 0.362847 0.362846 0.362845 0.362843 0.362842 0.36284 0.362838 0.362836 0.362833 0.36283 0.362828 0.362825 0.362822 0.362819 0.362816 0.362813 0.362811 0.362808 0.362805 0.362803 0.362801 0.362799 0.362797 0.362795 0.362794 0.362793 0.362792 0.362791 0.362791 0.362791 0.362791 0.362792 0.362793 0.362794 0.362796 0.362797 0.362799 
0.455672 0.455671 0.455671 0.45567 0.45567 0.45567 0.455671 0.455672 0.455673 0.455675 0.455677 0.455679 0.455682 0.455684 0.455687 0.45569 0.455694 0.455697 0.455701 0.455704 0.455708 0.455712 0.455715 0.455718 0.455722 0.455725 0.455728 0.45573 0.455733 0.455735 0.455737 0.455738 0.45574 0.45574 0.455741 0.455741 0.455741 0.45574 0.455739 0.455738 0.455736 0.455734 0.455732 0.455729 0.455726 0.455723 0.45572 0.455717 0.455713 0.45571 0.455706 0.455702 0.455699 0.455695 0.455692 0.455689 0.455686 0.455683 0.45568 0.455678 0.455676 0.455674 
0.541646 0.541641 0.541636 0.541631 0.541626 0.541621 0.541616 0.541611 0.541607 0.541603 0.5416 0.541596 0.541594 0.541591 0.54159 0.541588 0.541588 0.541588 0.541588 0.541589 0.54159 0.541592 0.541595 0.541597 0.541601 0.541604 0.541609 0.541613 0.541618 0.541623 0.541628 0.541633 0.541638 0.541643 0.541649 0.541654 0.541659 0.541664 0.541668 0.541672 0.541676 0.54168 0.541683 0.541686 0.541688 0.54169 0.541691 0.541691 0.541692 0.541691 0.54169 0.541689 0.541687 0.541684 0.541681 0.541678 0.541674 0.54167 0.541666 0.541661 0.541656 0.541651 
0.620086 0.620083 0.620079 0.620074 0.620069 0.620062 0.620056 0.620049 0.620041 0.620033 0.620025 0.620016 0.620008 0.619999 0.619991 0.619982 0.619974 0.619967 0.619959 0.619952 0.619946 0.61994 0.619935 0.619931 0.619927 0.619924 0.619922 0.619921 0.619921 0.619922 0.619923 0.619926 0.619929 0.619933 0.619938 0.619943 0.619949 0.619956 0.619963 0.619971 0.619979 0.619987 0.619996 0.620004 0.620013 0.620021 0.62003 0.620038 0.620045 0.620053 0.62006 0.620066 0.620072 0.620077 0.620081 0.620084 0.620087 0.620089 0.62009 0.62009 0.620089 0.620088 
0.690541 0.690547 0.690552 0.690556 0.690559 0.69056 0.69056 0.690559 0.690556 0.690553 0.690548 0.690541 0.690534 0.690526 0.690517 0.690507 0.690496 0.690485 0.690473 0.690461 0.690448 0.690436 0.690423 0.690411 0.690398 0.690387 0.690375 0.690365 0.690355 0.690345 0.690337 0.69033 0.690324 0.690319 0.690315 0.690313 0.690312 0.690312 0.690313 0.690316 0.690319 0.690324 0.690331 0.690338 0.690346 0.690355 0.690365 0.690376 0.690387 0.690399 0.690411 0.690424 0.690436 0.690449 0.690461 0.690474 0.690485 0.690497 0.690507 0.690517 0.690526 0.690534 
0.752768 0.752783 0.752797 0.752811 0.752824 0.752836 0.752847 0.752857 0.752865 0.752872 0.752877 0.752881 0.752884 0.752884 0.752883 0.752881 0.752877 0.752871 0.752864 0.752856 0.752846 0.752835 0.752823 0.75281 0.752796 0.752781 0.752766 0.75275 0.752734 0.752718 0.752702 0.752687 0.752672 0.752657 0.752643 0.75263 0.752618 0.752608 0.752598 0.75259 0.752583 0.752578 0.752574 0.752572 0.752571 0.752572 0.752575 0.752579 0.752584 0.752592 0.7526 0.75261 0.752621 0.752633 0.752646 0.75266 0.752675 0.75269 0.752706 0.752721 0.752737 0.752753 
0.806711 0.806727 0.806743 0.80676 0.806777 0.806794 0.806811 0.806828 0.806844 0.806859 0.806874 0.806887 0.8069 0.806911 0.806921 0.806929 0.806936 0.806941 0.806945 0.806947 0.806947 0.806945 0.806942 0.806937 0.80693 0.806922 0.806912 0.806901 0.806889 0.806875 0.806861 0.806845 0.806829 0.806813 0.806796 0.806779 0.806762 0.806745 0.806728 0.806712 0.806697 0.806682 0.806669 0.806656 0.806645 0.806635 0.806627 0.80662 0.806615 0.806612 0.80661 0.80661 0.806612 0.806615 0.806621 0.806627 0.806636 0.806645 0.806656 0.806669 0.806682 0.806696 
0.852408 0.852416 0.852426 0.852436 0.852448 0.852461 0.852475 0.852489 0.852504 0.852519 0.852535 0.85255 0.852566 0.852581 0.852595 0.85261 0.852623 0.852635 0.852647 0.852658 0.852667 0.852675 0.852681 0.852686 0.85269 0.852692 0.852693 0.852692 0.852689 0.852685 0.852679 0.852672 0.852664 0.852654 0.852643 0.852631 0.852618 0.852604 0.85259 0.852575 0.85256 0.852544 0.852529 0.852513 0.852498 0.852483 0.852469 0.852456 0.852443 0.852432 0.852422 0.852412 0.852404 0.852398 0.852393 0.852389 0.852387 0.852387 0.852388 0.852391 0.852395 0.852401 
0.889877 0.889875 0.889875 0.889876 0.889878 0.889881 0.889886 0.889891 0.889897 0.889905 0.889913 0.889922 0.889932 0.889943 0.889953 0.889965 0.889976 0.889988 0.89 0.890011 0.890023 0.890034 0.890045 0.890055 0.890064 0.890073 0.890081 0.890088 0.890094 0.890099 0.890102 0.890105 0.890107 0.890107 0.890106 0.890104 0.890101 0.890096 0.890091 0.890084 0.890077 0.890068 0.890059 0.890049 0.890039 0.890028 0.890017 0.890005 0.889993 0.889982 0.88997 0.889958 0.889947 0.889937 0.889927 0.889917 0.889908 0.889901 0.889894 0.889888 0.889883 0.889879 
0.919088 0.91908 0.919073 0.919066 0.919059 0.919053 0.919048 0.919044 0.91904 0.919038 0.919036 0.919035 0.919035 0.919036 0.919037 0.91904 0.919044 0.919048 0.919053 0.919059 0.919065 0.919072 0.91908 0.919088 0.919096 0.919105 0.919114 0.919123 0.919132 0.91914 0.919149 0.919157 0.919166 0.919173 0.91918 0.919187 0.919193 0.919198 0.919202 0.919206 0.919209 0.91921 0.919211 0.919211 0.91921 0.919209 0.919206 0.919202 0.919198 0.919193 0.919187 0.919181 0.919174 0.919166 0.919158 0.91915 0.919141 0.919132 0.919123 0.919114 0.919105 0.919097 
0.939992 0.939982 0.939971 0.93996 0.939949 0.939938 0.939927 0.939915 0.939904 0.939894 0.939883 0.939873 0.939864 0.939855 0.939848 0.939841 0.939835 0.93983 0.939826 0.939823 0.939821 0.939821 0.939822 0.939823 0.939826 0.93983 0.939835 0.939841 0.939848 0.939856 0.939865 0.939874 0.939884 0.939895 0.939905 0.939917 0.939928 0.939939 0.93995 0.939962 0.939972 0.939983 0.939993 0.940002 0.940011 0.940018 0.940025 0.940031 0.940036 0.94004 0.940043 0.940044 0.940045 0.940044 0.940042 0.940039 0.940035 0.94003 0.940024 0.940017 0.940009 0.940001 
0.952547 0.952538 0.952527 0.952516 0.952503 0.952489 0.952475 0.95246 0.952445 0.952429 0.952414 0.952398 0.952383 0.952368 0.952353 0.952339 0.952326 0.952314 0.952303 0.952293 0.952285 0.952278 0.952272 0.952268 0.952265 0.952264 0.952265 0.952267 0.952271 0.952276 0.952283 0.952291 0.952301 0.952311 0.952323 0.952336 0.952349 0.952364 0.952378 0.952394 0.952409 0.952425 0.952441 0.952456 0.952471 0.952486 0.952499 0.952512 0.952524 0.952535 0.952545 0.952553 0.95256 0.952566 0.95257 0.952573 0.952574 0.952573 0.952571 0.952567 0.952562 0.952555 
0.956738 0.956729 0.956718 0.956705 0.956692 0.956677 0.956661 0.956644 0.956627 0.956609 0.956591 0.956573 0.956555 0.956537 0.95652 0.956503 0.956487 0.956472 0.956459 0.956446 0.956435 0.956425 0.956417 0.956411 0.956406 0.956404 0.956403 0.956403 0.956406 0.956411 0.956417 0.956425 0.956435 0.956446 0.956458 0.956472 0.956487 0.956503 0.956519 0.956536 0.956554 0.956572 0.95659 0.956608 0.956626 0.956643 0.95666 0.956676 0.956691 0.956705 0.956717 0.956728 0.956738 0.956746 0.956752 0.956757 0.956759 0.95676 0.956759 0.956757 0.956752 0.956746 
0.952557 0.952546 0.952533 0.952519 0.952504 0.952487 0.952471 0.952453 0.952436 0.952418 0.9524 0.952382 0.952365 0.952349 0.952333 0.952318 0.952304 0.952291 0.952279 0.952269 0.952261 0.952254 0.952249 0.952245 0.952244 0.952244 0.952246 0.95225 0.952255 0.952263 0.952272 0.952282 0.952294 0.952307 0.952321 0.952336 0.952352 0.952369 0.952386 0.952404 0.952422 0.95244 0.952457 0.952474 0.952491 0.952507 0.952522 0.952536 0.952549 0.95256 0.95257 0.952578 0.952585 0.95259 0.952594 0.952595 0.952595 0.952593 0.952589 0.952584 0.952577 0.952568 
0.940004 0.939989 0.939974 0.939958 0.939942 0.939926 0.93991 0.939894 0.939878 0.939864 0.939849 0.939836 0.939824 0.939813 0.939803 0.939794 0.939787 0.939782 0.939778 0.939775 0.939774 0.939775 0.939778 0.939782 0.939787 0.939795 0.939803 0.939813 0.939824 0.939836 0.93985 0.939864 0.939879 0.939894 0.93991 0.939926 0.939942 0.939958 0.939974 0.93999 0.940004 0.940018 0.940032 0.940044 0.940055 0.940065 0.940073 0.94008 0.940086 0.94009 0.940092 0.940093 0.940092 0.94009 0.940086 0.94008 0.940073 0.940064 0.940054 0.940043 0.940031 0.940018 
0.919086 0.919071 0.919056 0.919042 0.919029 0.919016 0.919005 0.918995 0.918986 0.918979 0.918973 0.918969 0.918967 0.918966 0.918966 0.918968 0.918972 0.918978 0.918985 0.918993 0.919003 0.919014 0.919026 0.919039 0.919053 0.919067 0.919083 0.919098 0.919114 0.919131 0.919147 0.919162 0.919178 0.919193 0.919207 0.91922 0.919232 0.919244 0.919254 0.919262 0.919269 0.919275 0.919279 0.919282 0.919283 0.919282 0.91928 0.919276 0.919271 0.919264 0.919255 0.919246 0.919235 0.919223 0.919209 0.919195 0.919181 0.919165 0.91915 0.919134 0.919118 0.919102 
0.88984 0.88983 0.889822 0.889815 0.889811 0.889808 0.889807 0.889808 0.889811 0.889816 0.889823 0.889831 0.889841 0.889852 0.889865 0.88988 0.889895 0.889912 0.889929 0.889947 0.889965 0.889984 0.890003 0.890021 0.89004 0.890058 0.890075 0.890091 0.890106 0.890121 0.890134 0.890145 0.890155 0.890163 0.890169 0.890174 0.890177 0.890178 0.890176 0.890173 0.890169 0.890162 0.890154 0.890144 0.890132 0.890119 0.890105 0.890089 0.890073 0.890055 0.890037 0.890019 0.89 0.889981 0.889963 0.889944 0.889927 0.889909 0.889893 0.889878 0.889864 0.889851 
0.852326 0.852328 0.852333 0.852339 0.852348 0.852358 0.852371 0.852385 0.852401 0.852418 0.852436 0.852456 0.852476 0.852498 0.852519 0.852541 0.852563 0.852584 0.852606 0.852626 0.852646 0.852664 0.852682 0.852697 0.852712 0.852724 0.852735 0.852743 0.85275 0.852754 0.852757 0.852757 0.852754 0.85275 0.852744 0.852735 0.852724 0.852712 0.852698 0.852682 0.852664 0.852646 0.852626 0.852606 0.852585 0.852563 0.852541 0.852519 0.852498 0.852476 0.852456 0.852436 0.852418 0.852401 0.852385 0.852371 0.852358 0.852348 0.852339 0.852332 0.852328 0.852326 
0.806603 0.806619 0.806636 0.806654 0.806674 0.806695 0.806717 0.806739 0.806762 0.806785 0.806808 0.80683 0.806853 0.806874 0.806894 0.806914 0.806932 0.806948 0.806963 0.806975 0.806986 0.806995 0.807001 0.807005 0.807007 0.807006 0.807004 0.806998 0.806991 0.806981 0.80697 0.806956 0.806941 0.806924 0.806905 0.806885 0.806864 0.806842 0.80682 0.806797 0.806774 0.806751 0.806728 0.806706 0.806685 0.806664 0.806645 0.806627 0.806611 0.806597 0.806584 0.806573 0.806565 0.806559 0.806555 0.806553 0.806554 0.806556 0.806562 0.806569 0.806579 0.80659 
0.752682 0.752703 0.752724 0.752746 0.752767 0.752788 0.752808 0.752828 0.752846 0.752864 0.75288 0.752894 0.752907 0.752917 0.752926 0.752933 0.752938 0.752941 0.752941 0.752939 0.752936 0.75293 0.752921 0.752911 0.752899 0.752886 0.75287 0.752854 0.752836 0.752816 0.752796 0.752776 0.752754 0.752733 0.752711 0.75269 0.752669 0.752649 0.752629 0.752611 0.752594 0.752578 0.752563 0.752551 0.75254 0.752531 0.752525 0.75252 0.752517 0.752517 0.752519 0.752523 0.752529 0.752537 0.752547 0.752559 0.752573 0.752588 0.752605 0.752623 0.752642 0.752662 
0.690522 0.690537 0.690551 0.690564 0.690576 0.690586 0.690594 0.690601 0.690607 0.69061 0.690612 0.690612 0.69061 0.690606 0.690601 0.690594 0.690585 0.690575 0.690564 0.690551 0.690537 0.690522 0.690506 0.690489 0.690472 0.690454 0.690436 0.690419 0.690401 0.690384 0.690367 0.690351 0.690336 0.690322 0.69031 0.690298 0.690288 0.690279 0.690273 0.690267 0.690264 0.690262 0.690262 0.690264 0.690268 0.690274 0.690281 0.690289 0.6903 0.690311 0.690324 0.690338 0.690353 0.690369 0.690386 0.690403 0.690421 0.690438 0.690456 0.690474 0.690491 0.690507 
0.620131 0.620133 0.620134 0.620134 0.620132 0.62013 0.620125 0.62012 0.620114 0.620106 0.620097 0.620088 0.620077 0.620066 0.620054 0.620042 0.62003 0.620017 0.620004 0.619991 0.619978 0.619966 0.619954 0.619942 0.619931 0.619921 0.619912 0.619904 0.619897 0.619891 0.619886 0.619882 0.61988 0.619879 0.61988 0.619881 0.619884 0.619888 0.619894 0.6199 0.619908 0.619917 0.619926 0.619937 0.619948 0.61996 0.619972 0.619985 0.619997 0.62001 0.620023 0.620036 0.620048 0.62006 0.620072 0.620083 0.620093 0.620102 0.62011 0.620117 0.620123 0.620128 
0.541702 0.541696 0.54169 0.541682 0.541675 0.541667 0.541659 0.54165 0.541642 0.541634 0.541625 0.541617 0.541609 0.541601 0.541594 0.541587 0.541581 0.541575 0.54157 0.541566 0.541562 0.54156 0.541558 0.541557 0.541557 0.541557 0.541559 0.541561 0.541564 0.541568 0.541573 0.541579 0.541585 0.541591 0.541599 0.541606 0.541614 0.541622 0.541631 0.541639 0.541648 0.541656 0.541664 0.541672 0.54168 0.541687 0.541694 0.5417 0.541706 0.541711 0.541715 0.541718 0.541721 0.541723 0.541724 0.541724 0.541723 0.541722 0.541719 0.541716 0.541712 0.541707 
0.45569 0.455685 0.45568 0.455675 0.455671 0.455667 0.455664 0.455661 0.455658 0.455656 0.455654 0.455653 0.455653 0.455653 0.455653 0.455655 0.455656 0.455658 0.455661 0.455664 0.455668 0.455671 0.455676 0.45568 0.455685 0.45569 0.455695 0.455701 0.455706 0.455712 0.455717 0.455722 0.455727 0.455732 0.455737 0.455741 0.455745 0.455748 0.455751 0.455754 0.455756 0.455758 0.455759 0.455759 0.455759 0.455759 0.455757 0.455756 0.455754 0.455751 0.455748 0.455744 0.45574 0.455736 0.455731 0.455726 0.455721 0.455716 0.455711 0.455705 0.4557 0.455695 
0.362784 0.362784 0.362784 0.362785 0.362786 0.362788 0.36279 0.362792 0.362794 0.362797 0.3628 0.362803 0.362806 0.36281 0.362813 0.362817 0.36282 0.362824 0.362828 0.362831 0.362835 0.362838 0.362841 0.362844 0.362847 0.362849 0.362851 0.362853 0.362854 0.362855 0.362856 0.362856 0.362856 0.362856 0.362855 0.362854 0.362852 0.36285 0.362848 0.362846 0.362843 0.36284 0.362837 0.362834 0.36283 0.362826 0.362823 0.362819 0.362815 0.362812 0.362808 0.362805 0.362802 0.362798 0.362796 0.362793 0.362791 0.362789 0.362787 0.362785 0.362784 0.362784 
0.263917 0.263919 0.263922 0.263924 0.263927 0.26393 0.263932 0.263935 0.263937 0.26394 0.263942 0.263944 0.263946 0.263948 0.26395 0.263951 0.263952 0.263953 0.263954 0.263954 0.263954 0.263954 0.263954 0.263953 0.263952 0.263951 0.26395 0.263948 0.263946 0.263944 0.263942 0.26394 0.263937 0.263935 0.263932 0.263929 0.263927 0.263924 0.263921 0.263919 0.263916 0.263914 0.263912 0.26391 0.263908 0.263906 0.263905 0.263904 0.263903 0.263902 0.263902 0.263902 0.263902 0.263902 0.263903 0.263904 0.263905 0.263906 0.263908 0.26391 0.263912 0.263914 
0.160364 0.160365 0.160367 0.160368 0.16037 0.160371 0.160372 0.160373 0.160373 0.160374 0.160374 0.160374 0.160374 0.160374 0.160373 0.160373 0.160372 0.160371 0.16037 0.160369 0.160367 0.160366 0.160364 0.160363 0.160361 0.160359 0.160357 0.160355 0.160354 0.160352 0.16035 0.160348 0.160347 0.160345 0.160344 0.160343 0.160341 0.16034 0.16034 0.160339 0.160338 0.160338 0.160338 0.160338 0.160338 0.160339 0.160339 0.16034 0.160341 0.160342 0.160343 0.160345 0.160346 0.160348 0.16035 0.160351 0.160353 0.160355 0.160357 0.160359 0.16036 0.160362 
0.0538002 0.0538006 0.053801 0.0538013 0.0538015 0.0538017 0.0538018 0.0538018 0.0538018 0.0538017 0.0538016 0.0538013 0.0538011 0.0538007 0.0538003 0.0537999 0.0537994 0.0537988 0.0537982 0.0537976 0.053797 0.0537963 0.0537956 0.0537949 0.0537943 0.0537936 0.0537929 0.0537923 0.0537917 0.0537911 0.0537906 0.0537901 0.0537897 0.0537893 0.053789 0.0537888 0.0537886 0.0537885 0.0537884 0.0537884 0.0537885 0.0537887 0.0537889 0.0537892 0.0537895 0.0537899 0.0537904 0.0537909 0.0537915 0.0537921 0.0537927 0.0537933 0.053794 0.0537947 0.0537953 0.053796 0.0537967 0.0537974 0.053798 0.0537986 0.0537992 0.0537997 
