0.0531956 0.0531957 0.0531958 0.0531959 0.053196 0.053196 0.0531961 0.0531961 0.0531962 0.0531962 0.0531962 0.0531962 0.0531962 0.0531961 0.0531961 0.0531961 0.053196 0.0531959 0.0531959 0.0531958 0.0531957 0.0531956 0.0531955 0.0531953 0.0531952 0.0531951 0.053195 0.0531949 0.0531947 0.0531946 0.0531945 0.0531944 0.0531943 0.0531942 0.0531941 0.053194 0.0531939 0.0531939 0.0531938 0.0531938 0.0531938 0.0531938 0.0531938 0.0531938 0.0531938 0.0531938 0.0531939 0.053194 0.053194 0.0531941 0.0531942 0.0531943 0.0531944 0.0531945 0.0531946 0.0531948 0.0531949 0.053195 0.0531951 0.0531953 0.0531954 0.0531955 
0.15861 0.158611 0.158611 0.158612 0.158613 0.158613 0.158614 0.158614 0.158615 0.158615 0.158616 0.158616 0.158616 0.158616 0.158617 0.158617 0.158617 0.158617 0.158617 0.158616 0.158616 0.158616 0.158615 0.158615 0.158615 0.158614 0.158614 0.158613 0.158612 0.158612 0.158611 0.15861 0.15861 0.158609 0.158609 0.158608 0.158607 0.158607 0.158606 0.158606 0.158605 0.158605 0.158605 0.158604 0.158604 0.158604 0.158604 0.158604 0.158604 0.158604 0.158604 0.158604 0.158605 0.158605 0.158606 0.158606 0.158606 0.158607 0.158608 0.158608 0.158609 0.158609 
0.261176 0.261177 0.261178 0.261179 0.26118 0.261181 0.261182 0.261184 0.261185 0.261186 0.261187 0.261188 0.26119 0.261191 0.261192 0.261193 0.261194 0.261194 0.261195 0.261196 0.261196 0.261197 0.261197 0.261198 0.261198 0.261198 0.261197 0.261197 0.261197 0.261196 0.261196 0.261195 0.261194 0.261193 0.261192 0.261191 0.26119 0.261189 0.261188 0.261186 0.261185 0.261184 0.261183 0.261182 0.26118 0.261179 0.261178 0.261177 0.261177 0.261176 0.261175 0.261175 0.261174 0.261174 0.261174 0.261174 0.261174 0.261174 0.261174 0.261174 0.261175 0.261176 
0.35927 0.35927 0.359269 0.359269 0.359269 0.35927 0.35927 0.359271 0.359271 0.359272 0.359273 0.359275 0.359276 0.359277 0.359279 0.35928 0.359282 0.359283 0.359285 0.359287 0.359288 0.35929 0.359292 0.359293 0.359295 0.359296 0.359297 0.359298 0.359299 0.3593 0.359301 0.359302 0.359302 0.359302 0.359303 0.359302 0.359302 0.359302 0.359301 0.3593 0.3593 0.359299 0.359297 0.359296 0.359295 0.359293 0.359292 0.35929 0.359288 0.359287 0.359285 0.359283 0.359282 0.35928 0.359279 0.359277 0.359276 0.359274 0.359273 0.359272 0.359271 0.359271 
0.451597 0.451595 0.451593 0.451591 0.45159 0.451588 0.451587 0.451585 0.451584 0.451583 0.451582 0.451581 0.45158 0.45158 0.45158 0.451579 0.451579 0.45158 0.45158 0.451581 0.451581 0.451582 0.451583 0.451584 0.451586 0.451587 0.451589 0.45159 0.451592 0.451594 0.451595 0.451597 0.451599 0.451601 0.451603 0.451604 0.451606 0.451607 0.451609 0.45161 0.451611 0.451612 0.451613 0.451614 0.451614 0.451614 0.451615 0.451615 0.451614 0.451614 0.451613 0.451613 0.451612 0.451611 0.451609 0.451608 0.451607 0.451605 0.451603 0.451602 0.4516 0.451598 
0.537172 0.537172 0.537172 0.537171 0.537171 0.53717 0.537169 0.537167 0.537166 0.537164 0.537162 0.53716 0.537158 0.537156 0.537154 0.537151 0.537149 0.537146 0.537144 0.537142 0.537139 0.537137 0.537135 0.537133 0.537131 0.53713 0.537128 0.537127 0.537126 0.537125 0.537125 0.537124 0.537124 0.537125 0.537125 0.537126 0.537127 0.537128 0.537129 0.537131 0.537132 0.537134 0.537136 0.537138 0.537141 0.537143 0.537145 0.537148 0.53715 0.537153 0.537155 0.537157 0.537159 0.537161 0.537163 0.537165 0.537167 0.537168 0.537169 0.53717 0.537171 0.537171 
0.61529 0.615294 0.615299 0.615303 0.615307 0.615311 0.615315 0.615318 0.615321 0.615323 0.615325 0.615327 0.615328 0.615328 0.615328 0.615328 0.615327 0.615325 0.615323 0.615321 0.615318 0.615315 0.615311 0.615307 0.615303 0.615299 0.615294 0.615289 0.615284 0.615279 0.615274 0.615269 0.615265 0.61526 0.615256 0.615251 0.615248 0.615244 0.615241 0.615238 0.615236 0.615234 0.615232 0.615231 0.615231 0.615231 0.615232 0.615233 0.615234 0.615236 0.615239 0.615241 0.615245 0.615248 0.615252 0.615256 0.615261 0.615266 0.61527 0.615275 0.61528 0.615285 
0.685523 0.68553 0.685537 0.685544 0.685552 0.685561 0.685569 0.685578 0.685586 0.685594 0.685603 0.68561 0.685618 0.685625 0.685632 0.685638 0.685643 0.685648 0.685652 0.685655 0.685658 0.68566 0.68566 0.68566 0.685659 0.685658 0.685655 0.685651 0.685647 0.685642 0.685637 0.685631 0.685624 0.685616 0.685609 0.685601 0.685593 0.685584 0.685576 0.685567 0.685559 0.685551 0.685543 0.685535 0.685528 0.685521 0.685515 0.68551 0.685505 0.685501 0.685498 0.685495 0.685494 0.685493 0.685493 0.685494 0.685496 0.685499 0.685502 0.685506 0.685511 0.685517 
0.747684 0.747686 0.747689 0.747694 0.747699 0.747705 0.747713 0.747721 0.74773 0.74774 0.74775 0.747761 0.747772 0.747784 0.747795 0.747807 0.747819 0.74783 0.747841 0.747852 0.747862 0.747872 0.74788 0.747888 0.747895 0.747901 0.747906 0.74791 0.747912 0.747914 0.747914 0.747913 0.747911 0.747908 0.747904 0.747898 0.747892 0.747885 0.747876 0.747867 0.747857 0.747847 0.747836 0.747825 0.747813 0.747802 0.74779 0.747778 0.747767 0.747756 0.747745 0.747735 0.747726 0.747717 0.747709 0.747702 0.747696 0.747691 0.747688 0.747685 0.747684 0.747683 
0.801702 0.801696 0.801691 0.801687 0.801685 0.801684 0.801684 0.801686 0.801689 0.801693 0.801698 0.801705 0.801713 0.801722 0.801732 0.801742 0.801754 0.801766 0.801778 0.801791 0.801805 0.801818 0.801831 0.801844 0.801857 0.80187 0.801882 0.801893 0.801903 0.801913 0.801921 0.801929 0.801935 0.80194 0.801944 0.801946 0.801947 0.801947 0.801945 0.801942 0.801938 0.801933 0.801926 0.801918 0.801909 0.801899 0.801888 0.801877 0.801865 0.801852 0.801839 0.801826 0.801813 0.801799 0.801786 0.801773 0.801761 0.801749 0.801738 0.801727 0.801718 0.80171 
0.847512 0.847501 0.847491 0.847481 0.847472 0.847464 0.847456 0.84745 0.847445 0.847442 0.847439 0.847438 0.847438 0.847439 0.847442 0.847446 0.847451 0.847457 0.847464 0.847472 0.847481 0.847491 0.847502 0.847513 0.847525 0.847537 0.84755 0.847562 0.847575 0.847587 0.847599 0.847611 0.847622 0.847633 0.847643 0.847652 0.84766 0.847667 0.847673 0.847678 0.847681 0.847684 0.847685 0.847685 0.847684 0.847681 0.847677 0.847672 0.847666 0.847659 0.847651 0.847641 0.847631 0.847621 0.847609 0.847598 0.847585 0.847573 0.847561 0.847548 0.847536 0.847524 
0.885032 0.885022 0.885013 0.885004 0.884994 0.884985 0.884976 0.884967 0.884958 0.88495 0.884943 0.884936 0.88493 0.884925 0.884921 0.884917 0.884915 0.884913 0.884912 0.884913 0.884914 0.884916 0.884919 0.884923 0.884928 0.884934 0.88494 0.884947 0.884955 0.884963 0.884972 0.884981 0.88499 0.884999 0.885009 0.885018 0.885028 0.885037 0.885046 0.885054 0.885062 0.885069 0.885076 0.885082 0.885087 0.885091 0.885095 0.885097 0.885099 0.8851 0.885099 0.885098 0.885096 0.885093 0.885089 0.885084 0.885078 0.885072 0.885065 0.885057 0.885049 0.88504 
0.9142 0.914198 0.914196 0.914192 0.914188 0.914184 0.914179 0.914174 0.914168 0.914162 0.914155 0.914149 0.914142 0.914135 0.914128 0.914122 0.914115 0.914109 0.914103 0.914097 0.914092 0.914087 0.914082 0.914078 0.914075 0.914073 0.914071 0.914069 0.914069 0.914069 0.914069 0.914071 0.914073 0.914076 0.914079 0.914083 0.914087 0.914092 0.914098 0.914103 0.914109 0.914116 0.914122 0.914129 0.914136 0.914143 0.914149 0.914156 0.914162 0.914168 0.914174 0.914179 0.914184 0.914189 0.914193 0.914196 0.914199 0.914201 0.914202 0.914202 0.914202 0.914202 
0.935007 0.935013 0.935019 0.935023 0.935027 0.93503 0.935032 0.935034 0.935034 0.935033 0.935032 0.93503 0.935026 0.935022 0.935017 0.935012 0.935005 0.934998 0.934991 0.934983 0.934974 0.934966 0.934957 0.934948 0.934939 0.93493 0.934921 0.934912 0.934904 0.934896 0.934888 0.934882 0.934875 0.93487 0.934865 0.934861 0.934858 0.934856 0.934855 0.934855 0.934855 0.934857 0.934859 0.934862 0.934866 0.934871 0.934877 0.934883 0.93489 0.934898 0.934906 0.934914 0.934923 0.934932 0.934941 0.93495 0.934959 0.934968 0.934977 0.934985 0.934993 0.935 
0.947475 0.947487 0.947499 0.94751 0.94752 0.947529 0.947537 0.947545 0.947551 0.947555 0.947559 0.947561 0.947562 0.947561 0.947559 0.947556 0.947552 0.947546 0.947539 0.947531 0.947522 0.947512 0.947501 0.947489 0.947477 0.947464 0.947451 0.947438 0.947425 0.947411 0.947398 0.947386 0.947373 0.947361 0.94735 0.94734 0.947331 0.947323 0.947316 0.94731 0.947305 0.947301 0.947299 0.947298 0.947299 0.947301 0.947304 0.947309 0.947315 0.947322 0.94733 0.947339 0.947349 0.94736 0.947372 0.947384 0.947396 0.947409 0.947423 0.947436 0.947449 0.947462 
0.951633 0.951648 0.951662 0.951676 0.951689 0.951701 0.951711 0.951721 0.951729 0.951736 0.951741 0.951745 0.951747 0.951748 0.951747 0.951744 0.95174 0.951735 0.951728 0.951719 0.951709 0.951698 0.951686 0.951673 0.951659 0.951645 0.951629 0.951614 0.951598 0.951582 0.951567 0.951551 0.951536 0.951522 0.951508 0.951495 0.951483 0.951473 0.951463 0.951455 0.951448 0.951443 0.951439 0.951437 0.951437 0.951438 0.95144 0.951445 0.95145 0.951458 0.951466 0.951476 0.951487 0.951499 0.951512 0.951526 0.951541 0.951556 0.951571 0.951587 0.951603 0.951618 
0.947497 0.94751 0.947523 0.947535 0.947546 0.947556 0.947564 0.947571 0.947577 0.947581 0.947583 0.947584 0.947584 0.947582 0.947578 0.947573 0.947566 0.947558 0.947548 0.947538 0.947526 0.947513 0.9475 0.947486 0.947471 0.947456 0.94744 0.947424 0.947409 0.947394 0.947379 0.947364 0.947351 0.947338 0.947326 0.947315 0.947305 0.947297 0.94729 0.947284 0.94728 0.947278 0.947277 0.947278 0.94728 0.947284 0.947289 0.947296 0.947304 0.947313 0.947324 0.947336 0.947348 0.947362 0.947376 0.947391 0.947406 0.947422 0.947437 0.947453 0.947468 0.947483 
0.935055 0.935063 0.93507 0.935075 0.935079 0.935082 0.935084 0.935084 0.935082 0.93508 0.935076 0.93507 0.935063 0.935055 0.935046 0.935036 0.935025 0.935013 0.935 0.934987 0.934974 0.93496 0.934946 0.934932 0.934918 0.934904 0.934891 0.934878 0.934866 0.934855 0.934845 0.934835 0.934827 0.934821 0.934815 0.934811 0.934808 0.934806 0.934806 0.934808 0.934811 0.934815 0.93482 0.934827 0.934835 0.934845 0.934855 0.934866 0.934878 0.93489 0.934904 0.934917 0.934931 0.934945 0.934959 0.934973 0.934987 0.935 0.935013 0.935025 0.935036 0.935046 
0.914275 0.914273 0.91427 0.914266 0.914261 0.914254 0.914246 0.914237 0.914227 0.914216 0.914204 0.914191 0.914178 0.914165 0.914151 0.914137 0.914123 0.914109 0.914095 0.914082 0.91407 0.914058 0.914047 0.914037 0.914027 0.914019 0.914013 0.914007 0.914003 0.914 0.913999 0.913999 0.914 0.914003 0.914007 0.914013 0.91402 0.914028 0.914037 0.914047 0.914058 0.91407 0.914083 0.914096 0.914109 0.914123 0.914137 0.914151 0.914165 0.914179 0.914192 0.914204 0.914216 0.914227 0.914237 0.914246 0.914254 0.914261 0.914266 0.914271 0.914273 0.914275 
0.885121 0.885109 0.885096 0.885082 0.885067 0.885052 0.885036 0.88502 0.885004 0.884988 0.884972 0.884956 0.884941 0.884927 0.884913 0.884901 0.884889 0.884879 0.88487 0.884862 0.884856 0.884852 0.884849 0.884848 0.884848 0.88485 0.884854 0.884859 0.884866 0.884874 0.884884 0.884895 0.884907 0.88492 0.884934 0.884948 0.884964 0.884979 0.884995 0.885012 0.885028 0.885044 0.885059 0.885074 0.885089 0.885102 0.885115 0.885126 0.885136 0.885145 0.885153 0.885159 0.885163 0.885166 0.885167 0.885167 0.885165 0.885161 0.885156 0.885149 0.885141 0.885131 
0.847587 0.847569 0.84755 0.847532 0.847514 0.847497 0.84748 0.847464 0.847449 0.847435 0.847423 0.847412 0.847402 0.847395 0.847389 0.847384 0.847382 0.847381 0.847383 0.847386 0.847391 0.847398 0.847406 0.847416 0.847428 0.847441 0.847455 0.84747 0.847487 0.847504 0.847521 0.84754 0.847558 0.847576 0.847595 0.847613 0.84763 0.847647 0.847663 0.847678 0.847691 0.847704 0.847715 0.847724 0.847732 0.847738 0.847742 0.847744 0.847745 0.847743 0.84774 0.847735 0.847728 0.84772 0.84771 0.847698 0.847685 0.847671 0.847655 0.847639 0.847622 0.847605 
0.801727 0.801712 0.801697 0.801683 0.801671 0.801661 0.801652 0.801644 0.801639 0.801635 0.801633 0.801633 0.801635 0.801638 0.801644 0.801651 0.80166 0.801671 0.801683 0.801697 0.801712 0.801727 0.801744 0.801762 0.80178 0.801798 0.801817 0.801836 0.801854 0.801872 0.80189 0.801907 0.801923 0.801937 0.801951 0.801963 0.801974 0.801983 0.80199 0.801996 0.802 0.802001 0.802001 0.801999 0.801996 0.80199 0.801983 0.801973 0.801963 0.80195 0.801937 0.801922 0.801906 0.801889 0.801872 0.801854 0.801835 0.801816 0.801798 0.801779 0.801761 0.801744 
0.747649 0.747643 0.74764 0.747637 0.747637 0.747638 0.74764 0.747645 0.747651 0.747658 0.747667 0.747677 0.747689 0.747702 0.747715 0.74773 0.747745 0.747761 0.747777 0.747794 0.747811 0.747827 0.747843 0.747859 0.747874 0.747889 0.747902 0.747915 0.747926 0.747936 0.747944 0.747951 0.747957 0.747961 0.747963 0.747964 0.747963 0.74796 0.747956 0.74795 0.747942 0.747933 0.747923 0.747911 0.747898 0.747885 0.74787 0.747854 0.747839 0.747822 0.747806 0.747789 0.747773 0.747756 0.747741 0.747725 0.747711 0.747698 0.747685 0.747674 0.747664 0.747656 
0.68546 0.685465 0.685471 0.685478 0.685487 0.685496 0.685506 0.685517 0.685528 0.68554 0.685552 0.685565 0.685577 0.68559 0.685603 0.685615 0.685627 0.685638 0.685649 0.685659 0.685668 0.685677 0.685684 0.68569 0.685695 0.685699 0.685702 0.685703 0.685703 0.685702 0.6857 0.685696 0.685691 0.685685 0.685677 0.685669 0.68566 0.68565 0.685639 0.685628 0.685616 0.685603 0.685591 0.685578 0.685565 0.685553 0.685541 0.685529 0.685517 0.685506 0.685496 0.685487 0.685479 0.685472 0.685465 0.68546 0.685457 0.685454 0.685453 0.685453 0.685454 0.685457 
0.615252 0.615259 0.615267 0.615276 0.615284 0.615292 0.6153 0.615308 0.615316 0.615323 0.61533 0.615336 0.615342 0.615347 0.615352 0.615355 0.615358 0.615361 0.615362 0.615362 0.615362 0.615361 0.615359 0.615356 0.615353 0.615348 0.615343 0.615338 0.615331 0.615324 0.615317 0.61531 0.615302 0.615294 0.615285 0.615277 0.615269 0.615261 0.615253 0.615245 0.615238 0.615231 0.615224 0.615219 0.615214 0.615209 0.615205 0.615203 0.6152 0.615199 0.615199 0.615199 0.6152 0.615202 0.615205 0.615209 0.615213 0.615218 0.615224 0.61523 0.615237 0.615244 
0.537179 0.537182 0.537185 0.537188 0.53719 0.537192 0.537193 0.537194 0.537195 0.537195 0.537194 0.537194 0.537192 0.53719 0.537188 0.537186 0.537183 0.537179 0.537176 0.537172 0.537168 0.537163 0.537159 0.537154 0.537149 0.537145 0.53714 0.537136 0.537131 0.537127 0.537123 0.537119 0.537116 0.537113 0.53711 0.537108 0.537106 0.537104 0.537103 0.537103 0.537103 0.537103 0.537104 0.537106 0.537107 0.53711 0.537112 0.537115 0.537119 0.537123 0.537127 0.537131 0.537135 0.53714 0.537144 0.537149 0.537154 0.537158 0.537163 0.537167 0.537171 0.537175 
0.451621 0.45162 0.451618 0.451616 0.451614 0.451612 0.451609 0.451607 0.451604 0.451602 0.451599 0.451596 0.451594 0.451591 0.451588 0.451586 0.451583 0.451581 0.451579 0.451577 0.451575 0.451574 0.451573 0.451572 0.451571 0.451571 0.45157 0.451571 0.451571 0.451572 0.451573 0.451574 0.451575 0.451577 0.451579 0.451581 0.451583 0.451586 0.451588 0.451591 0.451593 0.451596 0.451599 0.451602 0.451604 0.451607 0.45161 0.451612 0.451614 0.451616 0.451618 0.45162 0.451621 0.451623 0.451624 0.451624 0.451625 0.451625 0.451625 0.451624 0.451623 0.451622 
0.35928 0.359278 0.359276 0.359274 0.359272 0.359271 0.359269 0.359268 0.359267 0.359267 0.359266 0.359266 0.359265 0.359265 0.359266 0.359266 0.359267 0.359268 0.359269 0.35927 0.359271 0.359273 0.359274 0.359276 0.359278 0.35928 0.359282 0.359284 0.359286 0.359289 0.359291 0.359293 0.359295 0.359297 0.359299 0.3593 0.359302 0.359303 0.359304 0.359305 0.359306 0.359307 0.359307 0.359307 0.359307 0.359307 0.359307 0.359306 0.359305 0.359304 0.359303 0.359301 0.3593 0.359298 0.359296 0.359294 0.359292 0.35929 0.359288 0.359286 0.359284 0.359282 
0.261169 0.261169 0.261169 0.261169 0.26117 0.26117 0.261171 0.261172 0.261173 0.261174 0.261175 0.261177 0.261178 0.26118 0.261181 0.261183 0.261184 0.261186 0.261188 0.261189 0.261191 0.261193 0.261194 0.261196 0.261197 0.261198 0.261199 0.2612 0.261201 0.261201 0.261202 0.261202 0.261202 0.261202 0.261202 0.261202 0.261201 0.261201 0.2612 0.261199 0.261198 0.261196 0.261195 0.261194 0.261192 0.261191 0.261189 0.261187 0.261186 0.261184 0.261182 0.261181 0.261179 0.261178 0.261176 0.261175 0.261174 0.261172 0.261172 0.261171 0.26117 0.26117 
0.158602 0.158603 0.158604 0.158605 0.158606 0.158607 0.158608 0.158609 0.15861 0.158611 0.158612 0.158613 0.158614 0.158615 0.158616 0.158617 0.158618 0.158619 0.158619 0.15862 0.15862 0.158621 0.158621 0.158621 0.158621 0.158621 0.158621 0.158621 0.15862 0.15862 0.158619 0.158619 0.158618 0.158617 0.158616 0.158615 0.158614 0.158613 0.158612 0.158611 0.15861 0.158609 0.158608 0.158607 0.158606 0.158605 0.158604 0.158603 0.158602 0.158601 0.158601 0.1586 0.1586 0.1586 0.1586 0.1586 0.1586 0.1586 0.1586 0.1586 0.158601 0.158602 
0.0531934 0.0531937 0.0531941 0.0531944 0.0531947 0.0531951 0.0531954 0.0531958 0.0531961 0.0531964 0.0531968 0.053197 0.0531973 0.0531976 0.0531978 0.053198 0.0531982 0.0531983 0.0531984 0.0531985 0.0531985 0.0531985 0.0531985 0.0531984 0.0531983 0.0531982 0.053198 0.0531978 0.0531975 0.0531973 0.053197 0.0531967 0.0531964 0.053196 0.0531957 0.0531953 0.053195 0.0531946 0.0531943 0.0531939 0.0531936 0.0531933 0.053193 0.0531927 0.0531925 0.0531922 0.0531921 0.0531919 0.0531917 0.0531916 0.0531916 0.0531915 0.0531916 0.0531916 0.0531917 0.0531918 0.0531919 0.0531921 0.0531923 0.0531925 0.0531928 0.0531931 
