1.28887 1.28882 1.28879 1.28878 1.2888 1.28884 1.28891 1.28898 1.28908 1.28918 1.28928 1.28939 1.2895 1.28961 1.28971 1.2898 1.28989 1.28996 1.29003 1.29009 1.29015 1.29019 1.29023 1.29027 1.2903 1.29033 1.29036 1.29039 1.29042 1.29045 1.29049 1.29053 1.29058 1.29063 1.29068 1.29074 1.2908 1.29086 1.29091 1.29096 1.29101 1.29104 1.29107 1.29108 1.29108 1.29106 1.29101 1.29095 1.29087 1.29077 1.29064 1.2905 1.29034 1.29018 1.29 1.28982 1.28965 1.28948 1.28932 1.28918 1.28905 1.28895 
1.28888 1.28883 1.2888 1.2888 1.28882 1.28886 1.28892 1.289 1.28909 1.28919 1.2893 1.2894 1.28951 1.28962 1.28972 1.28981 1.28989 1.28997 1.29004 1.2901 1.29015 1.2902 1.29024 1.29027 1.2903 1.29033 1.29036 1.29039 1.29042 1.29045 1.29049 1.29053 1.29057 1.29062 1.29068 1.29073 1.29079 1.29084 1.2909 1.29095 1.29099 1.29103 1.29105 1.29106 1.29106 1.29104 1.291 1.29094 1.29086 1.29075 1.29063 1.29049 1.29034 1.29017 1.29 1.28982 1.28965 1.28948 1.28933 1.28918 1.28906 1.28896 
1.28892 1.28887 1.28884 1.28884 1.28886 1.2889 1.28896 1.28903 1.28912 1.28922 1.28932 1.28943 1.28954 1.28964 1.28974 1.28983 1.28991 1.28999 1.29005 1.29011 1.29016 1.29021 1.29025 1.29028 1.29031 1.29034 1.29036 1.29039 1.29042 1.29045 1.29048 1.29052 1.29056 1.29061 1.29066 1.29071 1.29076 1.29081 1.29086 1.29091 1.29095 1.29099 1.29101 1.29102 1.29102 1.291 1.29096 1.2909 1.29082 1.29072 1.2906 1.29047 1.29032 1.29016 1.28999 1.28982 1.28966 1.2895 1.28935 1.28921 1.28909 1.289 
1.28898 1.28893 1.28891 1.2889 1.28892 1.28896 1.28902 1.28909 1.28917 1.28927 1.28937 1.28947 1.28957 1.28967 1.28977 1.28985 1.28993 1.29001 1.29007 1.29013 1.29018 1.29022 1.29026 1.29029 1.29032 1.29034 1.29037 1.29039 1.29041 1.29044 1.29047 1.2905 1.29054 1.29058 1.29063 1.29067 1.29072 1.29077 1.29081 1.29085 1.29089 1.29092 1.29094 1.29095 1.29095 1.29093 1.29089 1.29083 1.29076 1.29067 1.29056 1.29043 1.29029 1.29014 1.28998 1.28983 1.28967 1.28952 1.28938 1.28925 1.28914 1.28905 
1.28906 1.28901 1.28899 1.28899 1.289 1.28904 1.28909 1.28916 1.28924 1.28933 1.28943 1.28952 1.28962 1.28972 1.28981 1.28989 1.28997 1.29004 1.2901 1.29016 1.29021 1.29025 1.29028 1.29031 1.29033 1.29036 1.29037 1.29039 1.29041 1.29043 1.29046 1.29048 1.29051 1.29055 1.29059 1.29063 1.29067 1.29071 1.29075 1.29079 1.29082 1.29084 1.29086 1.29087 1.29086 1.29084 1.2908 1.29075 1.29068 1.2906 1.2905 1.29038 1.29025 1.29012 1.28997 1.28983 1.28969 1.28955 1.28943 1.28931 1.28921 1.28912 
1.28915 1.28911 1.28909 1.28908 1.2891 1.28913 1.28918 1.28924 1.28932 1.2894 1.28949 1.28958 1.28968 1.28977 1.28985 1.28993 1.29001 1.29008 1.29013 1.29019 1.29023 1.29027 1.2903 1.29033 1.29034 1.29036 1.29038 1.29039 1.2904 1.29042 1.29043 1.29045 1.29048 1.29051 1.29054 1.29057 1.2906 1.29064 1.29067 1.2907 1.29072 1.29074 1.29076 1.29076 1.29075 1.29073 1.2907 1.29065 1.29059 1.29051 1.29042 1.29032 1.29021 1.29009 1.28996 1.28984 1.28971 1.28959 1.28948 1.28937 1.28928 1.28921 
1.28926 1.28922 1.2892 1.2892 1.28922 1.28925 1.28929 1.28935 1.28942 1.28949 1.28958 1.28966 1.28975 1.28983 1.28992 1.28999 1.29006 1.29012 1.29018 1.29023 1.29026 1.2903 1.29032 1.29035 1.29036 1.29037 1.29038 1.29039 1.29039 1.2904 1.29041 1.29042 1.29044 1.29046 1.29048 1.29051 1.29053 1.29056 1.29058 1.2906 1.29062 1.29063 1.29065 1.29064 1.29064 1.29062 1.29059 1.29054 1.29049 1.29043 1.29035 1.29026 1.29016 1.29006 1.28995 1.28984 1.28974 1.28963 1.28954 1.28945 1.28937 1.28931 
1.28937 1.28935 1.28932 1.28933 1.28934 1.28937 1.28941 1.28946 1.28952 1.28959 1.28967 1.28974 1.28983 1.28989 1.28998 1.29004 1.29011 1.29016 1.29021 1.29026 1.29029 1.29032 1.29034 1.29036 1.29036 1.29037 1.29037 1.29038 1.29037 1.29038 1.29038 1.29038 1.29039 1.2904 1.29041 1.29043 1.29045 1.29046 1.29048 1.29049 1.29051 1.29051 1.29052 1.29051 1.29051 1.29048 1.29046 1.29042 1.29038 1.29033 1.29026 1.29019 1.29011 1.29003 1.28994 1.28985 1.28976 1.28968 1.2896 1.28953 1.28946 1.28941 
1.28949 1.28948 1.28946 1.28947 1.28947 1.28951 1.28954 1.28959 1.28964 1.2897 1.28978 1.28983 1.28992 1.28997 1.29006 1.2901 1.29018 1.29021 1.29027 1.2903 1.29033 1.29035 1.29037 1.29038 1.29037 1.29038 1.29037 1.29036 1.29035 1.29035 1.29034 1.29034 1.29034 1.29034 1.29034 1.29036 1.29036 1.29037 1.29038 1.29039 1.2904 1.29039 1.2904 1.29038 1.29039 1.29036 1.29035 1.29031 1.29028 1.29023 1.29018 1.29013 1.29006 1.29 1.28993 1.28986 1.28979 1.28973 1.28967 1.28962 1.28956 1.28953 
1.2896 1.28962 1.28957 1.28961 1.28959 1.28967 1.28963 1.28972 1.28974 1.28982 1.28985 1.28992 1.29001 1.29003 1.29013 1.29014 1.29025 1.29023 1.29032 1.29031 1.29037 1.29036 1.29038 1.29038 1.29037 1.29037 1.29035 1.29034 1.29032 1.29031 1.29029 1.29028 1.29027 1.29029 1.29025 1.29028 1.29025 1.2903 1.29024 1.29028 1.29027 1.29027 1.29026 1.29024 1.29028 1.29021 1.29023 1.29017 1.29019 1.29011 1.2901 1.29005 1.29002 1.28996 1.28991 1.28988 1.28982 1.28978 1.28973 1.28971 1.28966 1.28964 
1.28974 1.28976 1.2897 1.28978 1.28972 1.28983 1.28975 1.2899 1.28985 1.28996 1.28997 1.29005 1.29011 1.29011 1.29024 1.2902 1.29033 1.29026 1.2904 1.29033 1.29041 1.29037 1.29041 1.29038 1.29036 1.29037 1.29033 1.29031 1.29028 1.29027 1.29025 1.29022 1.29021 1.29021 1.29018 1.2902 1.29016 1.29021 1.29015 1.29019 1.29015 1.29016 1.29016 1.29013 1.29016 1.29009 1.29014 1.29006 1.2901 1.29002 1.29005 1.28999 1.28998 1.28993 1.28992 1.28989 1.28986 1.28983 1.28981 1.2898 1.28976 1.28976 
1.28988 1.28992 1.28982 1.28983 1.28985 1.29008 1.28972 1.29008 1.28987 1.29027 1.28981 1.29027 1.29012 1.29029 1.29014 1.2903 1.29043 1.29024 1.29042 1.29033 1.2905 1.29028 1.29044 1.29037 1.29034 1.29033 1.29032 1.29027 1.29021 1.29024 1.29024 1.29007 1.29015 1.29019 1.29007 1.29007 1.29002 1.29029 1.28984 1.29018 1.28994 1.29023 1.28983 1.29009 1.29005 1.28998 1.28997 1.28994 1.2901 1.28984 1.28999 1.28991 1.29001 1.28983 1.28992 1.28991 1.28994 1.2898 1.2899 1.2899 1.28991 1.28976 
1.29011 1.28998 1.28989 1.29012 1.28996 1.29023 1.28972 1.29051 1.28982 1.29045 1.28985 1.29061 1.29006 1.29035 1.29034 1.29039 1.29045 1.29018 1.29068 1.29025 1.29052 1.29024 1.29059 1.29028 1.29029 1.29034 1.29033 1.29019 1.29012 1.29024 1.29015 1.29003 1.29006 1.29015 1.28995 1.29009 1.28989 1.2902 1.28975 1.2902 1.2898 1.29009 1.28982 1.29003 1.28995 1.28981 1.29001 1.28984 1.29003 1.28972 1.29003 1.28986 1.28997 1.28978 1.29 1.28992 1.28995 1.28982 1.29006 1.28994 1.28997 1.28988 
1.29045 1.29028 1.29063 1.28878 1.29087 1.29056 1.28991 1.28959 1.29052 1.29129 1.28884 1.29083 1.29016 1.29139 1.28879 1.29116 1.29053 1.29049 1.28979 1.29074 1.29081 1.2898 1.29051 1.29052 1.29019 1.2901 1.29049 1.29024 1.28964 1.29039 1.29063 1.28913 1.29023 1.29014 1.29064 1.28848 1.29057 1.29053 1.28935 1.28953 1.2899 1.29114 1.28819 1.29049 1.28976 1.2905 1.28869 1.29026 1.29025 1.28955 1.28954 1.29001 1.29039 1.28936 1.28983 1.29012 1.29042 1.28934 1.29002 1.29027 1.29064 1.28899 
1.29138 1.2884 1.29121 1.2904 1.29054 1.28922 1.2905 1.29217 1.28804 1.29161 1.28919 1.29322 1.28699 1.29241 1.28974 1.29173 1.28863 1.2911 1.29122 1.28981 1.29029 1.29016 1.29125 1.28972 1.29019 1.29021 1.29039 1.29031 1.28975 1.28975 1.2905 1.29016 1.2896 1.28939 1.29052 1.29066 1.28825 1.29077 1.28927 1.2917 1.28697 1.2918 1.28898 1.29088 1.28814 1.29073 1.29004 1.28934 1.28978 1.28973 1.2904 1.28925 1.29009 1.28971 1.2904 1.28959 1.28999 1.28995 1.29079 1.28925 1.2904 1.29002 
1.29082 1.29045 1.29042 1.28965 1.29069 1.29097 1.28951 1.29078 1.29004 1.29152 1.28884 1.29151 1.28992 1.29119 1.28922 1.2912 1.29067 1.28993 1.29028 1.29053 1.29122 1.28886 1.29094 1.29056 1.29035 1.28913 1.29059 1.29114 1.28869 1.29009 1.29034 1.29059 1.28845 1.29018 1.29083 1.28909 1.2893 1.29024 1.29031 1.28896 1.28934 1.29098 1.28887 1.28977 1.28937 1.29086 1.28856 1.28992 1.29012 1.2899 1.28917 1.28987 1.29068 1.28926 1.28982 1.29005 1.29088 1.28904 1.29043 1.29025 1.29088 1.28909 
1.29223 1.29057 1.29059 1.28884 1.29116 1.29282 1.28719 1.29235 1.2889 1.29456 1.28512 1.2941 1.28899 1.29269 1.28713 1.29231 1.29162 1.28854 1.29103 1.28983 1.29283 1.28682 1.29225 1.29024 1.28994 1.28947 1.29045 1.29131 1.28764 1.29106 1.29091 1.28818 1.29043 1.28929 1.29226 1.2859 1.29181 1.29064 1.28833 1.28988 1.28872 1.29372 1.2845 1.29287 1.2883 1.29192 1.28656 1.29123 1.29071 1.28865 1.28962 1.2898 1.29166 1.28774 1.29078 1.28979 1.2918 1.28755 1.29161 1.28992 1.29201 1.28731 
1.29142 1.289 1.29122 1.29054 1.29102 1.28936 1.29099 1.2914 1.28957 1.29065 1.29019 1.29202 1.2886 1.29136 1.29011 1.29133 1.2891 1.29084 1.29074 1.29 1.29013 1.2901 1.29079 1.28955 1.29028 1.2901 1.28984 1.29013 1.28984 1.2899 1.28953 1.29008 1.29018 1.28867 1.29045 1.2895 1.29026 1.28842 1.29039 1.29012 1.28885 1.28983 1.28937 1.29079 1.2881 1.29048 1.28944 1.29017 1.28896 1.29006 1.29011 1.2896 1.28975 1.28994 1.29053 1.28961 1.2901 1.29017 1.29096 1.28946 1.29058 1.29033 
1.29044 1.29076 1.29038 1.29086 1.29025 1.2911 1.29015 1.29102 1.29018 1.29102 1.29021 1.29069 1.29049 1.29045 1.29053 1.29016 1.29078 1.28993 1.2906 1.28998 1.29054 1.2899 1.2902 1.29019 1.28993 1.29002 1.28986 1.29009 1.28971 1.28976 1.28999 1.28959 1.2898 1.28959 1.28987 1.2896 1.28945 1.29006 1.28925 1.29 1.28916 1.29021 1.28919 1.28982 1.28961 1.28971 1.28973 1.28948 1.2901 1.28949 1.29005 1.28964 1.29023 1.28978 1.2902 1.29003 1.29035 1.29015 1.29038 1.2904 1.29049 1.29051 
1.29062 1.29057 1.29061 1.29082 1.2905 1.29075 1.29047 1.2909 1.29028 1.29075 1.29038 1.29069 1.29025 1.29046 1.29042 1.29027 1.29031 1.29012 1.29038 1.28998 1.29021 1.28998 1.29012 1.28994 1.28995 1.28995 1.28982 1.28989 1.28978 1.28975 1.28976 1.28971 1.28976 1.28955 1.28973 1.28968 1.28956 1.28967 1.28951 1.28984 1.28932 1.2898 1.28946 1.28978 1.28947 1.2897 1.28973 1.28964 1.28981 1.28971 1.28999 1.28977 1.29005 1.28997 1.29021 1.29009 1.2903 1.2903 1.29047 1.29036 1.29053 1.29059 
1.29064 1.29075 1.29067 1.29077 1.29067 1.29076 1.29063 1.29069 1.29059 1.29059 1.29053 1.29045 1.29047 1.29032 1.29038 1.29021 1.29029 1.2901 1.29016 1.29005 1.29005 1.28998 1.28995 1.28995 1.28986 1.28987 1.28981 1.28981 1.28976 1.28973 1.28974 1.28969 1.28968 1.28968 1.28964 1.28967 1.28958 1.2897 1.28956 1.28967 1.28958 1.28965 1.28961 1.28961 1.2897 1.28963 1.28976 1.28968 1.28985 1.28979 1.28993 1.28994 1.29005 1.29009 1.29018 1.29026 1.29032 1.29042 1.29045 1.29057 1.29057 1.29067 
1.29071 1.29078 1.29074 1.2908 1.29071 1.29074 1.29066 1.29067 1.29057 1.29054 1.29049 1.2904 1.29037 1.29025 1.29027 1.29012 1.29013 1.29002 1.29003 1.28993 1.28992 1.28988 1.28985 1.28983 1.28979 1.2898 1.28975 1.28975 1.28973 1.28971 1.2897 1.28969 1.28968 1.28966 1.28965 1.28967 1.2896 1.28965 1.28959 1.28965 1.28958 1.28962 1.28962 1.28962 1.28967 1.28965 1.28976 1.28973 1.28984 1.28985 1.28996 1.28999 1.29008 1.29015 1.29023 1.29032 1.29038 1.29048 1.29053 1.29061 1.29064 1.29073 
1.2908 1.29083 1.29081 1.29081 1.29078 1.29075 1.2907 1.29065 1.29059 1.29051 1.29045 1.29036 1.29031 1.2902 1.29016 1.29006 1.29002 1.28994 1.2899 1.28986 1.28982 1.28979 1.28976 1.28976 1.28973 1.28973 1.28972 1.28971 1.28971 1.2897 1.2897 1.28969 1.28969 1.28969 1.28967 1.28967 1.28965 1.28966 1.28964 1.28964 1.28964 1.28963 1.28965 1.28965 1.2897 1.2897 1.28977 1.28979 1.28986 1.28991 1.28999 1.29006 1.29014 1.29023 1.2903 1.29039 1.29046 1.29055 1.29061 1.29069 1.29073 1.29078 
1.29085 1.29087 1.29085 1.29084 1.2908 1.29075 1.29069 1.29062 1.29055 1.29046 1.29039 1.29028 1.29021 1.29011 1.29004 1.28995 1.28989 1.28982 1.28977 1.28973 1.2897 1.28968 1.28966 1.28966 1.28966 1.28966 1.28967 1.28968 1.28968 1.28969 1.2897 1.2897 1.2897 1.2897 1.28969 1.28969 1.28967 1.28967 1.28966 1.28965 1.28965 1.28965 1.28966 1.28967 1.2897 1.28973 1.28978 1.28982 1.28989 1.28995 1.29003 1.29011 1.29019 1.29029 1.29037 1.29046 1.29053 1.29062 1.29068 1.29075 1.29079 1.29084 
1.29092 1.29092 1.2909 1.29087 1.29082 1.29076 1.2907 1.29061 1.29053 1.29043 1.29033 1.29023 1.29013 1.29003 1.28994 1.28986 1.28978 1.28972 1.28967 1.28963 1.2896 1.28959 1.28958 1.28959 1.2896 1.28961 1.28963 1.28965 1.28967 1.28969 1.2897 1.28972 1.28972 1.28973 1.28972 1.28972 1.28971 1.2897 1.28969 1.28968 1.28968 1.28968 1.28969 1.2897 1.28973 1.28976 1.28981 1.28987 1.28993 1.29 1.29008 1.29017 1.29026 1.29035 1.29044 1.29053 1.29061 1.29069 1.29076 1.29082 1.29087 1.2909 
1.29096 1.29095 1.29093 1.29089 1.29083 1.29076 1.29068 1.29058 1.29048 1.29037 1.29026 1.29015 1.29004 1.28993 1.28984 1.28975 1.28967 1.28961 1.28955 1.28952 1.2895 1.28949 1.2895 1.28951 1.28953 1.28956 1.28959 1.28963 1.28966 1.28969 1.28971 1.28973 1.28974 1.28975 1.28975 1.28975 1.28974 1.28973 1.28972 1.28971 1.2897 1.2897 1.28971 1.28972 1.28975 1.28978 1.28983 1.28989 1.28996 1.29004 1.29012 1.29021 1.29031 1.2904 1.2905 1.29059 1.29067 1.29075 1.29082 1.29088 1.29092 1.29095 
1.29101 1.29099 1.29096 1.29091 1.29085 1.29077 1.29067 1.29057 1.29045 1.29033 1.29021 1.29009 1.28997 1.28986 1.28975 1.28966 1.28958 1.28951 1.28946 1.28943 1.28941 1.28941 1.28943 1.28945 1.28948 1.28952 1.28957 1.28961 1.28965 1.28969 1.28973 1.28975 1.28977 1.28978 1.28979 1.28978 1.28978 1.28976 1.28975 1.28974 1.28973 1.28972 1.28973 1.28975 1.28977 1.28981 1.28986 1.28992 1.29 1.29008 1.29017 1.29026 1.29036 1.29046 1.29056 1.29065 1.29074 1.29082 1.29088 1.29094 1.29098 1.291 
1.29104 1.29102 1.29098 1.29092 1.29085 1.29076 1.29066 1.29054 1.29042 1.29029 1.29016 1.29003 1.2899 1.28978 1.28967 1.28957 1.28949 1.28942 1.28937 1.28934 1.28933 1.28934 1.28936 1.2894 1.28944 1.28949 1.28954 1.2896 1.28965 1.2897 1.28974 1.28977 1.28979 1.28981 1.28981 1.28981 1.2898 1.28979 1.28977 1.28976 1.28975 1.28974 1.28975 1.28976 1.28979 1.28983 1.28988 1.28995 1.29002 1.29011 1.2902 1.2903 1.2904 1.2905 1.2906 1.2907 1.29079 1.29086 1.29093 1.29098 1.29102 1.29104 
1.29107 1.29105 1.291 1.29094 1.29086 1.29076 1.29065 1.29053 1.2904 1.29026 1.29012 1.28999 1.28985 1.28973 1.28961 1.28951 1.28942 1.28936 1.28931 1.28929 1.28928 1.28929 1.28932 1.28936 1.28941 1.28947 1.28953 1.28959 1.28965 1.2897 1.28975 1.28978 1.28981 1.28983 1.28983 1.28983 1.28983 1.28981 1.2898 1.28978 1.28977 1.28976 1.28976 1.28978 1.28981 1.28985 1.2899 1.28997 1.29004 1.29013 1.29023 1.29033 1.29043 1.29054 1.29064 1.29074 1.29083 1.2909 1.29097 1.29102 1.29106 1.29107 
1.29109 1.29106 1.29101 1.29094 1.29086 1.29076 1.29064 1.29051 1.29038 1.29024 1.29009 1.28995 1.28981 1.28968 1.28957 1.28946 1.28938 1.28931 1.28927 1.28924 1.28924 1.28925 1.28928 1.28933 1.28938 1.28945 1.28951 1.28958 1.28965 1.2897 1.28975 1.28979 1.28982 1.28984 1.28985 1.28985 1.28984 1.28983 1.28981 1.28979 1.28978 1.28977 1.28978 1.28979 1.28982 1.28986 1.28991 1.28998 1.29006 1.29015 1.29024 1.29035 1.29045 1.29056 1.29066 1.29076 1.29085 1.29093 1.291 1.29105 1.29108 1.29109 
1.29109 1.29106 1.29101 1.29094 1.29086 1.29075 1.29064 1.29051 1.29037 1.29023 1.29008 1.28994 1.2898 1.28967 1.28955 1.28945 1.28936 1.2893 1.28925 1.28923 1.28922 1.28924 1.28927 1.28932 1.28938 1.28944 1.28951 1.28958 1.28964 1.2897 1.28975 1.2898 1.28983 1.28985 1.28985 1.28986 1.28985 1.28983 1.28982 1.2898 1.28979 1.28978 1.28978 1.2898 1.28982 1.28987 1.28992 1.28999 1.29007 1.29016 1.29025 1.29036 1.29046 1.29057 1.29067 1.29077 1.29086 1.29094 1.291 1.29105 1.29109 1.2911 
