1.29151 1.29147 1.29144 1.29142 1.2914 1.2914 1.2914 1.29141 1.29142 1.29144 1.29146 1.29149 1.29152 1.29155 1.29158 1.29161 1.29164 1.29166 1.29169 1.29171 1.29172 1.29174 1.29175 1.29175 1.29176 1.29177 1.29177 1.29178 1.29178 1.29179 1.2918 1.29181 1.29183 1.29184 1.29187 1.29189 1.29192 1.29195 1.29198 1.29201 1.29204 1.29208 1.2921 1.29213 1.29215 1.29216 1.29217 1.29217 1.29217 1.29215 1.29213 1.29209 1.29205 1.29201 1.29196 1.2919 1.29184 1.29178 1.29172 1.29166 1.2916 1.29155 
1.29151 1.29147 1.29144 1.29142 1.29141 1.2914 1.2914 1.29141 1.29143 1.29145 1.29147 1.2915 1.29153 1.29156 1.29159 1.29161 1.29164 1.29167 1.29169 1.29171 1.29172 1.29174 1.29175 1.29176 1.29176 1.29177 1.29177 1.29178 1.29178 1.29179 1.2918 1.29181 1.29182 1.29184 1.29186 1.29189 1.29192 1.29195 1.29198 1.29201 1.29204 1.29207 1.2921 1.29212 1.29214 1.29216 1.29217 1.29217 1.29216 1.29214 1.29212 1.29209 1.29205 1.292 1.29195 1.2919 1.29184 1.29178 1.29172 1.29166 1.29161 1.29156 
1.29152 1.29149 1.29146 1.29144 1.29143 1.29142 1.29142 1.29143 1.29144 1.29146 1.29149 1.29151 1.29154 1.29157 1.2916 1.29163 1.29165 1.29168 1.2917 1.29172 1.29173 1.29174 1.29175 1.29176 1.29177 1.29177 1.29178 1.29178 1.29178 1.29179 1.2918 1.29181 1.29182 1.29184 1.29186 1.29188 1.29191 1.29194 1.29197 1.292 1.29203 1.29206 1.29208 1.29211 1.29213 1.29214 1.29215 1.29215 1.29214 1.29213 1.29211 1.29208 1.29204 1.292 1.29195 1.29189 1.29184 1.29178 1.29172 1.29167 1.29161 1.29157 
1.29154 1.29151 1.29148 1.29146 1.29145 1.29144 1.29145 1.29145 1.29147 1.29148 1.29151 1.29153 1.29156 1.29159 1.29161 1.29164 1.29166 1.29169 1.29171 1.29172 1.29174 1.29175 1.29176 1.29177 1.29177 1.29177 1.29178 1.29178 1.29178 1.29179 1.2918 1.29181 1.29182 1.29183 1.29185 1.29187 1.2919 1.29192 1.29195 1.29198 1.29201 1.29204 1.29206 1.29208 1.2921 1.29212 1.29212 1.29212 1.29212 1.29211 1.29208 1.29206 1.29202 1.29198 1.29193 1.29188 1.29183 1.29178 1.29172 1.29167 1.29162 1.29158 
1.29157 1.29154 1.29151 1.2915 1.29149 1.29148 1.29148 1.29149 1.2915 1.29152 1.29154 1.29156 1.29159 1.29161 1.29164 1.29166 1.29169 1.29171 1.29172 1.29174 1.29175 1.29176 1.29177 1.29178 1.29178 1.29178 1.29178 1.29179 1.29179 1.29179 1.2918 1.2918 1.29182 1.29183 1.29185 1.29187 1.29189 1.29191 1.29194 1.29196 1.29199 1.29202 1.29204 1.29206 1.29208 1.29209 1.2921 1.2921 1.29209 1.29208 1.29206 1.29203 1.292 1.29196 1.29192 1.29188 1.29183 1.29178 1.29173 1.29168 1.29164 1.2916 
1.29159 1.29157 1.29155 1.29153 1.29152 1.29152 1.29152 1.29153 1.29154 1.29155 1.29157 1.29159 1.29162 1.29163 1.29166 1.29168 1.2917 1.29172 1.29174 1.29175 1.29176 1.29177 1.29178 1.29178 1.29178 1.29179 1.29178 1.29179 1.29179 1.29179 1.29179 1.2918 1.29181 1.29182 1.29183 1.29185 1.29187 1.29189 1.29191 1.29194 1.29196 1.29198 1.29201 1.29202 1.29204 1.29205 1.29206 1.29205 1.29205 1.29204 1.29202 1.292 1.29197 1.29194 1.2919 1.29186 1.29182 1.29178 1.29173 1.2917 1.29166 1.29162 
1.29163 1.29161 1.29159 1.29158 1.29157 1.29157 1.29157 1.29158 1.29159 1.2916 1.29162 1.29164 1.29166 1.29167 1.2917 1.29171 1.29174 1.29175 1.29177 1.29177 1.29178 1.29179 1.29179 1.2918 1.29179 1.2918 1.29179 1.29179 1.29179 1.29179 1.29179 1.2918 1.2918 1.29181 1.29182 1.29184 1.29186 1.29187 1.2919 1.29191 1.29194 1.29195 1.29198 1.29199 1.29201 1.29201 1.29202 1.29202 1.29202 1.29201 1.29199 1.29197 1.29195 1.29192 1.29189 1.29185 1.29182 1.29178 1.29175 1.29171 1.29168 1.29166 
1.29166 1.29165 1.29163 1.29163 1.29161 1.29162 1.29161 1.29163 1.29163 1.29164 1.29166 1.29167 1.2917 1.29169 1.29173 1.29172 1.29176 1.29175 1.29178 1.29178 1.29179 1.29179 1.2918 1.2918 1.29179 1.2918 1.29179 1.29179 1.29178 1.29178 1.29178 1.29179 1.29179 1.2918 1.2918 1.29182 1.29183 1.29185 1.29186 1.29188 1.2919 1.29191 1.29194 1.29193 1.29196 1.29195 1.29198 1.29196 1.29197 1.29195 1.29195 1.29193 1.29191 1.29189 1.29186 1.29184 1.29181 1.29178 1.29175 1.29173 1.2917 1.29168 
1.2917 1.2917 1.29168 1.2917 1.29167 1.2917 1.29167 1.29171 1.29169 1.29172 1.29172 1.29173 1.29175 1.29175 1.29179 1.29177 1.29181 1.29178 1.29183 1.2918 1.29183 1.29181 1.29182 1.29181 1.29181 1.29181 1.29179 1.2918 1.29178 1.29179 1.29178 1.29178 1.29178 1.29179 1.29179 1.29181 1.29181 1.29184 1.29184 1.29187 1.29187 1.29189 1.29191 1.29191 1.29194 1.29192 1.29195 1.29192 1.29195 1.29192 1.29193 1.2919 1.29189 1.29187 1.29185 1.29183 1.29181 1.29179 1.29177 1.29175 1.29173 1.29172 
1.29173 1.29174 1.29171 1.29177 1.29169 1.29176 1.29168 1.2918 1.29167 1.29179 1.29172 1.29181 1.29174 1.29179 1.29181 1.29178 1.29183 1.29177 1.29187 1.29176 1.29185 1.29179 1.29184 1.29179 1.29181 1.2918 1.29178 1.29179 1.29177 1.29178 1.29176 1.29177 1.29176 1.29176 1.29175 1.29181 1.29175 1.29183 1.29176 1.29188 1.29177 1.29187 1.29183 1.29188 1.29186 1.29185 1.29192 1.29184 1.29191 1.29184 1.29191 1.29183 1.29187 1.29182 1.29185 1.2918 1.2918 1.29179 1.29178 1.29175 1.29175 1.29176 
1.29179 1.29179 1.29179 1.29183 1.29174 1.29187 1.29174 1.29191 1.29171 1.29194 1.29175 1.29191 1.29178 1.2919 1.29185 1.29183 1.2919 1.29181 1.29193 1.29177 1.29193 1.29178 1.29188 1.29179 1.29184 1.2918 1.29178 1.2918 1.29176 1.29178 1.29174 1.29177 1.29175 1.29177 1.29174 1.2918 1.29174 1.29184 1.29173 1.29187 1.29176 1.29189 1.2918 1.29186 1.29186 1.29184 1.2919 1.2918 1.29192 1.2918 1.2919 1.29179 1.29188 1.2918 1.29185 1.29178 1.29182 1.29179 1.29181 1.29177 1.29181 1.29179 
1.29198 1.29162 1.29192 1.29188 1.29185 1.29177 1.29179 1.29213 1.29154 1.29207 1.29159 1.29229 1.2914 1.29215 1.29168 1.29208 1.29163 1.29191 1.29197 1.29172 1.29191 1.29172 1.292 1.29163 1.29188 1.29179 1.29175 1.29177 1.29176 1.29177 1.29168 1.29175 1.29184 1.29157 1.29178 1.29178 1.29173 1.29172 1.29161 1.29211 1.29139 1.29205 1.29149 1.29218 1.29141 1.29198 1.29174 1.29186 1.29173 1.29175 1.29196 1.29167 1.29186 1.29171 1.29196 1.29166 1.29184 1.29175 1.29194 1.29163 1.29187 1.29178 
1.29199 1.29164 1.29217 1.29184 1.29182 1.29201 1.29188 1.29222 1.29138 1.2926 1.29142 1.2925 1.29126 1.29265 1.29149 1.29215 1.29175 1.29208 1.29194 1.29163 1.29218 1.29167 1.29201 1.29159 1.29203 1.29173 1.29172 1.29179 1.29177 1.29175 1.29167 1.29176 1.29174 1.29172 1.29166 1.29189 1.29148 1.29212 1.29131 1.29229 1.29118 1.29242 1.29126 1.29218 1.29149 1.29203 1.29173 1.2917 1.29194 1.29166 1.29199 1.29155 1.29198 1.29168 1.29196 1.2916 1.29195 1.29177 1.29195 1.2916 1.29207 1.29178 
1.29326 1.28997 1.29281 1.29163 1.29347 1.28942 1.29339 1.29207 1.29218 1.29069 1.29242 1.29346 1.28998 1.29272 1.29132 1.29388 1.28932 1.29322 1.29175 1.29228 1.29083 1.29222 1.29259 1.29076 1.29218 1.29186 1.29178 1.29134 1.29209 1.29199 1.29084 1.29206 1.29259 1.29042 1.29213 1.29141 1.29335 1.28916 1.29298 1.29204 1.2916 1.29093 1.29166 1.29363 1.2895 1.29272 1.29115 1.29323 1.28991 1.29249 1.29192 1.292 1.29095 1.29203 1.29237 1.29147 1.29134 1.29201 1.29266 1.29099 1.29175 1.29197 
1.29312 1.29104 1.29421 1.28883 1.29431 1.29123 1.29324 1.29002 1.29282 1.29404 1.28923 1.29394 1.28987 1.29632 1.28694 1.29547 1.28999 1.29429 1.28942 1.293 1.29241 1.29109 1.29236 1.29111 1.29253 1.29137 1.29215 1.29117 1.29156 1.29249 1.292 1.28974 1.29323 1.29164 1.29237 1.2891 1.29368 1.29305 1.289 1.29322 1.29027 1.29616 1.28563 1.29628 1.28924 1.29479 1.28791 1.29424 1.29151 1.29154 1.29128 1.29212 1.29241 1.29087 1.29215 1.29167 1.29247 1.29103 1.29226 1.29153 1.29318 1.29019 
1.29361 1.29032 1.2927 1.29123 1.29389 1.28995 1.29294 1.29197 1.29247 1.29131 1.29163 1.2937 1.29026 1.29298 1.29061 1.29444 1.28923 1.29327 1.29132 1.29311 1.28996 1.29237 1.29309 1.29048 1.29169 1.29156 1.2939 1.28875 1.29282 1.29209 1.29227 1.2896 1.29256 1.29313 1.28999 1.29142 1.29237 1.29272 1.28948 1.2925 1.29229 1.29172 1.29004 1.29319 1.29162 1.2913 1.29089 1.29324 1.29107 1.29125 1.29174 1.29289 1.2907 1.29163 1.29218 1.29248 1.29066 1.29195 1.29272 1.29163 1.29143 1.29171 
1.29694 1.28539 1.29682 1.28899 1.29721 1.28526 1.29642 1.29222 1.29137 1.29148 1.29088 1.29832 1.28394 1.29803 1.28711 1.29966 1.28288 1.29795 1.29014 1.29328 1.28943 1.29226 1.29574 1.28632 1.29511 1.2901 1.29418 1.28838 1.29293 1.29377 1.28821 1.29343 1.29159 1.29185 1.29054 1.29114 1.29578 1.28585 1.29539 1.29032 1.29361 1.28876 1.29215 1.29559 1.28671 1.29476 1.28901 1.29675 1.28595 1.29497 1.29064 1.2938 1.2886 1.29333 1.29253 1.29157 1.2905 1.29233 1.29422 1.28908 1.29311 1.29057 
1.29242 1.29159 1.29388 1.28951 1.29379 1.29116 1.29381 1.28959 1.29349 1.29239 1.29156 1.29177 1.29165 1.29405 1.28935 1.29354 1.29071 1.29386 1.28952 1.29306 1.2916 1.29189 1.29146 1.29147 1.29252 1.29075 1.29236 1.29118 1.29163 1.29185 1.2916 1.29156 1.291 1.29239 1.29184 1.29028 1.29253 1.29138 1.2925 1.28962 1.29306 1.29176 1.29109 1.29147 1.29166 1.29289 1.28985 1.29276 1.29116 1.29265 1.29041 1.29252 1.29162 1.29208 1.29111 1.29222 1.2921 1.29177 1.2915 1.2921 1.29285 1.29089 
1.29269 1.29167 1.29232 1.29207 1.29228 1.29227 1.29165 1.29296 1.29137 1.29296 1.29104 1.29337 1.29099 1.2928 1.29138 1.29261 1.29157 1.29182 1.29233 1.29136 1.29227 1.29114 1.29261 1.29096 1.29205 1.29157 1.29175 1.2915 1.29144 1.29206 1.2912 1.29156 1.29177 1.29149 1.29164 1.29123 1.29217 1.29125 1.29151 1.29193 1.29137 1.29203 1.29087 1.29269 1.29084 1.29221 1.29118 1.29228 1.29137 1.29171 1.29192 1.2917 1.29189 1.29149 1.29227 1.29157 1.29215 1.29152 1.29251 1.29155 1.29238 1.29161 
1.29228 1.29198 1.29232 1.29191 1.29222 1.29224 1.292 1.29225 1.29185 1.29255 1.29154 1.29246 1.2916 1.29245 1.29146 1.29218 1.29174 1.29191 1.29174 1.29165 1.29196 1.29144 1.29189 1.29142 1.29183 1.29146 1.29165 1.29157 1.29149 1.29168 1.29147 1.29156 1.29152 1.29158 1.29162 1.29135 1.29172 1.29155 1.29155 1.29156 1.29151 1.29188 1.29123 1.29193 1.29136 1.29197 1.29133 1.29188 1.29163 1.29176 1.2917 1.29174 1.2919 1.2917 1.29194 1.29178 1.29208 1.29177 1.29211 1.29188 1.29227 1.2918 
1.29215 1.29219 1.29212 1.29227 1.29211 1.2923 1.29204 1.29233 1.292 1.29226 1.29197 1.29218 1.29196 1.29201 1.29198 1.29187 1.29194 1.29172 1.29194 1.29162 1.29183 1.29159 1.29175 1.29156 1.29162 1.29162 1.29154 1.29158 1.2915 1.2916 1.2915 1.29152 1.29157 1.29152 1.29155 1.29154 1.29158 1.29159 1.2915 1.2917 1.2915 1.29172 1.29151 1.29176 1.29158 1.29169 1.29169 1.29169 1.29177 1.29167 1.29187 1.29172 1.2919 1.29178 1.29197 1.29187 1.292 1.29194 1.29207 1.29202 1.29209 1.29211 
1.29214 1.29219 1.29215 1.29222 1.29213 1.29225 1.29208 1.29221 1.29204 1.29217 1.29198 1.29206 1.29195 1.29194 1.29189 1.29181 1.29186 1.29169 1.29178 1.29161 1.29172 1.29156 1.29163 1.29154 1.29156 1.29154 1.29151 1.29154 1.29148 1.29153 1.29149 1.29151 1.29152 1.29152 1.29153 1.29152 1.29154 1.29158 1.29152 1.29161 1.29153 1.29166 1.29154 1.29166 1.29161 1.29167 1.29167 1.29168 1.29176 1.29171 1.29182 1.29177 1.29188 1.29183 1.29193 1.29192 1.292 1.29199 1.29206 1.29207 1.29211 1.29212 
1.29218 1.29222 1.2922 1.29224 1.2922 1.29223 1.29217 1.29218 1.29212 1.29211 1.29206 1.29202 1.29199 1.29191 1.2919 1.29181 1.29181 1.29171 1.29173 1.29164 1.29164 1.29159 1.29157 1.29155 1.29152 1.29153 1.29149 1.29151 1.29149 1.2915 1.29149 1.2915 1.29151 1.29151 1.29152 1.29154 1.29154 1.29157 1.29155 1.2916 1.29158 1.29162 1.29161 1.29164 1.29166 1.29166 1.29171 1.2917 1.29177 1.29176 1.29183 1.29182 1.29188 1.2919 1.29195 1.29198 1.29201 1.29205 1.29208 1.29212 1.29214 1.29218 
1.2922 1.29223 1.29221 1.29223 1.2922 1.29221 1.29217 1.29215 1.29211 1.29207 1.29203 1.29197 1.29194 1.29186 1.29184 1.29176 1.29174 1.29166 1.29164 1.29159 1.29157 1.29153 1.29151 1.29149 1.29147 1.29148 1.29146 1.29147 1.29146 1.29147 1.29148 1.29148 1.2915 1.2915 1.29151 1.29153 1.29153 1.29155 1.29155 1.29158 1.29158 1.2916 1.29161 1.29162 1.29166 1.29166 1.2917 1.29171 1.29176 1.29177 1.29182 1.29184 1.29189 1.29192 1.29196 1.292 1.29204 1.29208 1.2921 1.29215 1.29216 1.2922 
1.29224 1.29225 1.29225 1.29225 1.29223 1.29222 1.29219 1.29216 1.29212 1.29207 1.29203 1.29197 1.29192 1.29186 1.29181 1.29175 1.2917 1.29165 1.29161 1.29157 1.29153 1.29151 1.29148 1.29147 1.29145 1.29145 1.29144 1.29145 1.29145 1.29146 1.29147 1.29148 1.29149 1.29151 1.29152 1.29153 1.29154 1.29156 1.29157 1.29158 1.2916 1.29161 1.29163 1.29164 1.29167 1.29168 1.29172 1.29174 1.29177 1.2918 1.29184 1.29188 1.29192 1.29196 1.29199 1.29204 1.29207 1.29211 1.29214 1.29218 1.2922 1.29223 
1.29226 1.29226 1.29226 1.29225 1.29224 1.29221 1.29218 1.29214 1.2921 1.29205 1.292 1.29193 1.29188 1.29182 1.29176 1.2917 1.29165 1.2916 1.29155 1.29151 1.29148 1.29146 1.29143 1.29142 1.29141 1.29141 1.29141 1.29142 1.29143 1.29144 1.29146 1.29147 1.29149 1.2915 1.29152 1.29153 1.29154 1.29156 1.29157 1.29158 1.29159 1.29161 1.29163 1.29164 1.29166 1.29168 1.29171 1.29174 1.29178 1.29181 1.29185 1.29189 1.29193 1.29197 1.29201 1.29206 1.29209 1.29213 1.29217 1.2922 1.29222 1.29224 
1.29228 1.29229 1.29228 1.29227 1.29225 1.29222 1.29219 1.29215 1.2921 1.29204 1.29199 1.29192 1.29186 1.2918 1.29174 1.29168 1.29162 1.29157 1.29153 1.29149 1.29145 1.29143 1.29141 1.2914 1.29139 1.29139 1.2914 1.29141 1.29142 1.29144 1.29145 1.29147 1.29149 1.2915 1.29152 1.29154 1.29155 1.29156 1.29158 1.29159 1.2916 1.29162 1.29164 1.29165 1.29167 1.2917 1.29173 1.29176 1.29179 1.29183 1.29187 1.29191 1.29195 1.292 1.29204 1.29208 1.29212 1.29216 1.2922 1.29223 1.29225 1.29227 
1.29229 1.2923 1.29229 1.29228 1.29225 1.29222 1.29218 1.29214 1.29209 1.29203 1.29197 1.2919 1.29184 1.29177 1.29171 1.29165 1.29159 1.29154 1.29149 1.29145 1.29142 1.29139 1.29138 1.29137 1.29136 1.29137 1.29138 1.29139 1.29141 1.29142 1.29144 1.29146 1.29148 1.2915 1.29152 1.29154 1.29155 1.29157 1.29158 1.29159 1.29161 1.29162 1.29164 1.29165 1.29168 1.2917 1.29173 1.29176 1.2918 1.29184 1.29188 1.29192 1.29196 1.29201 1.29205 1.2921 1.29214 1.29218 1.29221 1.29224 1.29227 1.29228 
1.29231 1.29231 1.2923 1.29228 1.29226 1.29223 1.29219 1.29214 1.29208 1.29202 1.29196 1.29189 1.29183 1.29176 1.29169 1.29163 1.29157 1.29152 1.29147 1.29143 1.2914 1.29138 1.29136 1.29135 1.29135 1.29136 1.29137 1.29138 1.2914 1.29142 1.29144 1.29147 1.29149 1.29151 1.29153 1.29154 1.29156 1.29157 1.29159 1.2916 1.29161 1.29163 1.29164 1.29166 1.29168 1.29171 1.29174 1.29177 1.29181 1.29185 1.29189 1.29193 1.29198 1.29202 1.29207 1.29212 1.29216 1.2922 1.29223 1.29226 1.29228 1.2923 
1.29232 1.29231 1.29231 1.29229 1.29226 1.29223 1.29218 1.29213 1.29208 1.29202 1.29195 1.29188 1.29181 1.29174 1.29168 1.29161 1.29155 1.2915 1.29145 1.29141 1.29138 1.29136 1.29134 1.29134 1.29134 1.29135 1.29136 1.29137 1.29139 1.29142 1.29144 1.29146 1.29149 1.29151 1.29153 1.29154 1.29156 1.29157 1.29159 1.2916 1.29161 1.29163 1.29164 1.29166 1.29168 1.29171 1.29174 1.29177 1.29181 1.29185 1.29189 1.29194 1.29198 1.29203 1.29208 1.29212 1.29217 1.2922 1.29224 1.29227 1.29229 1.29231 
1.29232 1.29232 1.29231 1.29229 1.29226 1.29223 1.29218 1.29213 1.29208 1.29201 1.29195 1.29188 1.29181 1.29174 1.29167 1.29161 1.29155 1.29149 1.29145 1.29141 1.29138 1.29136 1.29134 1.29133 1.29134 1.29134 1.29136 1.29137 1.29139 1.29142 1.29144 1.29146 1.29149 1.29151 1.29153 1.29155 1.29156 1.29158 1.29159 1.2916 1.29162 1.29163 1.29165 1.29166 1.29169 1.29171 1.29174 1.29177 1.29181 1.29185 1.2919 1.29194 1.29199 1.29204 1.29208 1.29213 1.29217 1.29221 1.29224 1.29227 1.29229 1.29231 
