7639.64 7638.13 7636.71 7635.24 7633.91 7632.86 7632.02 7631.12 7629.95 7628.56 7627.22 7626.14 7625.35 7624.59 7623.68 7622.57 7621.42 7620.4 7619.55 7618.78 7618.12 7617.78 7618.08 7619.03 7620.31 7621.37 7621.93 7622.24 7622.94 7624.48 7626.76 7629.21 7631.38 7633.32 7635.55 7638.4 7641.57 7644.17 7645.48 7645.57 7645.38 7645.95 7647.7 7650.1 7652.25 7653.64 7654.56 7655.71 7657.53 7659.7 7661.46 7662.13 7661.76 7660.87 7660.04 7659.3 7658.13 7655.88 7652.46 7648.39 7644.58 7641.64 
7639.33 7637.81 7636.39 7635.03 7633.84 7632.93 7632.13 7631.21 7629.96 7628.54 7627.22 7626.21 7625.48 7624.79 7623.89 7622.79 7621.63 7620.61 7619.74 7618.94 7618.23 7617.85 7618.09 7619.04 7620.33 7621.43 7621.99 7622.27 7622.85 7624.24 7626.38 7628.78 7630.95 7632.93 7635.14 7637.89 7640.88 7643.36 7644.66 7644.86 7644.77 7645.37 7646.99 7649.21 7651.25 7652.7 7653.78 7655.09 7656.92 7659.03 7660.69 7661.39 7661.13 7660.41 7659.62 7658.8 7657.44 7655.08 7651.67 7647.76 7644.13 7641.32 
7638.83 7637.19 7635.8 7634.63 7633.76 7633.05 7632.31 7631.26 7629.91 7628.45 7627.23 7626.35 7625.75 7625.11 7624.27 7623.18 7622.06 7621.01 7620.12 7619.27 7618.53 7618.08 7618.26 7619.1 7620.35 7621.44 7622.08 7622.36 7622.82 7623.91 7625.72 7627.87 7630.04 7632.1 7634.35 7636.87 7639.5 7641.63 7642.91 7643.39 7643.67 7644.35 7645.7 7647.45 7649.24 7650.79 7652.28 7653.93 7655.83 7657.7 7659.15 7659.86 7659.93 7659.54 7658.88 7657.81 7656.07 7653.44 7650.12 7646.59 7643.4 7640.82 
7638.2 7636.48 7635.13 7634.25 7633.72 7633.24 7632.45 7631.25 7629.76 7628.35 7627.26 7626.6 7626.12 7625.59 7624.79 7623.77 7622.65 7621.62 7620.67 7619.82 7619.05 7618.58 7618.64 7619.33 7620.4 7621.47 7622.17 7622.56 7622.93 7623.69 7624.98 7626.73 7628.74 7630.92 7633.2 7635.52 7637.64 7639.36 7640.55 7641.41 7642.14 7642.99 7643.98 7645.16 7646.54 7648.23 7650.19 7652.32 7654.29 7655.9 7657.05 7657.82 7658.26 7658.34 7657.8 7656.45 7654.19 7651.28 7648.11 7645.12 7642.48 7640.21 
7637.6 7635.84 7634.65 7634.06 7633.84 7633.43 7632.54 7631.12 7629.56 7628.23 7627.38 7626.9 7626.58 7626.11 7625.4 7624.44 7623.4 7622.34 7621.38 7620.5 7619.79 7619.33 7619.31 7619.76 7620.6 7621.52 7622.31 7622.83 7623.23 7623.67 7624.41 7625.59 7627.31 7629.47 7631.82 7633.97 7635.7 7636.96 7638.07 7639.21 7640.41 7641.41 7642.12 7642.72 7643.71 7645.43 7647.84 7650.36 7652.46 7653.86 7654.82 7655.65 7656.48 7656.94 7656.53 7654.87 7652.2 7649.07 7646.14 7643.66 7641.57 7639.56 
7637.13 7635.53 7634.56 7634.26 7634.14 7633.66 7632.5 7630.93 7629.37 7628.24 7627.59 7627.28 7626.99 7626.59 7625.97 7625.18 7624.2 7623.18 7622.18 7621.33 7620.69 7620.34 7620.26 7620.51 7621.02 7621.75 7622.52 7623.22 7623.69 7623.96 7624.18 7624.78 7626.05 7628.07 7630.39 7632.48 7633.93 7634.92 7635.89 7637.22 7638.69 7639.85 7640.37 7640.59 7641.22 7642.9 7645.49 7648.29 7650.48 7651.87 7652.79 7653.77 7654.86 7655.57 7655.15 7653.32 7650.41 7647.28 7644.59 7642.56 7640.82 7639.03 
7637.01 7635.67 7635.04 7634.89 7634.69 7633.88 7632.45 7630.75 7629.35 7628.45 7627.99 7627.66 7627.33 7626.92 7626.48 7625.88 7625.1 7624.1 7623.1 7622.25 7621.74 7621.52 7621.51 7621.6 7621.85 7622.29 7622.99 7623.76 7624.37 7624.56 7624.5 7624.57 7625.37 7627.02 7629.22 7631.22 7632.62 7633.49 7634.42 7635.75 7637.33 7638.53 7639.02 7639.05 7639.49 7640.98 7643.5 7646.28 7648.57 7650.09 7651.25 7652.44 7653.7 7654.4 7653.9 7651.96 7649.1 7646.16 7643.8 7642 7640.44 7638.73 
7637.33 7636.4 7636.06 7635.97 7635.44 7634.19 7632.41 7630.74 7629.58 7628.97 7628.54 7628.08 7627.53 7627.11 7626.83 7626.57 7626.03 7625.16 7624.12 7623.29 7622.87 7622.87 7623 7623.11 7623.16 7623.36 7623.86 7624.62 7625.29 7625.58 7625.4 7625.19 7625.51 7626.72 7628.56 7630.46 7631.88 7632.87 7633.81 7635.09 7636.55 7637.71 7638.19 7638.28 7638.64 7639.93 7642.1 7644.65 7646.92 7648.74 7650.29 7651.81 7653.09 7653.64 7652.94 7651.02 7648.41 7645.87 7643.8 7642.13 7640.51 7638.84 
7638.21 7637.65 7637.57 7637.32 7636.35 7634.58 7632.59 7631.03 7630.21 7629.79 7629.3 7628.52 7627.69 7627.18 7627.12 7627.2 7627 7626.29 7625.3 7624.45 7624.14 7624.31 7624.71 7624.95 7625.01 7625.03 7625.33 7625.92 7626.62 7627.01 7626.97 7626.67 7626.67 7627.33 7628.69 7630.32 7631.83 7633.03 7634.14 7635.32 7636.55 7637.5 7638.01 7638.24 7638.69 7639.74 7641.48 7643.59 7645.79 7647.89 7649.95 7651.79 7653.1 7653.38 7652.47 7650.6 7648.39 7646.3 7644.52 7642.84 7641.12 7639.44 
7639.6 7639.34 7639.29 7638.77 7637.29 7635.16 7633.09 7631.78 7631.21 7630.89 7630.17 7629.05 7627.92 7627.35 7627.43 7627.82 7627.92 7627.47 7626.59 7625.84 7625.59 7625.93 7626.55 7627.07 7627.28 7627.31 7627.43 7627.83 7628.42 7628.93 7629.12 7628.97 7628.78 7628.94 7629.68 7630.94 7632.43 7633.92 7635.24 7636.39 7637.3 7637.97 7638.41 7638.82 7639.39 7640.3 7641.58 7643.23 7645.25 7647.61 7650.09 7652.26 7653.55 7653.61 7652.53 7650.79 7648.93 7647.27 7645.68 7643.99 7642.17 7640.58 
7641.36 7641.19 7641.01 7640.07 7638.24 7635.95 7634.06 7633 7632.59 7632.1 7631.1 7629.69 7628.43 7627.86 7628.01 7628.49 7628.74 7628.55 7627.99 7627.49 7627.39 7627.81 7628.57 7629.31 7629.83 7630.03 7630.17 7630.35 7630.8 7631.3 7631.75 7631.83 7631.64 7631.38 7631.51 7632.27 7633.65 7635.32 7636.89 7638.02 7638.67 7639 7639.33 7639.82 7640.52 7641.32 7642.26 7643.51 7645.35 7647.8 7650.56 7652.91 7654.2 7654.12 7653.01 7651.41 7649.87 7648.44 7647 7645.28 7643.53 7642.08 
7643.2 7642.96 7642.42 7641.11 7639.09 7637 7635.44 7634.65 7634.1 7633.28 7631.95 7630.5 7629.4 7628.98 7629.03 7629.25 7629.39 7629.42 7629.44 7629.48 7629.7 7630.12 7630.79 7631.59 7632.39 7632.97 7633.28 7633.45 7633.65 7634.07 7634.6 7634.93 7634.82 7634.33 7633.95 7634.2 7635.32 7637.01 7638.72 7639.86 7640.33 7640.4 7640.57 7641.05 7641.75 7642.48 7643.19 7644.2 7645.88 7648.35 7651.15 7653.51 7654.74 7654.67 7653.65 7652.24 7650.9 7649.58 7648.16 7646.49 7644.92 7643.74 
7644.82 7644.33 7643.44 7641.74 7639.84 7638.08 7637.12 7636.38 7635.68 7634.25 7632.8 7631.46 7630.91 7630.69 7630.53 7630.21 7629.9 7630.22 7630.81 7631.83 7632.37 7632.94 7633.15 7633.91 7634.78 7635.85 7636.51 7636.73 7636.85 7636.91 7637.52 7637.82 7637.96 7637.28 7636.67 7636.43 7637.21 7638.69 7640.37 7641.46 7641.91 7641.84 7641.94 7642.25 7642.88 7643.4 7644.02 7644.93 7646.61 7648.98 7651.63 7653.82 7654.95 7654.93 7654.12 7652.97 7651.75 7650.4 7648.95 7647.37 7646.11 7645.21 
7646.03 7645.05 7644.02 7641.93 7640.41 7639.02 7638.67 7638.05 7637.03 7635.23 7633.63 7632.73 7632.64 7632.74 7632.29 7631.36 7630.61 7630.99 7632.41 7634.1 7635.37 7635.72 7635.85 7635.96 7637.14 7638.32 7639.53 7639.77 7639.81 7639.75 7639.95 7640.43 7640.39 7639.97 7639.03 7638.68 7638.97 7640.12 7641.5 7642.52 7643 7642.98 7643.07 7643.2 7643.53 7643.85 7644.36 7645.35 7647.02 7649.42 7651.74 7653.66 7654.53 7654.73 7654.09 7653.26 7652.07 7650.68 7649.24 7647.7 7646.91 7646.13 
7646.38 7645.29 7643.96 7641.94 7640.55 7639.67 7639.77 7639.19 7638.39 7636.06 7635.07 7633.75 7634.82 7634.27 7634.38 7632.46 7632.02 7632.12 7634.11 7636.49 7637.82 7638.68 7637.87 7638.68 7638.7 7641.17 7641.31 7642.79 7641.83 7642.21 7641.93 7642.18 7642.37 7641.52 7641.06 7640.18 7640.47 7640.93 7642.04 7642.79 7643.47 7643.46 7643.71 7643.49 7643.7 7643.49 7644.18 7645.06 7647.07 7649.09 7651.35 7652.83 7653.57 7653.89 7653.42 7652.86 7651.63 7650.31 7648.86 7647.5 7647.02 7646.49 
7645.41 7645.22 7643.13 7641.84 7640.32 7639.86 7640.02 7639.86 7639.31 7637.18 7636.46 7635.07 7636.76 7635.18 7636.37 7633.18 7634.66 7632.96 7636.94 7637.76 7640.22 7640.45 7640.02 7641.02 7640.4 7643.04 7642.93 7644.1 7643.62 7643.22 7643.8 7642.73 7643.55 7642.16 7641.89 7641.21 7640.7 7641.86 7641.02 7643.24 7642.07 7644.02 7642.61 7643.53 7642.77 7642.31 7643.55 7643.27 7647.27 7646.87 7651.17 7650.2 7652.56 7651.82 7652.08 7651.85 7649.76 7649.82 7646.96 7647.61 7645.66 7646.84 
7644.44 7643.44 7642.69 7640.7 7640.7 7638.63 7640.74 7638.89 7641.36 7637.09 7639.93 7635.05 7640.21 7634.4 7639.39 7633.22 7638.04 7635.17 7639.09 7640.67 7640.1 7643.67 7639.86 7644.39 7641.38 7644.69 7644.33 7643.63 7645.3 7642.48 7645.28 7642.46 7643.74 7642.2 7641.17 7641.65 7639.8 7641.78 7639.83 7642.06 7641.09 7641.95 7642.1 7640.75 7642.35 7639.06 7642.8 7640.46 7645.48 7644.89 7648.02 7648.93 7648.43 7650.78 7648.2 7650.51 7646.5 7648.25 7644.87 7646.1 7644.53 7645.36 
7642.51 7641.8 7641.17 7640.11 7639.64 7638.82 7639.26 7639.17 7640.1 7639.7 7640.05 7638.85 7638.99 7637.76 7638.11 7637.52 7638.67 7639.04 7640.37 7641.31 7642.13 7643.08 7643.28 7644.36 7644.25 7644.64 7644.25 7643.93 7643.93 7643.56 7643.88 7642.96 7642.35 7641.13 7640.32 7639.99 7639.48 7639.66 7639.18 7639.55 7639.43 7639.65 7639.5 7638.83 7638.72 7637.86 7639.05 7639.39 7641.67 7642.49 7644.4 7645.31 7646.07 7646.83 7646.28 7646.23 7644.59 7644.42 7643.37 7643.6 7643.15 7643.05 
7640.36 7639.49 7639.71 7638.96 7639.1 7637.97 7638.47 7638.24 7639.9 7640.14 7641.28 7640.26 7639.98 7638.69 7638.89 7639.27 7640.17 7641.27 7641.49 7642.44 7642.31 7643.65 7644.07 7645.06 7645.13 7644.52 7643.97 7642.81 7643 7642.68 7642.84 7642.03 7640.79 7639.63 7638.43 7638.24 7637.78 7637.78 7637.38 7637.14 7637.07 7636.63 7636.54 7635.65 7635.56 7635.19 7636 7636.88 7638.09 7639.47 7640.43 7641.98 7642.51 7643.46 7642.93 7642.54 7641.48 7641.1 7641.07 7641.1 7641.25 7640.58 
7637.73 7637.38 7637.71 7637.88 7638.03 7637.54 7637.49 7637.79 7639.24 7640.59 7641.78 7641.62 7640.96 7640 7639.91 7640.52 7641.53 7642.42 7642.67 7642.88 7642.97 7643.78 7644.51 7645.24 7645.13 7644.27 7643.08 7641.99 7641.68 7641.57 7641.45 7640.56 7639.14 7637.68 7636.57 7636.17 7635.88 7635.66 7635.13 7634.59 7634.07 7633.51 7632.99 7632.33 7632.07 7632.08 7632.75 7633.58 7634.57 7635.61 7636.66 7637.97 7638.89 7639.56 7639.26 7638.7 7637.97 7637.85 7638.2 7638.61 7638.72 7638.2 
7635.4 7635.27 7635.85 7636.52 7637.05 7637.02 7637.09 7637.59 7639.01 7640.73 7642.12 7642.52 7642.04 7641.36 7641.08 7641.57 7642.27 7643 7643.18 7643.27 7643.34 7643.82 7644.45 7644.83 7644.67 7643.66 7642.4 7641.21 7640.66 7640.4 7640 7639.02 7637.48 7635.99 7634.91 7634.42 7634.1 7633.62 7632.88 7631.96 7631.16 7630.36 7629.72 7629.12 7628.86 7629 7629.55 7630.33 7631.12 7632.06 7633.04 7634.22 7635.17 7635.7 7635.56 7635.05 7634.69 7634.76 7635.4 7635.95 7636.19 7635.79 
7633.36 7633.46 7634.11 7635.07 7635.98 7636.57 7637.05 7637.84 7639.19 7640.86 7642.29 7643.02 7642.98 7642.6 7642.29 7642.39 7642.69 7643.1 7643.27 7643.41 7643.49 7643.74 7644.03 7644.18 7643.89 7643.05 7641.9 7640.77 7639.99 7639.45 7638.76 7637.66 7636.18 7634.79 7633.79 7633.24 7632.72 7631.95 7630.83 7629.61 7628.52 7627.64 7626.96 7626.46 7626.2 7626.32 7626.76 7627.46 7628.21 7629.08 7629.96 7630.92 7631.67 7632.11 7632.11 7631.91 7631.83 7632.11 7632.74 7633.36 7633.68 7633.56 
7631.72 7631.99 7632.66 7633.7 7634.95 7636.17 7637.33 7638.5 7639.82 7641.22 7642.5 7643.38 7643.77 7643.76 7643.51 7643.24 7643.08 7643.08 7643.22 7643.41 7643.57 7643.63 7643.64 7643.52 7643.24 7642.61 7641.73 7640.71 7639.78 7638.91 7637.96 7636.79 7635.48 7634.29 7633.42 7632.75 7631.98 7630.81 7629.33 7627.79 7626.54 7625.62 7625.02 7624.59 7624.36 7624.39 7624.76 7625.39 7626.16 7626.93 7627.64 7628.23 7628.7 7629.03 7629.28 7629.44 7629.68 7630 7630.48 7630.97 7631.39 7631.58 
7630.4 7630.87 7631.49 7632.54 7634.03 7635.87 7637.71 7639.37 7640.7 7641.84 7642.81 7643.72 7644.4 7644.75 7644.6 7644.12 7643.51 7643.15 7643.14 7643.4 7643.61 7643.61 7643.39 7643.11 7642.82 7642.44 7641.82 7640.96 7639.9 7638.8 7637.65 7636.54 7635.46 7634.56 7633.77 7632.96 7631.84 7630.33 7628.52 7626.79 7625.41 7624.53 7623.98 7623.65 7623.45 7623.49 7623.81 7624.42 7625.12 7625.75 7626.12 7626.3 7626.43 7626.73 7627.22 7627.79 7628.24 7628.52 7628.71 7629 7629.42 7629.94 
7629.36 7629.96 7630.61 7631.65 7633.37 7635.66 7638.13 7640.22 7641.71 7642.65 7643.4 7644.18 7645.02 7645.59 7645.61 7645.01 7644.17 7643.51 7643.37 7643.58 7643.84 7643.79 7643.48 7643.07 7642.8 7642.57 7642.19 7641.41 7640.31 7639.03 7637.86 7636.9 7636.16 7635.5 7634.77 7633.74 7632.32 7630.49 7628.52 7626.68 7625.29 7624.38 7623.9 7623.65 7623.59 7623.7 7624.07 7624.6 7625.15 7625.44 7625.4 7625.14 7625.02 7625.3 7626.04 7626.89 7627.49 7627.64 7627.56 7627.57 7627.97 7628.64 
7628.46 7629.18 7629.92 7631.09 7632.99 7635.61 7638.43 7640.9 7642.57 7643.55 7644.16 7644.86 7645.65 7646.31 7646.42 7645.91 7645 7644.24 7643.94 7644.09 7644.29 7644.24 7643.86 7643.42 7643.13 7642.99 7642.68 7641.97 7640.81 7639.53 7638.44 7637.77 7637.35 7636.93 7636.16 7634.94 7633.24 7631.27 7629.24 7627.42 7626 7625.09 7624.63 7624.54 7624.66 7624.98 7625.38 7625.79 7626 7625.87 7625.37 7624.77 7624.46 7624.78 7625.62 7626.61 7627.24 7627.31 7627.01 7626.83 7627.05 7627.7 
7627.67 7628.41 7629.39 7630.81 7632.95 7635.68 7638.65 7641.28 7643.21 7644.37 7645.09 7645.68 7646.36 7646.92 7647.12 7646.75 7646.03 7645.28 7644.91 7644.88 7645 7644.89 7644.54 7644.07 7643.77 7643.57 7643.26 7642.51 7641.38 7640.16 7639.3 7638.91 7638.81 7638.51 7637.73 7636.33 7634.52 7632.51 7630.54 7628.74 7627.31 7626.36 7625.98 7626.08 7626.52 7627.04 7627.48 7627.63 7627.43 7626.8 7625.92 7625.08 7624.7 7624.96 7625.79 7626.72 7627.35 7627.4 7627.08 7626.73 7626.7 7627.04 
7626.9 7627.67 7628.94 7630.78 7633.13 7635.88 7638.74 7641.4 7643.54 7645.04 7645.97 7646.58 7647.05 7647.47 7647.67 7647.56 7647.09 7646.5 7646.04 7645.85 7645.79 7645.67 7645.34 7644.92 7644.53 7644.23 7643.77 7642.99 7641.9 7640.87 7640.24 7640.13 7640.19 7639.98 7639.16 7637.76 7635.96 7634.04 7632.11 7630.32 7628.82 7627.88 7627.62 7628.03 7628.79 7629.52 7629.88 7629.71 7629.02 7627.98 7626.84 7625.92 7625.47 7625.63 7626.24 7627.03 7627.61 7627.81 7627.59 7627.16 7626.76 7626.64 
7626.26 7626.99 7628.62 7630.87 7633.46 7636.12 7638.78 7641.33 7643.65 7645.49 7646.72 7647.37 7647.71 7647.93 7648.16 7648.24 7648.08 7647.64 7647.15 7646.76 7646.57 7646.41 7646.15 7645.75 7645.3 7644.8 7644.19 7643.33 7642.36 7641.52 7641.13 7641.16 7641.3 7641.1 7640.33 7639 7637.36 7635.55 7633.68 7631.81 7630.25 7629.31 7629.26 7629.97 7631.05 7631.9 7632.12 7631.58 7630.48 7629.13 7627.89 7626.96 7626.49 7626.44 7626.78 7627.33 7627.93 7628.32 7628.32 7627.84 7627.07 7626.38 
7625.82 7626.55 7628.43 7631.02 7633.76 7636.35 7638.78 7641.22 7643.62 7645.73 7647.2 7647.95 7648.17 7648.29 7648.5 7648.75 7648.79 7648.49 7647.96 7647.46 7647.14 7646.97 7646.75 7646.39 7645.86 7645.21 7644.43 7643.56 7642.67 7642.04 7641.79 7641.89 7642.01 7641.81 7641.08 7639.92 7638.45 7636.77 7634.9 7632.98 7631.34 7630.45 7630.57 7631.55 7632.82 7633.72 7633.76 7632.94 7631.55 7630.06 7628.79 7627.92 7627.39 7627.16 7627.21 7627.57 7628.17 7628.77 7628.95 7628.47 7627.39 7626.28 
7625.68 7626.39 7628.39 7631.11 7633.92 7636.46 7638.8 7641.17 7643.6 7645.81 7647.41 7648.21 7648.43 7648.5 7648.71 7649.02 7649.16 7648.92 7648.39 7647.83 7647.46 7647.26 7647.08 7646.72 7646.15 7645.41 7644.57 7643.68 7642.88 7642.33 7642.17 7642.26 7642.35 7642.11 7641.44 7640.37 7639.02 7637.4 7635.54 7633.58 7631.94 7631.08 7631.3 7632.37 7633.71 7634.57 7634.52 7633.55 7632.06 7630.52 7629.29 7628.42 7627.87 7627.52 7627.43 7627.68 7628.29 7628.96 7629.25 7628.75 7627.57 7626.26 
