0.0584757 0.0584766 0.0584771 0.0584773 0.0584771 0.0584767 0.058476 0.0584751 0.0584738 0.0584723 0.0584706 0.0584686 0.0584664 0.0584639 0.0584614 0.0584586 0.0584558 0.0584529 0.0584499 0.0584468 0.0584438 0.0584408 0.0584379 0.0584351 0.0584324 0.0584298 0.0584274 0.0584252 0.0584233 0.0584216 0.0584201 0.0584189 0.0584181 0.0584175 0.0584172 0.0584172 0.0584176 0.0584182 0.0584191 0.0584203 0.0584218 0.0584236 0.0584256 0.0584278 0.0584302 0.0584328 0.0584355 0.0584383 0.0584412 0.0584442 0.0584472 0.0584502 0.0584532 0.0584561 0.0584589 0.0584616 0.0584641 0.0584665 0.0584686 0.0584707 0.0584724 0.0584742 
0.173591 0.173599 0.173606 0.173611 0.173616 0.17362 0.173622 0.173624 0.173624 0.173623 0.173621 0.173618 0.173614 0.173609 0.173603 0.173596 0.173588 0.17358 0.173571 0.173561 0.173551 0.17354 0.173529 0.173518 0.173507 0.173496 0.173485 0.173475 0.173465 0.173455 0.173446 0.173438 0.173431 0.173424 0.173418 0.173414 0.17341 0.173408 0.173406 0.173406 0.173407 0.173409 0.173412 0.173416 0.173421 0.173427 0.173434 0.173441 0.17345 0.173459 0.173469 0.173479 0.17349 0.1735 0.173511 0.173522 0.173533 0.173544 0.173554 0.173564 0.173574 0.173583 
0.283702 0.28372 0.283737 0.283754 0.28377 0.283785 0.283798 0.283811 0.283821 0.28383 0.283838 0.283843 0.283847 0.283849 0.283849 0.283847 0.283843 0.283837 0.28383 0.283821 0.283811 0.283798 0.283785 0.28377 0.283754 0.283738 0.28372 0.283702 0.283684 0.283665 0.283647 0.283628 0.28361 0.283593 0.283576 0.283561 0.283546 0.283532 0.28352 0.28351 0.283501 0.283494 0.283488 0.283484 0.283483 0.283483 0.283485 0.283488 0.283494 0.283501 0.28351 0.283521 0.283533 0.283547 0.283561 0.283577 0.283594 0.283611 0.283629 0.283647 0.283666 0.283684 
0.386861 0.386885 0.38691 0.386936 0.386961 0.386987 0.387013 0.387038 0.387062 0.387086 0.387108 0.387129 0.387147 0.387164 0.387179 0.387192 0.387203 0.38721 0.387216 0.387219 0.387219 0.387217 0.387212 0.387204 0.387194 0.387182 0.387167 0.387151 0.387132 0.387112 0.38709 0.387067 0.387043 0.387018 0.386992 0.386966 0.38694 0.386915 0.38689 0.386865 0.386842 0.38682 0.386799 0.386781 0.386764 0.386749 0.386736 0.386726 0.386718 0.386713 0.38671 0.38671 0.386713 0.386718 0.386725 0.386735 0.386748 0.386762 0.386779 0.386798 0.386818 0.386839 
0.482204 0.482223 0.482244 0.482268 0.482294 0.482322 0.482352 0.482382 0.482414 0.482446 0.482479 0.482511 0.482543 0.482575 0.482605 0.482634 0.482661 0.482686 0.482709 0.48273 0.482748 0.482763 0.482775 0.482784 0.48279 0.482793 0.482792 0.482788 0.482781 0.48277 0.482757 0.48274 0.482721 0.482699 0.482675 0.482649 0.482621 0.482591 0.48256 0.482528 0.482496 0.482464 0.482431 0.482399 0.482368 0.482337 0.482308 0.482281 0.482256 0.482233 0.482213 0.482195 0.48218 0.482168 0.482159 0.482154 0.482151 0.482152 0.482156 0.482164 0.482174 0.482188 
0.569449 0.569453 0.569461 0.569473 0.569488 0.569506 0.569528 0.569553 0.56958 0.56961 0.569642 0.569676 0.569711 0.569747 0.569784 0.569822 0.569859 0.569896 0.569933 0.569968 0.570001 0.570033 0.570063 0.57009 0.570114 0.570135 0.570153 0.570168 0.570179 0.570187 0.57019 0.57019 0.570186 0.570178 0.570167 0.570152 0.570133 0.570111 0.570087 0.570059 0.570029 0.569997 0.569963 0.569927 0.569891 0.569853 0.569816 0.569778 0.569741 0.569705 0.569669 0.569636 0.569604 0.569575 0.569548 0.569524 0.569503 0.569485 0.56947 0.56946 0.569453 0.569449 
0.648527 0.648512 0.648502 0.648495 0.648492 0.648494 0.648499 0.648509 0.648522 0.648539 0.648559 0.648583 0.64861 0.64864 0.648673 0.648707 0.648744 0.648782 0.648821 0.64886 0.6489 0.64894 0.648979 0.649018 0.649055 0.64909 0.649123 0.649154 0.649182 0.649207 0.649229 0.649247 0.649262 0.649273 0.649279 0.649282 0.649281 0.649276 0.649266 0.649253 0.649236 0.649215 0.649191 0.649164 0.649134 0.649101 0.649067 0.64903 0.648992 0.648952 0.648913 0.648872 0.648832 0.648793 0.648755 0.648718 0.648682 0.648649 0.648619 0.648591 0.648566 0.648544 
0.719391 0.719362 0.719336 0.719313 0.719294 0.719278 0.719265 0.719257 0.719252 0.719252 0.719255 0.719262 0.719274 0.719289 0.719307 0.719329 0.719355 0.719383 0.719414 0.719447 0.719482 0.719519 0.719557 0.719596 0.719635 0.719674 0.719713 0.719752 0.719789 0.719824 0.719858 0.71989 0.719919 0.719945 0.719968 0.719988 0.720004 0.720017 0.720025 0.72003 0.720031 0.720027 0.72002 0.720009 0.719994 0.719975 0.719953 0.719927 0.719899 0.719868 0.719834 0.719799 0.719762 0.719724 0.719685 0.719645 0.719606 0.719566 0.719528 0.719491 0.719455 0.719422 
0.781985 0.78195 0.781917 0.781886 0.781856 0.781828 0.781803 0.78178 0.781761 0.781745 0.781732 0.781723 0.781717 0.781715 0.781717 0.781722 0.781731 0.781743 0.781759 0.781778 0.7818 0.781824 0.781852 0.781881 0.781913 0.781946 0.78198 0.782016 0.782052 0.782088 0.782124 0.782159 0.782194 0.782227 0.782259 0.782288 0.782316 0.782341 0.782364 0.782383 0.782399 0.782412 0.782422 0.782428 0.78243 0.782429 0.782423 0.782415 0.782402 0.782386 0.782367 0.782345 0.78232 0.782293 0.782263 0.782231 0.782198 0.782163 0.782128 0.782092 0.782056 0.78202 
0.83625 0.836219 0.836188 0.836157 0.836126 0.836096 0.836066 0.836038 0.836011 0.835985 0.835962 0.835941 0.835923 0.835907 0.835894 0.835884 0.835876 0.835873 0.835872 0.835874 0.83588 0.835888 0.8359 0.835914 0.835931 0.835951 0.835973 0.835997 0.836023 0.836051 0.836079 0.836109 0.83614 0.836171 0.836202 0.836233 0.836263 0.836293 0.836321 0.836348 0.836373 0.836396 0.836417 0.836436 0.836452 0.836465 0.836475 0.836482 0.836487 0.836487 0.836485 0.83648 0.836471 0.836459 0.836445 0.836428 0.836408 0.836386 0.836361 0.836335 0.836308 0.836279 
0.882145 0.882125 0.882104 0.882081 0.882057 0.882032 0.882007 0.88198 0.881954 0.881928 0.881902 0.881876 0.881852 0.881829 0.881807 0.881786 0.881768 0.881751 0.881737 0.881725 0.881715 0.881708 0.881704 0.881702 0.881703 0.881707 0.881713 0.881721 0.881732 0.881746 0.881762 0.881779 0.881799 0.88182 0.881843 0.881867 0.881892 0.881917 0.881943 0.881969 0.881995 0.882021 0.882047 0.882071 0.882094 0.882116 0.882136 0.882155 0.882172 0.882186 0.882198 0.882208 0.882215 0.88222 0.882222 0.882221 0.882217 0.882211 0.882202 0.882191 0.882178 0.882162 
0.919656 0.919651 0.919643 0.919633 0.919621 0.919607 0.919591 0.919573 0.919554 0.919533 0.919511 0.919488 0.919464 0.91944 0.919416 0.919391 0.919367 0.919344 0.919321 0.9193 0.919279 0.91926 0.919243 0.919227 0.919214 0.919202 0.919193 0.919186 0.919181 0.919179 0.91918 0.919182 0.919188 0.919195 0.919205 0.919217 0.919231 0.919247 0.919265 0.919285 0.919305 0.919327 0.91935 0.919374 0.919398 0.919422 0.919446 0.91947 0.919494 0.919517 0.919538 0.919559 0.919578 0.919596 0.919611 0.919625 0.919636 0.919646 0.919652 0.919657 0.919659 0.919659 
0.948794 0.948803 0.948809 0.948813 0.948814 0.948812 0.948808 0.948801 0.948791 0.948779 0.948765 0.948749 0.94873 0.94871 0.948688 0.948665 0.94864 0.948615 0.948588 0.948562 0.948535 0.948509 0.948483 0.948458 0.948434 0.948411 0.948389 0.948369 0.948351 0.948335 0.948321 0.94831 0.948301 0.948295 0.948291 0.94829 0.948292 0.948296 0.948303 0.948312 0.948324 0.948339 0.948355 0.948373 0.948394 0.948416 0.948439 0.948463 0.948489 0.948515 0.948541 0.948568 0.948594 0.94862 0.948646 0.94867 0.948693 0.948715 0.948735 0.948753 0.948769 0.948782 
0.96958 0.9696 0.969618 0.969633 0.969646 0.969655 0.969662 0.969665 0.969665 0.969662 0.969656 0.969647 0.969635 0.969621 0.969603 0.969583 0.969561 0.969537 0.969511 0.969483 0.969454 0.969424 0.969393 0.969362 0.969332 0.969301 0.969271 0.969242 0.969214 0.969187 0.969163 0.96914 0.96912 0.969102 0.969087 0.969075 0.969065 0.969059 0.969055 0.969055 0.969058 0.969064 0.969073 0.969085 0.9691 0.969118 0.969138 0.96916 0.969184 0.96921 0.969238 0.969267 0.969297 0.969328 0.969359 0.969389 0.96942 0.96945 0.969479 0.969507 0.969533 0.969558 
0.98204 0.982068 0.982093 0.982115 0.982135 0.982152 0.982166 0.982177 0.982184 0.982188 0.982188 0.982185 0.982178 0.982168 0.982154 0.982137 0.982118 0.982095 0.98207 0.982043 0.982013 0.981982 0.981949 0.981916 0.981881 0.981846 0.981812 0.981777 0.981743 0.981711 0.981679 0.98165 0.981622 0.981597 0.981574 0.981554 0.981537 0.981523 0.981513 0.981506 0.981502 0.981502 0.981505 0.981512 0.981523 0.981536 0.981553 0.981573 0.981596 0.981621 0.981648 0.981678 0.981709 0.981742 0.981775 0.98181 0.981845 0.981879 0.981914 0.981947 0.98198 0.982011 
0.986192 0.986222 0.98625 0.986276 0.986298 0.986318 0.986334 0.986348 0.986357 0.986364 0.986366 0.986365 0.98636 0.986351 0.986339 0.986324 0.986305 0.986283 0.986259 0.986231 0.986202 0.98617 0.986137 0.986102 0.986067 0.98603 0.985994 0.985958 0.985922 0.985887 0.985853 0.985821 0.985791 0.985763 0.985737 0.985714 0.985695 0.985678 0.985665 0.985655 0.985649 0.985647 0.985648 0.985653 0.985662 0.985674 0.98569 0.985709 0.985731 0.985755 0.985783 0.985812 0.985844 0.985877 0.985912 0.985948 0.985984 0.98602 0.986057 0.986092 0.986127 0.986161 
0.982044 0.982072 0.982097 0.98212 0.982141 0.982158 0.982172 0.982183 0.98219 0.982194 0.982194 0.982191 0.982184 0.982173 0.98216 0.982143 0.982122 0.9821 0.982074 0.982046 0.982016 0.981984 0.981951 0.981917 0.981882 0.981847 0.981811 0.981776 0.981742 0.981708 0.981676 0.981646 0.981618 0.981592 0.981569 0.981549 0.981532 0.981518 0.981507 0.9815 0.981496 0.981496 0.9815 0.981507 0.981517 0.981531 0.981548 0.981568 0.981591 0.981617 0.981645 0.981675 0.981707 0.98174 0.981774 0.981809 0.981845 0.98188 0.981915 0.98195 0.981983 0.982014 
0.969589 0.969611 0.969629 0.969645 0.969658 0.969668 0.969675 0.969678 0.969679 0.969676 0.969669 0.96966 0.969648 0.969632 0.969614 0.969593 0.96957 0.969545 0.969518 0.969489 0.969459 0.969428 0.969396 0.969363 0.969331 0.969299 0.969268 0.969237 0.969208 0.969181 0.969155 0.969131 0.96911 0.969091 0.969075 0.969062 0.969052 0.969046 0.969042 0.969042 0.969045 0.969051 0.969061 0.969073 0.969089 0.969107 0.969128 0.969151 0.969176 0.969204 0.969233 0.969263 0.969294 0.969326 0.969358 0.969391 0.969423 0.969454 0.969484 0.969513 0.969541 0.969566 
0.948812 0.948822 0.948829 0.948834 0.948836 0.948834 0.94883 0.948823 0.948813 0.948801 0.948786 0.948768 0.948749 0.948727 0.948704 0.948679 0.948652 0.948625 0.948597 0.948568 0.948539 0.948511 0.948482 0.948455 0.948428 0.948403 0.948379 0.948358 0.948338 0.94832 0.948304 0.948292 0.948282 0.948274 0.94827 0.948268 0.948269 0.948274 0.948281 0.94829 0.948303 0.948318 0.948335 0.948355 0.948377 0.9484 0.948426 0.948452 0.948479 0.948507 0.948536 0.948565 0.948594 0.948622 0.94865 0.948676 0.948701 0.948725 0.948747 0.948767 0.948784 0.9488 
0.919688 0.919683 0.919677 0.919667 0.919655 0.919641 0.919624 0.919605 0.919585 0.919562 0.919538 0.919513 0.919487 0.919461 0.919433 0.919406 0.919379 0.919352 0.919326 0.919301 0.919277 0.919254 0.919234 0.919215 0.919198 0.919184 0.919172 0.919162 0.919155 0.919151 0.91915 0.919151 0.919155 0.919162 0.919171 0.919183 0.919198 0.919215 0.919233 0.919254 0.919276 0.9193 0.919325 0.919351 0.919378 0.919405 0.919433 0.91946 0.919487 0.919513 0.919538 0.919562 0.919584 0.919605 0.919624 0.919641 0.919655 0.919667 0.919677 0.919684 0.919688 0.919689 
0.882191 0.882172 0.882151 0.882127 0.882102 0.882076 0.882048 0.88202 0.88199 0.881961 0.881931 0.881902 0.881874 0.881846 0.88182 0.881795 0.881771 0.88175 0.881731 0.881714 0.8817 0.881688 0.88168 0.881674 0.881671 0.881671 0.881674 0.88168 0.881689 0.881701 0.881715 0.881732 0.881752 0.881773 0.881797 0.881822 0.881848 0.881876 0.881904 0.881933 0.881963 0.881992 0.882021 0.88205 0.882078 0.882104 0.882129 0.882152 0.882174 0.882193 0.88221 0.882224 0.882236 0.882244 0.88225 0.882253 0.882253 0.882249 0.882243 0.882234 0.882222 0.882208 
0.836309 0.836277 0.836245 0.836211 0.836177 0.836143 0.836109 0.836076 0.836044 0.836014 0.835985 0.835958 0.835933 0.835911 0.835892 0.835876 0.835863 0.835853 0.835846 0.835843 0.835843 0.835847 0.835854 0.835865 0.835878 0.835895 0.835915 0.835938 0.835962 0.83599 0.836019 0.836049 0.836082 0.836115 0.836148 0.836182 0.836216 0.83625 0.836283 0.836315 0.836345 0.836374 0.836401 0.836426 0.836448 0.836467 0.836483 0.836497 0.836507 0.836513 0.836516 0.836516 0.836512 0.836505 0.836494 0.83648 0.836463 0.836443 0.836421 0.836396 0.836369 0.83634 
0.782049 0.78201 0.781973 0.781936 0.7819 0.781867 0.781835 0.781806 0.781779 0.781756 0.781736 0.781719 0.781706 0.781696 0.781691 0.781689 0.781691 0.781698 0.781708 0.781722 0.781739 0.78176 0.781784 0.781811 0.781841 0.781873 0.781907 0.781943 0.78198 0.782018 0.782057 0.782095 0.782134 0.782172 0.782209 0.782244 0.782278 0.78231 0.782339 0.782366 0.782389 0.782409 0.782426 0.782439 0.782449 0.782454 0.782456 0.782454 0.782447 0.782437 0.782423 0.782405 0.782384 0.78236 0.782332 0.782303 0.78227 0.782236 0.7822 0.782163 0.782125 0.782087 
0.719443 0.719408 0.719375 0.719344 0.719317 0.719292 0.719272 0.719255 0.719242 0.719233 0.719229 0.719228 0.719232 0.71924 0.719252 0.719268 0.719288 0.719312 0.719339 0.719369 0.719402 0.719437 0.719474 0.719514 0.719554 0.719595 0.719637 0.719679 0.71972 0.719761 0.7198 0.719838 0.719874 0.719907 0.719938 0.719965 0.71999 0.72001 0.720027 0.72004 0.720049 0.720054 0.720054 0.72005 0.720042 0.72003 0.720014 0.719993 0.719969 0.719942 0.719912 0.719879 0.719843 0.719806 0.719766 0.719726 0.719684 0.719643 0.719601 0.71956 0.719519 0.71948 
0.648549 0.648527 0.648507 0.648492 0.648481 0.648473 0.64847 0.648472 0.648477 0.648487 0.648501 0.648519 0.64854 0.648565 0.648594 0.648625 0.648659 0.648696 0.648734 0.648774 0.648815 0.648857 0.6489 0.648942 0.648983 0.649024 0.649063 0.6491 0.649136 0.649168 0.649198 0.649225 0.649248 0.649267 0.649283 0.649294 0.649301 0.649305 0.649303 0.649298 0.649288 0.649274 0.649256 0.649234 0.649209 0.64918 0.649148 0.649114 0.649077 0.649038 0.648998 0.648957 0.648915 0.648872 0.64883 0.648789 0.648748 0.648709 0.648672 0.648637 0.648605 0.648575 
0.569432 0.569428 0.569428 0.569431 0.569439 0.569451 0.569466 0.569486 0.569508 0.569534 0.569562 0.569594 0.569627 0.569663 0.5697 0.569739 0.569778 0.569817 0.569857 0.569897 0.569935 0.569972 0.570008 0.570042 0.570074 0.570103 0.570129 0.570152 0.570171 0.570187 0.570199 0.570207 0.570212 0.570212 0.570208 0.5702 0.570188 0.570173 0.570154 0.570131 0.570105 0.570076 0.570044 0.570011 0.569975 0.569937 0.569899 0.569859 0.56982 0.56978 0.56974 0.569702 0.569665 0.569629 0.569595 0.569564 0.569535 0.569509 0.569487 0.569467 0.569452 0.56944 
0.482151 0.482165 0.482182 0.482201 0.482224 0.482249 0.482277 0.482306 0.482337 0.48237 0.482403 0.482438 0.482472 0.482507 0.482541 0.482575 0.482607 0.482639 0.482668 0.482695 0.482721 0.482743 0.482763 0.48278 0.482793 0.482804 0.48281 0.482814 0.482814 0.48281 0.482803 0.482793 0.482779 0.482762 0.482742 0.482719 0.482694 0.482666 0.482636 0.482605 0.482572 0.482539 0.482504 0.482469 0.482435 0.4824 0.482367 0.482334 0.482303 0.482274 0.482247 0.482222 0.4822 0.48218 0.482164 0.48215 0.48214 0.482133 0.48213 0.48213 0.482134 0.482141 
0.386798 0.386821 0.386845 0.386871 0.386897 0.386925 0.386953 0.386981 0.387008 0.387036 0.387063 0.387088 0.387113 0.387135 0.387156 0.387175 0.387192 0.387207 0.387219 0.387228 0.387235 0.387239 0.38724 0.387238 0.387234 0.387227 0.387217 0.387204 0.387189 0.387171 0.387152 0.38713 0.387107 0.387083 0.387057 0.38703 0.387002 0.386974 0.386946 0.386919 0.386891 0.386865 0.386839 0.386815 0.386792 0.386771 0.386753 0.386736 0.386721 0.38671 0.3867 0.386694 0.38669 0.386689 0.386691 0.386696 0.386703 0.386713 0.386726 0.386741 0.386758 0.386777 
0.283656 0.283676 0.283696 0.283717 0.283736 0.283755 0.283773 0.28379 0.283806 0.28382 0.283833 0.283843 0.283852 0.283859 0.283864 0.283867 0.283868 0.283867 0.283864 0.283859 0.283851 0.283842 0.283831 0.283819 0.283804 0.283789 0.283772 0.283754 0.283735 0.283715 0.283695 0.283674 0.283654 0.283633 0.283613 0.283594 0.283575 0.283557 0.28354 0.283525 0.283511 0.283498 0.283487 0.283479 0.283472 0.283467 0.283464 0.283463 0.283464 0.283468 0.283473 0.28348 0.283489 0.2835 0.283513 0.283527 0.283543 0.28356 0.283578 0.283597 0.283616 0.283636 
0.173576 0.173586 0.173596 0.173606 0.173614 0.173621 0.173627 0.173632 0.173636 0.173638 0.17364 0.173639 0.173638 0.173635 0.173631 0.173626 0.17362 0.173613 0.173605 0.173595 0.173585 0.173575 0.173563 0.173551 0.173539 0.173527 0.173514 0.173501 0.173489 0.173477 0.173465 0.173453 0.173443 0.173433 0.173424 0.173416 0.173408 0.173402 0.173398 0.173394 0.173391 0.17339 0.17339 0.173392 0.173394 0.173398 0.173403 0.17341 0.173417 0.173425 0.173434 0.173444 0.173455 0.173466 0.173478 0.173491 0.173503 0.173515 0.173528 0.17354 0.173552 0.173564 
0.0584766 0.0584788 0.0584807 0.0584821 0.0584832 0.058484 0.0584844 0.0584844 0.058484 0.0584833 0.0584822 0.0584807 0.0584789 0.0584768 0.0584744 0.0584717 0.0584687 0.0584655 0.0584621 0.0584586 0.058455 0.0584512 0.0584475 0.0584437 0.0584399 0.0584362 0.0584327 0.0584293 0.058426 0.058423 0.0584203 0.0584178 0.0584156 0.0584137 0.0584122 0.058411 0.0584102 0.0584098 0.0584098 0.0584101 0.0584109 0.058412 0.0584134 0.0584152 0.0584174 0.0584198 0.0584225 0.0584255 0.0584286 0.058432 0.0584355 0.0584392 0.0584429 0.0584466 0.0584504 0.0584541 0.0584577 0.0584612 0.0584645 0.0584678 0.0584708 0.0584738 
