0.0580467 0.0580479 0.0580489 0.0580495 0.05805 0.0580502 0.0580501 0.0580497 0.0580491 0.0580483 0.0580472 0.0580458 0.0580443 0.0580425 0.0580406 0.0580385 0.0580362 0.0580338 0.0580314 0.0580288 0.0580262 0.0580236 0.058021 0.0580184 0.0580159 0.0580135 0.0580111 0.0580089 0.0580069 0.0580051 0.0580034 0.058002 0.0580008 0.0579998 0.0579991 0.0579986 0.0579984 0.0579985 0.0579988 0.0579994 0.0580003 0.0580014 0.0580027 0.0580043 0.058006 0.058008 0.0580101 0.0580123 0.0580147 0.0580172 0.0580197 0.0580223 0.0580249 0.0580275 0.05803 0.0580325 0.0580349 0.0580372 0.0580393 0.0580414 0.0580432 0.058045 
0.172408 0.172417 0.172424 0.172432 0.172438 0.172444 0.172449 0.172453 0.172456 0.172458 0.172459 0.17246 0.172459 0.172458 0.172455 0.172452 0.172448 0.172443 0.172437 0.17243 0.172423 0.172416 0.172407 0.172399 0.17239 0.172381 0.172371 0.172362 0.172353 0.172344 0.172335 0.172326 0.172318 0.17231 0.172303 0.172297 0.172291 0.172287 0.172283 0.172279 0.172277 0.172276 0.172276 0.172276 0.172278 0.17228 0.172283 0.172288 0.172293 0.172298 0.172305 0.172312 0.17232 0.172328 0.172337 0.172345 0.172355 0.172364 0.172373 0.172382 0.172391 0.1724 
0.282021 0.282036 0.282053 0.282069 0.282085 0.282101 0.282116 0.282131 0.282145 0.282157 0.282169 0.282179 0.282189 0.282196 0.282202 0.282207 0.28221 0.282211 0.282211 0.282209 0.282205 0.2822 0.282194 0.282186 0.282176 0.282165 0.282153 0.28214 0.282126 0.282112 0.282096 0.28208 0.282064 0.282048 0.282032 0.282016 0.282 0.281985 0.28197 0.281957 0.281944 0.281932 0.281922 0.281913 0.281905 0.281899 0.281895 0.281892 0.281891 0.281891 0.281893 0.281897 0.281902 0.281908 0.281917 0.281926 0.281937 0.281949 0.281962 0.281976 0.28199 0.282005 
0.384936 0.384952 0.38497 0.384989 0.38501 0.385032 0.385054 0.385077 0.385101 0.385125 0.385148 0.385172 0.385194 0.385216 0.385237 0.385256 0.385274 0.38529 0.385305 0.385317 0.385328 0.385336 0.385342 0.385345 0.385346 0.385345 0.385342 0.385336 0.385327 0.385317 0.385304 0.38529 0.385274 0.385256 0.385236 0.385215 0.385194 0.385171 0.385148 0.385124 0.385101 0.385077 0.385054 0.385031 0.38501 0.384989 0.38497 0.384952 0.384935 0.384921 0.384909 0.384898 0.38489 0.384885 0.384881 0.38488 0.384881 0.384885 0.384891 0.384899 0.38491 0.384922 
0.480219 0.480223 0.48023 0.48024 0.480253 0.480269 0.480288 0.480309 0.480332 0.480357 0.480384 0.480412 0.480442 0.480472 0.480503 0.480534 0.480565 0.480595 0.480625 0.480654 0.480681 0.480706 0.48073 0.480752 0.480771 0.480788 0.480802 0.480813 0.480822 0.480827 0.480829 0.480828 0.480824 0.480816 0.480806 0.480793 0.480777 0.480758 0.480737 0.480714 0.480688 0.480662 0.480633 0.480604 0.480573 0.480542 0.480511 0.48048 0.48045 0.48042 0.480392 0.480364 0.480339 0.480315 0.480293 0.480274 0.480258 0.480244 0.480233 0.480225 0.48022 0.480218 
0.567514 0.567498 0.567487 0.567478 0.567474 0.567473 0.567476 0.567483 0.567493 0.567507 0.567524 0.567544 0.567568 0.567594 0.567623 0.567653 0.567686 0.567721 0.567756 0.567792 0.567829 0.567866 0.567902 0.567938 0.567973 0.568007 0.568038 0.568068 0.568095 0.56812 0.568142 0.56816 0.568176 0.568188 0.568196 0.568201 0.568202 0.568199 0.568192 0.568182 0.568168 0.568151 0.56813 0.568107 0.568081 0.568052 0.568021 0.567988 0.567953 0.567918 0.567881 0.567844 0.567807 0.56777 0.567735 0.5677 0.567666 0.567634 0.567605 0.567578 0.567553 0.567532 
0.646679 0.646646 0.646616 0.646589 0.646565 0.646544 0.646527 0.646514 0.646505 0.646499 0.646498 0.646501 0.646507 0.646518 0.646533 0.646551 0.646573 0.646598 0.646627 0.646658 0.646691 0.646726 0.646764 0.646802 0.646842 0.646882 0.646922 0.646962 0.647001 0.647039 0.647076 0.647111 0.647143 0.647173 0.6472 0.647224 0.647245 0.647262 0.647276 0.647285 0.647291 0.647292 0.64729 0.647283 0.647272 0.647257 0.647239 0.647217 0.647192 0.647163 0.647132 0.647099 0.647063 0.647025 0.646987 0.646947 0.646907 0.646866 0.646826 0.646787 0.646749 0.646713 
0.71761 0.71757 0.717531 0.717493 0.717457 0.717422 0.71739 0.71736 0.717333 0.71731 0.71729 0.717273 0.717261 0.717252 0.717248 0.717247 0.717251 0.717259 0.71727 0.717286 0.717305 0.717328 0.717354 0.717383 0.717415 0.717449 0.717485 0.717522 0.717561 0.717601 0.717641 0.717682 0.717722 0.717761 0.717799 0.717835 0.71787 0.717902 0.717932 0.717958 0.717982 0.718002 0.718018 0.718031 0.71804 0.718044 0.718045 0.718041 0.718034 0.718022 0.718007 0.717987 0.717964 0.717938 0.717909 0.717877 0.717843 0.717807 0.717769 0.71773 0.71769 0.71765 
0.780215 0.78018 0.780143 0.780106 0.780069 0.780031 0.779994 0.779958 0.779923 0.779889 0.779858 0.779828 0.779802 0.779778 0.779757 0.77974 0.779726 0.779715 0.779709 0.779706 0.779707 0.779712 0.77972 0.779732 0.779748 0.779767 0.779789 0.779815 0.779842 0.779873 0.779905 0.779939 0.779974 0.780011 0.780048 0.780086 0.780123 0.78016 0.780196 0.780231 0.780264 0.780295 0.780324 0.780351 0.780375 0.780396 0.780413 0.780427 0.780438 0.780445 0.780448 0.780447 0.780442 0.780434 0.780422 0.780406 0.780387 0.780364 0.780339 0.780311 0.780281 0.780249 
0.834429 0.834407 0.834383 0.834356 0.834328 0.834298 0.834267 0.834235 0.834203 0.83417 0.834138 0.834106 0.834074 0.834044 0.834016 0.833989 0.833964 0.833941 0.833921 0.833904 0.833889 0.833878 0.83387 0.833865 0.833863 0.833864 0.833869 0.833877 0.833888 0.833902 0.833919 0.833939 0.833961 0.833986 0.834012 0.834041 0.83407 0.834101 0.834133 0.834165 0.834198 0.83423 0.834262 0.834293 0.834323 0.834351 0.834378 0.834403 0.834425 0.834445 0.834463 0.834477 0.834489 0.834498 0.834503 0.834505 0.834503 0.834499 0.834491 0.83448 0.834466 0.834449 
0.88023 0.880225 0.880217 0.880206 0.880193 0.880177 0.88016 0.88014 0.880119 0.880096 0.880071 0.880046 0.88002 0.879993 0.879966 0.879939 0.879912 0.879886 0.87986 0.879836 0.879813 0.879792 0.879772 0.879754 0.879739 0.879726 0.879715 0.879707 0.879702 0.879699 0.879699 0.879702 0.879708 0.879716 0.879727 0.87974 0.879755 0.879773 0.879792 0.879814 0.879837 0.879861 0.879886 0.879912 0.879939 0.879966 0.879993 0.880019 0.880046 0.880071 0.880095 0.880118 0.880139 0.880159 0.880177 0.880192 0.880206 0.880216 0.880224 0.88023 0.880233 0.880233 
0.917632 0.917643 0.91765 0.917656 0.917659 0.91766 0.917658 0.917654 0.917647 0.917639 0.917628 0.917615 0.9176 0.917583 0.917564 0.917544 0.917523 0.917501 0.917478 0.917454 0.91743 0.917406 0.917382 0.917359 0.917336 0.917314 0.917294 0.917274 0.917256 0.91724 0.917226 0.917214 0.917204 0.917196 0.917191 0.917188 0.917187 0.917189 0.917193 0.9172 0.917208 0.917219 0.917232 0.917248 0.917264 0.917283 0.917303 0.917324 0.917346 0.917369 0.917392 0.917416 0.91744 0.917464 0.917487 0.91751 0.917532 0.917553 0.917572 0.91759 0.917606 0.91762 
0.946671 0.946692 0.946713 0.946731 0.946748 0.946763 0.946776 0.946787 0.946795 0.946801 0.946804 0.946805 0.946803 0.946799 0.946792 0.946782 0.946771 0.946757 0.946741 0.946723 0.946704 0.946683 0.94666 0.946637 0.946612 0.946588 0.946562 0.946537 0.946512 0.946488 0.946464 0.946441 0.946419 0.946399 0.94638 0.946363 0.946348 0.946335 0.946325 0.946317 0.946311 0.946308 0.946307 0.946309 0.946314 0.946321 0.94633 0.946342 0.946355 0.946371 0.946389 0.946409 0.94643 0.946452 0.946475 0.9465 0.946524 0.946549 0.946575 0.9466 0.946624 0.946648 
0.967382 0.967411 0.96744 0.967468 0.967494 0.96752 0.967544 0.967566 0.967585 0.967603 0.967618 0.967631 0.967641 0.967648 0.967652 0.967653 0.967651 0.967647 0.967639 0.967628 0.967615 0.967599 0.967581 0.967561 0.967538 0.967514 0.967488 0.967461 0.967433 0.967405 0.967375 0.967346 0.967317 0.967289 0.967261 0.967234 0.967209 0.967185 0.967163 0.967143 0.967126 0.96711 0.967098 0.967088 0.967081 0.967077 0.967076 0.967078 0.967083 0.967091 0.967101 0.967114 0.96713 0.967148 0.967169 0.967191 0.967215 0.967241 0.967268 0.967296 0.967325 0.967354 
0.979797 0.97983 0.979863 0.979896 0.979928 0.97996 0.97999 0.980019 0.980046 0.980072 0.980095 0.980115 0.980133 0.980148 0.980159 0.980168 0.980173 0.980175 0.980174 0.980169 0.980161 0.98015 0.980136 0.980119 0.980099 0.980076 0.980051 0.980024 0.979995 0.979965 0.979934 0.979901 0.979868 0.979835 0.979802 0.97977 0.979738 0.979708 0.979679 0.979652 0.979626 0.979603 0.979583 0.979565 0.979551 0.979539 0.979531 0.979525 0.979524 0.979525 0.97953 0.979538 0.979549 0.979564 0.979581 0.979601 0.979624 0.979648 0.979675 0.979704 0.979734 0.979765 
0.983933 0.983968 0.984002 0.984037 0.984071 0.984105 0.984138 0.984169 0.984199 0.984227 0.984253 0.984276 0.984297 0.984314 0.984329 0.98434 0.984348 0.984353 0.984353 0.984351 0.984345 0.984335 0.984323 0.984307 0.984287 0.984266 0.984241 0.984214 0.984185 0.984154 0.984122 0.984089 0.984054 0.98402 0.983985 0.983951 0.983917 0.983884 0.983852 0.983822 0.983794 0.983768 0.983745 0.983725 0.983707 0.983693 0.983682 0.983674 0.98367 0.983669 0.983671 0.983678 0.983687 0.9837 0.983716 0.983736 0.983758 0.983782 0.983809 0.983838 0.983868 0.9839 
0.979797 0.979831 0.979864 0.979898 0.979931 0.979963 0.979994 0.980024 0.980052 0.980077 0.980101 0.980122 0.98014 0.980155 0.980167 0.980175 0.980181 0.980183 0.980181 0.980176 0.980168 0.980157 0.980142 0.980124 0.980104 0.980081 0.980055 0.980028 0.979998 0.979967 0.979935 0.979902 0.979868 0.979834 0.979801 0.979768 0.979735 0.979704 0.979675 0.979647 0.979621 0.979598 0.979577 0.979559 0.979544 0.979532 0.979523 0.979518 0.979516 0.979518 0.979523 0.979531 0.979543 0.979558 0.979576 0.979596 0.979619 0.979645 0.979672 0.979702 0.979733 0.979765 
0.967384 0.967415 0.967445 0.967474 0.967502 0.967529 0.967554 0.967577 0.967598 0.967617 0.967633 0.967646 0.967656 0.967664 0.967668 0.967669 0.967667 0.967662 0.967654 0.967643 0.967629 0.967612 0.967593 0.967572 0.967548 0.967523 0.967495 0.967467 0.967437 0.967407 0.967376 0.967345 0.967315 0.967284 0.967255 0.967227 0.9672 0.967175 0.967152 0.967131 0.967112 0.967096 0.967083 0.967073 0.967066 0.967061 0.96706 0.967062 0.967067 0.967076 0.967087 0.967101 0.967118 0.967137 0.967158 0.967182 0.967208 0.967235 0.967263 0.967293 0.967323 0.967354 
0.946678 0.946703 0.946725 0.946746 0.946766 0.946783 0.946797 0.946809 0.946819 0.946826 0.94683 0.946831 0.94683 0.946826 0.946819 0.946809 0.946797 0.946782 0.946765 0.946745 0.946724 0.946701 0.946677 0.946651 0.946624 0.946597 0.946569 0.946541 0.946513 0.946486 0.94646 0.946434 0.94641 0.946387 0.946366 0.946346 0.946329 0.946315 0.946303 0.946293 0.946286 0.946282 0.946281 0.946282 0.946287 0.946294 0.946304 0.946316 0.946331 0.946348 0.946367 0.946389 0.946412 0.946436 0.946462 0.946488 0.946516 0.946544 0.946572 0.946599 0.946626 0.946653 
0.917652 0.917666 0.917677 0.917685 0.917691 0.917694 0.917695 0.917692 0.917687 0.917679 0.917668 0.917655 0.91764 0.917622 0.917602 0.917581 0.917558 0.917533 0.917507 0.917481 0.917454 0.917426 0.917399 0.917372 0.917345 0.917319 0.917294 0.917271 0.917249 0.917229 0.91721 0.917194 0.917181 0.91717 0.917161 0.917156 0.917153 0.917152 0.917155 0.91716 0.917168 0.917179 0.917192 0.917207 0.917225 0.917245 0.917266 0.917289 0.917314 0.91734 0.917366 0.917393 0.917421 0.917448 0.917475 0.917502 0.917528 0.917553 0.917576 0.917598 0.917619 0.917637 
0.88027 0.880268 0.880263 0.880256 0.880245 0.880231 0.880215 0.880196 0.880175 0.880152 0.880126 0.8801 0.880071 0.880042 0.880012 0.879981 0.87995 0.87992 0.87989 0.87986 0.879832 0.879805 0.87978 0.879757 0.879735 0.879717 0.8797 0.879687 0.879676 0.879669 0.879664 0.879663 0.879664 0.879669 0.879677 0.879687 0.879701 0.879717 0.879736 0.879757 0.879781 0.879806 0.879833 0.879861 0.87989 0.879921 0.879951 0.879982 0.880012 0.880042 0.880072 0.8801 0.880127 0.880152 0.880175 0.880197 0.880215 0.880232 0.880245 0.880256 0.880264 0.880268 
0.834493 0.834474 0.834452 0.834427 0.8344 0.83437 0.834338 0.834305 0.834271 0.834236 0.8342 0.834164 0.834128 0.834093 0.834059 0.834026 0.833994 0.833965 0.833938 0.833913 0.833891 0.833872 0.833857 0.833845 0.833836 0.833831 0.833829 0.833831 0.833837 0.833846 0.833859 0.833875 0.833894 0.833916 0.833941 0.833969 0.833998 0.83403 0.834063 0.834097 0.834132 0.834168 0.834204 0.83424 0.834275 0.834309 0.834342 0.834373 0.834403 0.83443 0.834454 0.834476 0.834495 0.834511 0.834523 0.834532 0.834537 0.834539 0.834537 0.834531 0.834522 0.834509 
0.7803 0.780266 0.780229 0.780191 0.780151 0.780111 0.78007 0.780029 0.779989 0.77995 0.779912 0.779876 0.779842 0.77981 0.779781 0.779755 0.779732 0.779713 0.779698 0.779686 0.779679 0.779675 0.779676 0.779681 0.77969 0.779703 0.77972 0.77974 0.779764 0.779791 0.779821 0.779854 0.779888 0.779925 0.779964 0.780003 0.780044 0.780084 0.780125 0.780165 0.780204 0.780242 0.780278 0.780312 0.780344 0.780373 0.780399 0.780422 0.780441 0.780456 0.780468 0.780475 0.780478 0.780478 0.780473 0.780464 0.780451 0.780434 0.780413 0.78039 0.780362 0.780333 
0.717702 0.717659 0.717616 0.717573 0.717531 0.717489 0.71745 0.717413 0.717377 0.717345 0.717316 0.71729 0.717268 0.71725 0.717235 0.717225 0.71722 0.717218 0.717221 0.717229 0.717241 0.717257 0.717276 0.7173 0.717327 0.717358 0.717391 0.717427 0.717466 0.717506 0.717547 0.71759 0.717633 0.717677 0.71772 0.717762 0.717803 0.717842 0.71788 0.717915 0.717947 0.717976 0.718002 0.718024 0.718043 0.718057 0.718067 0.718073 0.718074 0.718071 0.718063 0.718052 0.718035 0.718015 0.717991 0.717964 0.717933 0.7179 0.717863 0.717825 0.717785 0.717744 
0.646752 0.646712 0.646675 0.646639 0.646606 0.646576 0.646549 0.646526 0.646507 0.646491 0.64648 0.646473 0.64647 0.646472 0.646478 0.646488 0.646503 0.646521 0.646544 0.64657 0.646599 0.646631 0.646666 0.646703 0.646743 0.646784 0.646826 0.646868 0.646911 0.646954 0.646996 0.647038 0.647077 0.647115 0.647151 0.647184 0.647214 0.647241 0.647264 0.647283 0.647299 0.64731 0.647317 0.64732 0.647318 0.647312 0.647302 0.647287 0.647269 0.647246 0.64722 0.64719 0.647158 0.647123 0.647085 0.647046 0.647004 0.646962 0.64692 0.646877 0.646834 0.646792 
0.567543 0.567519 0.567498 0.56748 0.567466 0.567455 0.567449 0.567446 0.567448 0.567453 0.567463 0.567476 0.567493 0.567514 0.567538 0.567564 0.567594 0.567626 0.567661 0.567697 0.567735 0.567773 0.567813 0.567852 0.567892 0.567931 0.567969 0.568005 0.56804 0.568073 0.568103 0.568131 0.568156 0.568177 0.568195 0.568209 0.56822 0.568226 0.568229 0.568227 0.568221 0.568212 0.568199 0.568181 0.568161 0.568137 0.56811 0.56808 0.568047 0.568013 0.567976 0.567938 0.567899 0.56786 0.56782 0.567781 0.567742 0.567704 0.567668 0.567633 0.5676 0.56757 
0.480196 0.480192 0.480192 0.480195 0.480201 0.48021 0.480223 0.480239 0.480257 0.480279 0.480303 0.480329 0.480357 0.480387 0.480418 0.480451 0.480484 0.480517 0.480551 0.480584 0.480617 0.480649 0.480679 0.480708 0.480735 0.480759 0.480782 0.480801 0.480818 0.480832 0.480843 0.48085 0.480854 0.480855 0.480852 0.480846 0.480836 0.480823 0.480807 0.480788 0.480767 0.480743 0.480716 0.480688 0.480658 0.480627 0.480594 0.480561 0.480527 0.480494 0.48046 0.480428 0.480396 0.480366 0.480337 0.48031 0.480286 0.480264 0.480244 0.480228 0.480214 0.480204 
0.38488 0.384892 0.384907 0.384923 0.384942 0.384962 0.384984 0.385007 0.385031 0.385057 0.385082 0.385108 0.385135 0.38516 0.385186 0.385211 0.385234 0.385257 0.385277 0.385297 0.385314 0.385329 0.385342 0.385353 0.385361 0.385367 0.38537 0.38537 0.385368 0.385363 0.385356 0.385346 0.385334 0.385319 0.385302 0.385284 0.385263 0.385241 0.385218 0.385193 0.385168 0.385142 0.385116 0.38509 0.385064 0.385039 0.385015 0.384991 0.384969 0.384948 0.384929 0.384912 0.384896 0.384884 0.384873 0.384865 0.38486 0.384857 0.384856 0.384859 0.384864 0.384871 
0.281967 0.281983 0.282001 0.282019 0.282037 0.282055 0.282074 0.282092 0.28211 0.282127 0.282143 0.282159 0.282173 0.282186 0.282197 0.282207 0.282216 0.282223 0.282228 0.282231 0.282232 0.282232 0.282229 0.282225 0.282219 0.282211 0.282202 0.282191 0.282179 0.282165 0.28215 0.282134 0.282117 0.2821 0.282082 0.282064 0.282045 0.282027 0.282009 0.281991 0.281974 0.281958 0.281943 0.281928 0.281916 0.281904 0.281894 0.281886 0.281879 0.281874 0.281871 0.28187 0.28187 0.281873 0.281877 0.281883 0.281891 0.2819 0.281911 0.281924 0.281937 0.281952 
0.172382 0.172392 0.172403 0.172413 0.172423 0.172432 0.17244 0.172448 0.172455 0.172461 0.172466 0.17247 0.172473 0.172474 0.172475 0.172475 0.172473 0.172471 0.172467 0.172462 0.172457 0.17245 0.172443 0.172434 0.172426 0.172416 0.172406 0.172396 0.172385 0.172374 0.172363 0.172353 0.172342 0.172331 0.172321 0.172312 0.172303 0.172294 0.172287 0.17228 0.172274 0.172269 0.172265 0.172263 0.172261 0.17226 0.172261 0.172262 0.172265 0.172268 0.172273 0.172279 0.172285 0.172293 0.172301 0.17231 0.172319 0.172329 0.172339 0.17235 0.17236 0.172371 
0.0580425 0.0580451 0.0580474 0.0580495 0.0580513 0.0580529 0.0580542 0.0580551 0.0580558 0.0580561 0.058056 0.0580557 0.058055 0.058054 0.0580527 0.0580511 0.0580493 0.0580472 0.0580448 0.0580422 0.0580395 0.0580366 0.0580336 0.0580304 0.0580272 0.058024 0.0580208 0.0580176 0.0580145 0.0580115 0.0580086 0.0580059 0.0580033 0.058001 0.0579989 0.0579971 0.0579956 0.0579943 0.0579934 0.0579928 0.0579925 0.0579925 0.0579929 0.0579936 0.0579946 0.0579958 0.0579974 0.0579993 0.0580014 0.0580038 0.0580063 0.0580091 0.058012 0.058015 0.0580181 0.0580212 0.0580244 0.0580276 0.0580307 0.0580337 0.0580367 0.0580396 
