0.0576453 0.0576468 0.0576482 0.0576493 0.0576503 0.057651 0.0576515 0.0576517 0.0576517 0.0576515 0.0576509 0.0576502 0.0576492 0.057648 0.0576465 0.0576449 0.0576431 0.0576412 0.0576391 0.0576369 0.0576346 0.0576323 0.0576299 0.0576274 0.057625 0.0576226 0.0576203 0.057618 0.0576158 0.0576138 0.0576119 0.0576101 0.0576086 0.0576072 0.0576061 0.0576052 0.0576045 0.057604 0.0576038 0.0576038 0.0576041 0.0576046 0.0576054 0.0576064 0.0576076 0.057609 0.0576106 0.0576124 0.0576144 0.0576165 0.0576187 0.0576209 0.0576233 0.0576257 0.0576281 0.0576305 0.0576329 0.0576352 0.0576374 0.0576395 0.0576415 0.0576434 
0.171289 0.171297 0.171305 0.171312 0.171319 0.171326 0.171332 0.171338 0.171343 0.171347 0.17135 0.171353 0.171355 0.171356 0.171357 0.171356 0.171355 0.171353 0.17135 0.171346 0.171342 0.171337 0.171332 0.171326 0.171319 0.171312 0.171305 0.171297 0.171289 0.171281 0.171273 0.171265 0.171257 0.17125 0.171242 0.171236 0.171229 0.171223 0.171217 0.171213 0.171208 0.171205 0.171202 0.1712 0.171199 0.171199 0.171199 0.1712 0.171203 0.171205 0.171209 0.171213 0.171218 0.171224 0.17123 0.171236 0.171243 0.171251 0.171258 0.171266 0.171274 0.171282 
0.280413 0.280426 0.280438 0.280452 0.280466 0.28048 0.280494 0.280508 0.280522 0.280536 0.280549 0.280562 0.280574 0.280584 0.280594 0.280603 0.280611 0.280617 0.280622 0.280626 0.280628 0.280629 0.280629 0.280627 0.280623 0.280619 0.280613 0.280605 0.280597 0.280587 0.280577 0.280565 0.280553 0.28054 0.280526 0.280513 0.280499 0.280484 0.28047 0.280456 0.280443 0.28043 0.280417 0.280405 0.280395 0.280385 0.280376 0.280368 0.280362 0.280357 0.280353 0.280351 0.28035 0.280351 0.280353 0.280356 0.280361 0.280367 0.280374 0.280383 0.280392 0.280402 
0.383092 0.383098 0.383107 0.383117 0.38313 0.383144 0.383159 0.383177 0.383195 0.383214 0.383234 0.383255 0.383276 0.383298 0.383319 0.38334 0.383361 0.383381 0.3834 0.383418 0.383435 0.38345 0.383464 0.383476 0.383486 0.383494 0.3835 0.383504 0.383506 0.383506 0.383503 0.383499 0.383492 0.383484 0.383473 0.383461 0.383446 0.383431 0.383414 0.383395 0.383376 0.383356 0.383335 0.383314 0.383293 0.383271 0.38325 0.38323 0.38321 0.383191 0.383173 0.383156 0.383141 0.383127 0.383115 0.383105 0.383097 0.383091 0.383087 0.383085 0.383086 0.383088 
0.478328 0.478318 0.47831 0.478306 0.478304 0.478306 0.47831 0.478317 0.478327 0.47834 0.478355 0.478373 0.478393 0.478415 0.478439 0.478464 0.478491 0.478519 0.478547 0.478576 0.478605 0.478634 0.478662 0.47869 0.478716 0.478742 0.478766 0.478788 0.478808 0.478825 0.478841 0.478853 0.478864 0.478871 0.478875 0.478877 0.478875 0.478871 0.478864 0.478854 0.478841 0.478826 0.478808 0.478788 0.478766 0.478742 0.478717 0.47869 0.478662 0.478634 0.478605 0.478576 0.478547 0.478518 0.47849 0.478464 0.478439 0.478415 0.478393 0.478373 0.478355 0.47834 
0.565675 0.565646 0.565619 0.565595 0.565573 0.565554 0.565538 0.565526 0.565517 0.565512 0.56551 0.565512 0.565517 0.565526 0.565539 0.565555 0.565574 0.565595 0.56562 0.565647 0.565676 0.565707 0.56574 0.565774 0.565809 0.565844 0.56588 0.565915 0.56595 0.565984 0.566016 0.566047 0.566076 0.566103 0.566128 0.56615 0.566168 0.566184 0.566196 0.566205 0.566211 0.566212 0.566211 0.566205 0.566196 0.566184 0.566168 0.566149 0.566127 0.566103 0.566075 0.566046 0.566015 0.565982 0.565948 0.565913 0.565877 0.565842 0.565806 0.565772 0.565738 0.565705 
0.644903 0.644864 0.644825 0.644786 0.644749 0.644713 0.64468 0.644648 0.64462 0.644594 0.644571 0.644552 0.644537 0.644525 0.644517 0.644513 0.644514 0.644518 0.644526 0.644538 0.644554 0.644574 0.644597 0.644623 0.644651 0.644683 0.644717 0.644752 0.64479 0.644828 0.644867 0.644907 0.644946 0.644985 0.645024 0.645061 0.645096 0.64513 0.645161 0.64519 0.645215 0.645238 0.645257 0.645272 0.645284 0.645292 0.645296 0.645296 0.645292 0.645284 0.645271 0.645256 0.645236 0.645213 0.645187 0.645158 0.645126 0.645093 0.645057 0.64502 0.644981 0.644942 
0.715849 0.715813 0.715775 0.715735 0.715695 0.715655 0.715614 0.715574 0.715534 0.715496 0.715459 0.715424 0.715392 0.715363 0.715336 0.715313 0.715293 0.715276 0.715264 0.715256 0.715252 0.715252 0.715256 0.715264 0.715276 0.715292 0.715311 0.715334 0.71536 0.71539 0.715422 0.715456 0.715492 0.71553 0.715569 0.715609 0.71565 0.71569 0.71573 0.71577 0.715808 0.715844 0.715879 0.715911 0.71594 0.715967 0.71599 0.71601 0.716026 0.716039 0.716047 0.716052 0.716052 0.716048 0.71604 0.716028 0.716012 0.715993 0.71597 0.715944 0.715914 0.715883 
0.778401 0.778379 0.778354 0.778327 0.778296 0.778264 0.778229 0.778193 0.778156 0.778118 0.77808 0.778041 0.778003 0.777966 0.77793 0.777896 0.777864 0.777834 0.777806 0.777781 0.77776 0.777741 0.777726 0.777715 0.777708 0.777704 0.777705 0.777709 0.777717 0.777729 0.777744 0.777763 0.777785 0.77781 0.777838 0.777868 0.777901 0.777935 0.777971 0.778008 0.778046 0.778084 0.778122 0.77816 0.778196 0.778232 0.778266 0.778298 0.778328 0.778356 0.778381 0.778402 0.778421 0.778436 0.778447 0.778455 0.778458 0.778458 0.778454 0.778446 0.778435 0.77842 
0.832516 0.832513 0.832506 0.832495 0.832482 0.832466 0.832446 0.832424 0.8324 0.832373 0.832345 0.832315 0.832283 0.832251 0.832218 0.832184 0.832151 0.832118 0.832086 0.832055 0.832025 0.831997 0.831971 0.831947 0.831925 0.831907 0.831891 0.831878 0.831869 0.831862 0.83186 0.83186 0.831864 0.831871 0.831882 0.831895 0.831912 0.831931 0.831953 0.831977 0.832004 0.832032 0.832062 0.832094 0.832126 0.832159 0.832192 0.832225 0.832258 0.83229 0.832321 0.83235 0.832378 0.832404 0.832428 0.83245 0.832468 0.832484 0.832497 0.832507 0.832513 0.832516 
0.878208 0.87822 0.878229 0.878236 0.87824 0.878241 0.878239 0.878235 0.878228 0.878218 0.878205 0.87819 0.878173 0.878154 0.878133 0.87811 0.878086 0.878061 0.878034 0.878007 0.87798 0.877952 0.877925 0.877898 0.877872 0.877847 0.877823 0.877801 0.87778 0.877762 0.877745 0.877731 0.877719 0.87771 0.877704 0.8777 0.877699 0.877701 0.877706 0.877713 0.877723 0.877736 0.877751 0.877768 0.877787 0.877808 0.877831 0.877855 0.87788 0.877906 0.877933 0.87796 0.877988 0.878015 0.878042 0.878068 0.878093 0.878116 0.878139 0.878159 0.878178 0.878194 
0.915523 0.915544 0.915564 0.915582 0.915599 0.915614 0.915627 0.915638 0.915647 0.915653 0.915657 0.915659 0.915659 0.915656 0.91565 0.915643 0.915633 0.915621 0.915607 0.915592 0.915574 0.915555 0.915535 0.915513 0.915491 0.915468 0.915445 0.915421 0.915398 0.915375 0.915352 0.91533 0.915309 0.91529 0.915272 0.915255 0.91524 0.915227 0.915217 0.915208 0.915202 0.915198 0.915196 0.915197 0.9152 0.915205 0.915213 0.915222 0.915234 0.915248 0.915264 0.915281 0.9153 0.91532 0.915342 0.915364 0.915387 0.91541 0.915433 0.915456 0.915479 0.915502 
0.944509 0.944532 0.944556 0.94458 0.944604 0.944627 0.944649 0.944671 0.944692 0.944711 0.944729 0.944745 0.944759 0.94477 0.94478 0.944788 0.944793 0.944796 0.944796 0.944794 0.94479 0.944783 0.944774 0.944762 0.944749 0.944734 0.944716 0.944698 0.944678 0.944656 0.944634 0.944611 0.944587 0.944563 0.944539 0.944516 0.944492 0.94447 0.944448 0.944428 0.944409 0.944391 0.944375 0.944362 0.94435 0.94434 0.944333 0.944328 0.944325 0.944325 0.944327 0.944331 0.944338 0.944347 0.944359 0.944372 0.944387 0.944404 0.944423 0.944443 0.944464 0.944486 
0.965198 0.96522 0.965244 0.965269 0.965295 0.965322 0.965349 0.965377 0.965405 0.965432 0.965458 0.965484 0.965508 0.965531 0.965553 0.965572 0.96559 0.965605 0.965617 0.965627 0.965635 0.965639 0.965641 0.965641 0.965637 0.96563 0.965621 0.96561 0.965595 0.965579 0.96556 0.965539 0.965517 0.965493 0.965468 0.965442 0.965415 0.965387 0.96536 0.965332 0.965305 0.965278 0.965253 0.965229 0.965206 0.965184 0.965165 0.965148 0.965133 0.96512 0.96511 0.965103 0.965098 0.965097 0.965098 0.965101 0.965108 0.965117 0.965129 0.965143 0.965159 0.965178 
0.977607 0.977627 0.97765 0.977674 0.9777 0.977728 0.977758 0.977788 0.977819 0.97785 0.977882 0.977913 0.977943 0.977973 0.978001 0.978028 0.978053 0.978076 0.978097 0.978115 0.97813 0.978143 0.978153 0.978159 0.978163 0.978163 0.97816 0.978155 0.978145 0.978133 0.978118 0.978101 0.978081 0.978058 0.978033 0.978007 0.977979 0.977949 0.977919 0.977888 0.977857 0.977825 0.977794 0.977764 0.977734 0.977706 0.977679 0.977654 0.977631 0.977611 0.977592 0.977577 0.977564 0.977555 0.977548 0.977545 0.977545 0.977547 0.977554 0.977563 0.977575 0.97759 
0.981741 0.981761 0.981783 0.981807 0.981833 0.981862 0.981891 0.981923 0.981955 0.981988 0.982021 0.982054 0.982086 0.982118 0.982149 0.982179 0.982207 0.982232 0.982256 0.982277 0.982296 0.982311 0.982324 0.982333 0.982339 0.982342 0.982342 0.982338 0.982331 0.98232 0.982307 0.98229 0.982271 0.982249 0.982224 0.982198 0.982169 0.982139 0.982108 0.982076 0.982043 0.98201 0.981977 0.981944 0.981912 0.981881 0.981852 0.981824 0.981798 0.981774 0.981753 0.981735 0.981719 0.981707 0.981698 0.981692 0.981689 0.98169 0.981694 0.981701 0.981711 0.981725 
0.977602 0.977622 0.977645 0.977671 0.977698 0.977727 0.977757 0.977788 0.97782 0.977852 0.977884 0.977916 0.977947 0.977978 0.978007 0.978034 0.97806 0.978083 0.978104 0.978123 0.978139 0.978152 0.978161 0.978168 0.978172 0.978172 0.978169 0.978162 0.978153 0.97814 0.978125 0.978107 0.978086 0.978063 0.978037 0.97801 0.977981 0.977951 0.97792 0.977888 0.977855 0.977823 0.977791 0.97776 0.97773 0.977701 0.977673 0.977648 0.977624 0.977603 0.977585 0.977569 0.977556 0.977546 0.97754 0.977536 0.977536 0.977539 0.977546 0.977555 0.977568 0.977583 
0.965187 0.965211 0.965237 0.965264 0.965292 0.96532 0.96535 0.965379 0.965409 0.965438 0.965466 0.965493 0.965519 0.965544 0.965567 0.965587 0.965606 0.965622 0.965635 0.965646 0.965653 0.965658 0.96566 0.965659 0.965655 0.965648 0.965638 0.965626 0.965611 0.965593 0.965573 0.965551 0.965527 0.965501 0.965474 0.965446 0.965417 0.965388 0.965358 0.965329 0.9653 0.965271 0.965244 0.965218 0.965194 0.965171 0.96515 0.965132 0.965116 0.965103 0.965092 0.965084 0.96508 0.965078 0.965079 0.965083 0.96509 0.9651 0.965113 0.965128 0.965146 0.965166 
0.944496 0.944523 0.944549 0.944576 0.944603 0.94463 0.944656 0.94468 0.944704 0.944726 0.944746 0.944765 0.944781 0.944795 0.944807 0.944816 0.944823 0.944826 0.944827 0.944826 0.944821 0.944814 0.944805 0.944792 0.944778 0.944761 0.944742 0.944721 0.944699 0.944675 0.94465 0.944624 0.944598 0.944571 0.944544 0.944517 0.94449 0.944464 0.94444 0.944416 0.944394 0.944374 0.944355 0.944339 0.944325 0.944314 0.944305 0.944298 0.944294 0.944293 0.944295 0.9443 0.944307 0.944316 0.944329 0.944343 0.94436 0.944379 0.9444 0.944422 0.944446 0.944471 
0.915515 0.91554 0.915565 0.915588 0.915609 0.915629 0.915646 0.915662 0.915675 0.915685 0.915692 0.915697 0.915699 0.915699 0.915695 0.915689 0.91568 0.915669 0.915655 0.915638 0.91562 0.9156 0.915577 0.915554 0.915529 0.915502 0.915476 0.915448 0.915421 0.915393 0.915366 0.915339 0.915314 0.915289 0.915266 0.915245 0.915226 0.915208 0.915193 0.91518 0.91517 0.915163 0.915158 0.915156 0.915156 0.91516 0.915166 0.915175 0.915187 0.915201 0.915217 0.915236 0.915256 0.915278 0.915302 0.915327 0.915353 0.91538 0.915407 0.915435 0.915462 0.915489 
0.878215 0.878233 0.878249 0.878262 0.878272 0.878278 0.878282 0.878282 0.878279 0.878273 0.878264 0.878252 0.878236 0.878219 0.878198 0.878175 0.878151 0.878124 0.878096 0.878066 0.878035 0.878004 0.877973 0.877941 0.87791 0.877879 0.877849 0.877821 0.877794 0.877768 0.877745 0.877725 0.877706 0.877691 0.877678 0.877668 0.877662 0.877659 0.877658 0.877661 0.877668 0.877677 0.877689 0.877704 0.877722 0.877743 0.877766 0.87779 0.877817 0.877845 0.877875 0.877905 0.877937 0.877968 0.878 0.878031 0.878062 0.878091 0.87812 0.878147 0.878172 0.878195 
0.832551 0.832555 0.832555 0.832551 0.832544 0.832532 0.832518 0.8325 0.832478 0.832454 0.832427 0.832397 0.832366 0.832332 0.832297 0.832261 0.832224 0.832187 0.83215 0.832113 0.832077 0.832042 0.832009 0.831978 0.831948 0.831921 0.831897 0.831876 0.831858 0.831843 0.831832 0.831825 0.831821 0.831821 0.831825 0.831833 0.831844 0.831859 0.831877 0.831899 0.831923 0.83195 0.831979 0.832011 0.832044 0.832079 0.832115 0.832152 0.832189 0.832226 0.832263 0.832299 0.832334 0.832367 0.832399 0.832428 0.832455 0.832479 0.8325 0.832518 0.832533 0.832544 
0.778473 0.778457 0.778438 0.778415 0.778388 0.778358 0.778326 0.778291 0.778253 0.778214 0.778174 0.778133 0.778091 0.778049 0.778007 0.777967 0.777927 0.777889 0.777853 0.777819 0.777788 0.77776 0.777736 0.777715 0.777697 0.777684 0.777674 0.777669 0.777668 0.777672 0.777679 0.777691 0.777707 0.777726 0.777749 0.777776 0.777806 0.777838 0.777873 0.77791 0.777949 0.777989 0.778031 0.778072 0.778114 0.778156 0.778196 0.778236 0.778274 0.77831 0.778343 0.778374 0.778402 0.778427 0.778448 0.778466 0.778479 0.778488 0.778494 0.778495 0.778491 0.778484 
0.715951 0.715917 0.715881 0.715843 0.715802 0.71576 0.715717 0.715673 0.715629 0.715585 0.715542 0.7155 0.715459 0.715421 0.715385 0.715351 0.715321 0.715294 0.715271 0.715252 0.715237 0.715226 0.715219 0.715217 0.715219 0.715226 0.715237 0.715253 0.715272 0.715296 0.715323 0.715353 0.715387 0.715423 0.715462 0.715502 0.715544 0.715587 0.715631 0.715675 0.715719 0.715762 0.715804 0.715844 0.715883 0.715919 0.715952 0.715983 0.716009 0.716033 0.716052 0.716067 0.716078 0.716085 0.716087 0.716084 0.716077 0.716066 0.716051 0.716031 0.716008 0.715981 
0.645011 0.644969 0.644927 0.644884 0.644841 0.644799 0.644758 0.644718 0.64468 0.644645 0.644612 0.644583 0.644556 0.644534 0.644515 0.6445 0.644489 0.644482 0.64448 0.644482 0.644489 0.6445 0.644515 0.644534 0.644556 0.644583 0.644612 0.644645 0.64468 0.644718 0.644757 0.644798 0.64484 0.644883 0.644926 0.644969 0.645011 0.645052 0.645092 0.645129 0.645165 0.645197 0.645227 0.645253 0.645276 0.645295 0.64531 0.645321 0.645327 0.64533 0.645327 0.645321 0.64531 0.645295 0.645276 0.645253 0.645226 0.645197 0.645164 0.645129 0.645091 0.645052 
0.565753 0.565716 0.565681 0.565648 0.565617 0.565589 0.565563 0.56554 0.565521 0.565505 0.565492 0.565484 0.565479 0.565479 0.565482 0.565489 0.5655 0.565515 0.565533 0.565555 0.565579 0.565607 0.565637 0.56567 0.565704 0.56574 0.565778 0.565816 0.565855 0.565893 0.565932 0.56597 0.566006 0.566041 0.566075 0.566106 0.566134 0.56616 0.566183 0.566202 0.566218 0.56623 0.566239 0.566244 0.566244 0.566241 0.566234 0.566223 0.566208 0.566189 0.566168 0.566143 0.566115 0.566085 0.566052 0.566017 0.565981 0.565943 0.565905 0.565866 0.565828 0.56579 
0.478348 0.478329 0.478312 0.478299 0.478288 0.47828 0.478276 0.478275 0.478277 0.478282 0.478291 0.478302 0.478317 0.478334 0.478354 0.478376 0.478401 0.478427 0.478456 0.478485 0.478516 0.478547 0.478579 0.478611 0.478643 0.478674 0.478705 0.478734 0.478762 0.478788 0.478812 0.478834 0.478853 0.478869 0.478883 0.478894 0.478901 0.478906 0.478907 0.478905 0.478899 0.478891 0.478879 0.478865 0.478847 0.478827 0.478804 0.47878 0.478753 0.478725 0.478695 0.478664 0.478633 0.478601 0.478569 0.478537 0.478505 0.478475 0.478446 0.478418 0.478393 0.478369 
0.383059 0.383059 0.383061 0.383066 0.383073 0.383083 0.383095 0.383108 0.383124 0.383142 0.383161 0.383181 0.383203 0.383226 0.383249 0.383273 0.383297 0.383321 0.383345 0.383368 0.38339 0.383412 0.383432 0.383451 0.383468 0.383484 0.383498 0.383509 0.383518 0.383525 0.38353 0.383532 0.383532 0.38353 0.383525 0.383517 0.383508 0.383496 0.383482 0.383466 0.383449 0.383429 0.383409 0.383387 0.383364 0.383341 0.383317 0.383293 0.383269 0.383245 0.383222 0.3832 0.383178 0.383158 0.383139 0.383122 0.383107 0.383093 0.383082 0.383073 0.383066 0.383061 
0.280362 0.280372 0.280384 0.280397 0.28041 0.280425 0.28044 0.280456 0.280473 0.280489 0.280505 0.280522 0.280537 0.280553 0.280568 0.280581 0.280594 0.280606 0.280617 0.280626 0.280634 0.280641 0.280645 0.280649 0.28065 0.28065 0.280649 0.280646 0.280641 0.280634 0.280626 0.280617 0.280606 0.280595 0.280582 0.280568 0.280553 0.280538 0.280522 0.280506 0.280489 0.280473 0.280457 0.280441 0.280426 0.280411 0.280397 0.280384 0.280373 0.280362 0.280353 0.280345 0.280339 0.280334 0.280331 0.280329 0.280329 0.280331 0.280334 0.280339 0.280345 0.280353 
0.171255 0.171264 0.171274 0.171283 0.171293 0.171302 0.171311 0.17132 0.171328 0.171336 0.171343 0.171349 0.171355 0.17136 0.171364 0.171367 0.171369 0.17137 0.171371 0.17137 0.171369 0.171366 0.171363 0.171358 0.171353 0.171347 0.171341 0.171333 0.171325 0.171317 0.171308 0.171299 0.17129 0.171281 0.171271 0.171262 0.171252 0.171244 0.171235 0.171227 0.171219 0.171212 0.171206 0.1712 0.171195 0.171191 0.171188 0.171186 0.171185 0.171185 0.171185 0.171187 0.17119 0.171193 0.171197 0.171202 0.171208 0.171215 0.171222 0.17123 0.171238 0.171247 
0.0576364 0.0576391 0.0576416 0.0576441 0.0576464 0.0576485 0.0576503 0.057652 0.0576533 0.0576544 0.0576553 0.0576558 0.057656 0.057656 0.0576556 0.057655 0.0576541 0.0576529 0.0576514 0.0576497 0.0576478 0.0576457 0.0576434 0.057641 0.0576384 0.0576357 0.0576329 0.0576301 0.0576272 0.0576243 0.0576215 0.0576188 0.0576161 0.0576135 0.0576112 0.0576089 0.0576069 0.0576051 0.0576035 0.0576022 0.0576011 0.0576003 0.0575998 0.0575996 0.0575996 0.0576 0.0576006 0.0576015 0.0576027 0.0576042 0.0576059 0.0576078 0.0576099 0.0576122 0.0576146 0.0576172 0.0576199 0.0576226 0.0576254 0.0576281 0.0576309 0.0576336 
