0.0574528 0.0574545 0.0574561 0.0574575 0.0574588 0.0574598 0.0574606 0.0574611 0.0574614 0.0574615 0.0574613 0.0574608 0.0574601 0.0574592 0.0574581 0.0574567 0.0574552 0.0574535 0.0574516 0.0574496 0.0574475 0.0574453 0.057443 0.0574406 0.0574383 0.0574359 0.0574335 0.0574312 0.057429 0.0574268 0.0574248 0.0574229 0.0574211 0.0574195 0.0574182 0.057417 0.057416 0.0574153 0.0574148 0.0574145 0.0574145 0.0574147 0.0574151 0.0574158 0.0574167 0.0574179 0.0574192 0.0574207 0.0574225 0.0574243 0.0574263 0.0574285 0.0574307 0.057433 0.0574353 0.0574377 0.05744 0.0574423 0.0574446 0.0574468 0.0574488 0.0574509 
0.170751 0.170759 0.170766 0.170773 0.17078 0.170787 0.170794 0.1708 0.170805 0.17081 0.170814 0.170818 0.170821 0.170823 0.170825 0.170825 0.170825 0.170824 0.170823 0.170821 0.170818 0.170814 0.17081 0.170805 0.1708 0.170794 0.170787 0.170781 0.170774 0.170766 0.170759 0.170752 0.170744 0.170737 0.17073 0.170723 0.170716 0.17071 0.170704 0.170698 0.170693 0.170689 0.170686 0.170683 0.17068 0.170679 0.170678 0.170678 0.170679 0.170681 0.170683 0.170686 0.17069 0.170694 0.170699 0.170704 0.17071 0.170716 0.170723 0.17073 0.170737 0.170744 
0.279637 0.279647 0.279658 0.279669 0.279681 0.279694 0.279707 0.27972 0.279733 0.279747 0.27976 0.279772 0.279785 0.279796 0.279807 0.279817 0.279826 0.279834 0.279841 0.279847 0.279852 0.279855 0.279857 0.279858 0.279857 0.279855 0.279852 0.279848 0.279842 0.279835 0.279827 0.279818 0.279808 0.279797 0.279786 0.279773 0.279761 0.279748 0.279735 0.279722 0.279708 0.279696 0.279683 0.279671 0.279659 0.279648 0.279638 0.279629 0.279621 0.279614 0.279608 0.279604 0.2796 0.279598 0.279598 0.279599 0.279601 0.279604 0.279608 0.279614 0.279621 0.279629 
0.3822 0.382202 0.382206 0.382212 0.382219 0.382229 0.38224 0.382253 0.382268 0.382284 0.382301 0.382319 0.382338 0.382357 0.382378 0.382398 0.382418 0.382438 0.382458 0.382477 0.382495 0.382512 0.382528 0.382543 0.382556 0.382568 0.382578 0.382586 0.382592 0.382596 0.382598 0.382599 0.382597 0.382593 0.382587 0.382579 0.382569 0.382558 0.382545 0.38253 0.382515 0.382497 0.382479 0.38246 0.382441 0.382421 0.382401 0.38238 0.38236 0.382341 0.382322 0.382304 0.382286 0.38227 0.382256 0.382242 0.382231 0.382221 0.382213 0.382207 0.382203 0.382201 
0.477412 0.477396 0.477383 0.477372 0.477364 0.477359 0.477356 0.477356 0.477359 0.477365 0.477373 0.477384 0.477398 0.477414 0.477433 0.477453 0.477475 0.477499 0.477524 0.47755 0.477577 0.477605 0.477633 0.477661 0.477688 0.477715 0.477741 0.477766 0.47779 0.477812 0.477832 0.47785 0.477866 0.477879 0.47789 0.477898 0.477903 0.477906 0.477906 0.477903 0.477897 0.477889 0.477877 0.477864 0.477848 0.477829 0.477809 0.477787 0.477763 0.477737 0.477711 0.477684 0.477656 0.477628 0.477601 0.477573 0.477546 0.47752 0.477495 0.477472 0.47745 0.47743 
0.564777 0.564745 0.564714 0.564684 0.564656 0.564631 0.564608 0.564588 0.56457 0.564556 0.564546 0.564538 0.564534 0.564534 0.564537 0.564544 0.564554 0.564567 0.564584 0.564603 0.564625 0.56465 0.564678 0.564707 0.564738 0.56477 0.564804 0.564838 0.564872 0.564907 0.564941 0.564975 0.565008 0.565039 0.565068 0.565096 0.565121 0.565144 0.565164 0.565182 0.565196 0.565207 0.565214 0.565218 0.565218 0.565215 0.565209 0.565199 0.565185 0.565169 0.565149 0.565127 0.565102 0.565075 0.565045 0.565014 0.564982 0.564948 0.564914 0.564879 0.564845 0.564811 
0.644018 0.64398 0.643941 0.643902 0.643863 0.643824 0.643787 0.64375 0.643715 0.643682 0.643652 0.643624 0.643599 0.643578 0.64356 0.643545 0.643534 0.643527 0.643524 0.643525 0.64353 0.643539 0.643552 0.643568 0.643588 0.643611 0.643638 0.643667 0.643698 0.643732 0.643767 0.643804 0.643842 0.643881 0.64392 0.643959 0.643998 0.644035 0.644071 0.644106 0.644139 0.644169 0.644197 0.644222 0.644243 0.644261 0.644276 0.644287 0.644294 0.644297 0.644296 0.644291 0.644282 0.64427 0.644253 0.644233 0.64421 0.644184 0.644155 0.644123 0.64409 0.644054 
0.714945 0.714916 0.714884 0.71485 0.714814 0.714776 0.714737 0.714697 0.714656 0.714616 0.714575 0.714536 0.714498 0.714462 0.714427 0.714395 0.714366 0.71434 0.714316 0.714297 0.714281 0.714269 0.714261 0.714257 0.714257 0.714261 0.714269 0.714281 0.714297 0.714317 0.71434 0.714366 0.714395 0.714427 0.714462 0.714498 0.714536 0.714575 0.714614 0.714655 0.714695 0.714735 0.714774 0.714812 0.714848 0.714882 0.714914 0.714943 0.714969 0.714993 0.715012 0.715028 0.71504 0.715049 0.715053 0.715053 0.715049 0.715041 0.715029 0.715013 0.714994 0.714971 
0.77745 0.777439 0.777424 0.777406 0.777384 0.77736 0.777332 0.777302 0.777269 0.777235 0.777199 0.777161 0.777123 0.777085 0.777047 0.777009 0.776971 0.776935 0.776901 0.776868 0.776838 0.77681 0.776785 0.776763 0.776744 0.776729 0.776718 0.77671 0.776706 0.776706 0.77671 0.776718 0.776729 0.776744 0.776763 0.776785 0.77681 0.776837 0.776868 0.7769 0.776934 0.77697 0.777007 0.777045 0.777083 0.777121 0.777159 0.777196 0.777232 0.777266 0.777299 0.777329 0.777357 0.777382 0.777404 0.777422 0.777438 0.777449 0.777457 0.777461 0.777461 0.777458 
0.831509 0.831516 0.83152 0.83152 0.831517 0.831511 0.831501 0.831488 0.831472 0.831453 0.831432 0.831407 0.831381 0.831352 0.831322 0.831291 0.831259 0.831225 0.831192 0.831158 0.831125 0.831093 0.831061 0.831031 0.831002 0.830976 0.830951 0.830929 0.83091 0.830894 0.830881 0.83087 0.830864 0.83086 0.83086 0.830863 0.83087 0.83088 0.830893 0.830909 0.830928 0.83095 0.830974 0.831001 0.831029 0.831059 0.83109 0.831122 0.831155 0.831189 0.831222 0.831255 0.831287 0.831319 0.831349 0.831377 0.831404 0.831428 0.83145 0.831469 0.831486 0.831499 
0.877157 0.877176 0.877193 0.877208 0.87722 0.87723 0.877238 0.877242 0.877244 0.877243 0.877239 0.877232 0.877223 0.877211 0.877196 0.877179 0.877161 0.87714 0.877117 0.877093 0.877068 0.877042 0.877015 0.876987 0.87696 0.876932 0.876905 0.876879 0.876853 0.876829 0.876806 0.876785 0.876766 0.87675 0.876735 0.876723 0.876713 0.876706 0.876702 0.876701 0.876702 0.876706 0.876713 0.876722 0.876734 0.876749 0.876766 0.876785 0.876805 0.876828 0.876852 0.876877 0.876903 0.87693 0.876957 0.876985 0.877012 0.877039 0.877065 0.87709 0.877114 0.877137 
0.914452 0.914475 0.914497 0.914519 0.91454 0.914559 0.914578 0.914595 0.91461 0.914623 0.914635 0.914644 0.914651 0.914656 0.914658 0.914658 0.914656 0.914651 0.914644 0.914635 0.914624 0.914611 0.914596 0.914579 0.91456 0.914541 0.91452 0.914498 0.914475 0.914452 0.914429 0.914406 0.914383 0.91436 0.914339 0.914318 0.914298 0.91428 0.914263 0.914248 0.914235 0.914224 0.914215 0.914208 0.914203 0.914201 0.914201 0.914203 0.914208 0.914215 0.914224 0.914236 0.914249 0.914264 0.914281 0.914299 0.914319 0.91434 0.914361 0.914383 0.914406 0.914429 
0.943439 0.943459 0.94348 0.943502 0.943525 0.943548 0.943571 0.943594 0.943617 0.94364 0.943661 0.943682 0.943701 0.943719 0.943735 0.94375 0.943762 0.943773 0.943781 0.943787 0.943791 0.943792 0.943791 0.943788 0.943782 0.943774 0.943764 0.943752 0.943738 0.943722 0.943704 0.943685 0.943665 0.943644 0.943621 0.943599 0.943575 0.943552 0.943529 0.943506 0.943484 0.943462 0.943442 0.943423 0.943405 0.943389 0.943375 0.943362 0.943352 0.943344 0.943338 0.943334 0.943333 0.943334 0.943337 0.943343 0.943351 0.943361 0.943373 0.943387 0.943403 0.94342 
0.964142 0.964157 0.964173 0.964192 0.964212 0.964235 0.964258 0.964283 0.964309 0.964335 0.964362 0.964389 0.964415 0.964442 0.964467 0.964492 0.964515 0.964537 0.964557 0.964575 0.964591 0.964605 0.964616 0.964625 0.964631 0.964635 0.964636 0.964634 0.964629 0.964622 0.964612 0.9646 0.964586 0.964569 0.96455 0.964529 0.964507 0.964483 0.964458 0.964432 0.964406 0.964379 0.964352 0.964326 0.9643 0.964274 0.96425 0.964227 0.964205 0.964185 0.964167 0.964151 0.964137 0.964126 0.964117 0.964111 0.964107 0.964106 0.964108 0.964113 0.96412 0.96413 
0.976565 0.976575 0.976587 0.976602 0.97662 0.97664 0.976663 0.976687 0.976713 0.976741 0.97677 0.976799 0.97683 0.97686 0.976891 0.976921 0.976951 0.976979 0.977006 0.977032 0.977056 0.977078 0.977098 0.977115 0.977129 0.977141 0.977149 0.977155 0.977158 0.977157 0.977154 0.977147 0.977138 0.977125 0.97711 0.977092 0.977072 0.977049 0.977025 0.976999 0.976971 0.976942 0.976912 0.976882 0.976851 0.976821 0.97679 0.976761 0.976732 0.976705 0.976679 0.976656 0.976634 0.976614 0.976597 0.976583 0.976571 0.976563 0.976557 0.976554 0.976555 0.976558 
0.980705 0.980712 0.980723 0.980737 0.980754 0.980773 0.980795 0.980819 0.980846 0.980874 0.980903 0.980934 0.980966 0.980998 0.98103 0.981062 0.981094 0.981125 0.981155 0.981184 0.98121 0.981235 0.981258 0.981278 0.981295 0.98131 0.981321 0.98133 0.981335 0.981337 0.981336 0.981331 0.981324 0.981313 0.981299 0.981282 0.981262 0.98124 0.981216 0.98119 0.981162 0.981132 0.981101 0.981069 0.981037 0.981005 0.980973 0.980941 0.98091 0.98088 0.980851 0.980825 0.9808 0.980777 0.980757 0.98074 0.980725 0.980714 0.980706 0.9807 0.980698 0.9807 
0.976557 0.976567 0.97658 0.976596 0.976614 0.976635 0.976659 0.976684 0.976711 0.976739 0.976769 0.9768 0.976831 0.976862 0.976894 0.976925 0.976955 0.976985 0.977013 0.977039 0.977064 0.977086 0.977106 0.977123 0.977138 0.97715 0.977159 0.977164 0.977167 0.977166 0.977163 0.977156 0.977146 0.977133 0.977117 0.977098 0.977077 0.977054 0.977028 0.977001 0.976973 0.976943 0.976912 0.976881 0.976849 0.976818 0.976787 0.976756 0.976727 0.976699 0.976673 0.976648 0.976626 0.976606 0.976588 0.976574 0.976562 0.976553 0.976548 0.976545 0.976546 0.97655 
0.964125 0.964141 0.964159 0.96418 0.964202 0.964226 0.964251 0.964278 0.964306 0.964334 0.964363 0.964392 0.964421 0.964449 0.964476 0.964503 0.964528 0.964551 0.964572 0.964592 0.964609 0.964624 0.964636 0.964645 0.964652 0.964655 0.964656 0.964654 0.964649 0.964641 0.96463 0.964617 0.964601 0.964583 0.964563 0.96454 0.964516 0.964491 0.964464 0.964436 0.964408 0.964379 0.96435 0.964321 0.964293 0.964266 0.964239 0.964214 0.964191 0.96417 0.96415 0.964133 0.964119 0.964107 0.964097 0.964091 0.964087 0.964086 0.964089 0.964094 0.964102 0.964112 
0.943415 0.943438 0.943462 0.943487 0.943513 0.943539 0.943566 0.943593 0.943619 0.943645 0.94367 0.943693 0.943716 0.943737 0.943756 0.943773 0.943788 0.9438 0.943811 0.943818 0.943823 0.943825 0.943825 0.943822 0.943816 0.943808 0.943797 0.943784 0.943768 0.94375 0.943731 0.943709 0.943687 0.943662 0.943637 0.943611 0.943585 0.943558 0.943532 0.943505 0.94348 0.943455 0.943431 0.943409 0.943388 0.943369 0.943352 0.943337 0.943324 0.943314 0.943307 0.943302 0.9433 0.9433 0.943303 0.943309 0.943318 0.943328 0.943342 0.943357 0.943375 0.943394 
0.914426 0.914454 0.914481 0.914508 0.914533 0.914558 0.914582 0.914604 0.914624 0.914643 0.914659 0.914672 0.914684 0.914692 0.914698 0.914701 0.914701 0.914699 0.914693 0.914685 0.914675 0.914662 0.914646 0.914628 0.914609 0.914587 0.914564 0.914539 0.914513 0.914487 0.91446 0.914432 0.914405 0.914377 0.914351 0.914325 0.9143 0.914276 0.914254 0.914234 0.914216 0.9142 0.914187 0.914176 0.914167 0.914161 0.914158 0.914158 0.914161 0.914166 0.914174 0.914185 0.914198 0.914214 0.914231 0.914251 0.914273 0.914296 0.914321 0.914346 0.914373 0.914399 
0.877141 0.877167 0.877191 0.877213 0.877232 0.877249 0.877263 0.877274 0.877282 0.877286 0.877288 0.877286 0.87728 0.877272 0.877261 0.877246 0.877229 0.877209 0.877187 0.877162 0.877136 0.877108 0.877078 0.877048 0.877016 0.876984 0.876953 0.876921 0.87689 0.876859 0.87683 0.876802 0.876776 0.876752 0.87673 0.876711 0.876695 0.876681 0.87667 0.876663 0.876658 0.876657 0.876659 0.876664 0.876673 0.876684 0.876699 0.876716 0.876736 0.876758 0.876783 0.876809 0.876837 0.876867 0.876897 0.876929 0.876961 0.876992 0.877024 0.877055 0.877085 0.877114 
0.831519 0.831535 0.831547 0.831555 0.83156 0.831561 0.831559 0.831552 0.831542 0.831528 0.831511 0.83149 0.831466 0.831439 0.83141 0.831379 0.831345 0.83131 0.831274 0.831237 0.8312 0.831162 0.831125 0.831088 0.831052 0.831018 0.830986 0.830955 0.830927 0.830902 0.83088 0.830861 0.830845 0.830833 0.830825 0.83082 0.830819 0.830822 0.830829 0.830839 0.830853 0.83087 0.830891 0.830915 0.830942 0.830971 0.831002 0.831036 0.831071 0.831107 0.831144 0.831181 0.831219 0.831256 0.831293 0.831328 0.831362 0.831395 0.831425 0.831453 0.831478 0.8315 
0.7775 0.777498 0.777491 0.777481 0.777466 0.777447 0.777424 0.777398 0.777369 0.777337 0.777302 0.777265 0.777226 0.777185 0.777144 0.777102 0.777059 0.777017 0.776976 0.776936 0.776897 0.77686 0.776826 0.776794 0.776765 0.77674 0.776718 0.7767 0.776685 0.776675 0.776669 0.776667 0.77667 0.776677 0.776688 0.776703 0.776722 0.776744 0.77677 0.7768 0.776832 0.776867 0.776904 0.776943 0.776983 0.777024 0.777066 0.777109 0.77715 0.777192 0.777232 0.77727 0.777307 0.777341 0.777373 0.777402 0.777428 0.77745 0.777468 0.777482 0.777492 0.777499 
0.715037 0.715014 0.714988 0.714957 0.714924 0.714888 0.714849 0.714809 0.714767 0.714723 0.71468 0.714635 0.714591 0.714548 0.714506 0.714465 0.714426 0.71439 0.714356 0.714326 0.714299 0.714275 0.714256 0.71424 0.714229 0.714222 0.714219 0.714222 0.714228 0.714239 0.714254 0.714273 0.714297 0.714323 0.714354 0.714387 0.714423 0.714461 0.714502 0.714544 0.714587 0.714631 0.714675 0.714719 0.714762 0.714804 0.714845 0.714883 0.71492 0.714953 0.714984 0.715011 0.715035 0.715054 0.71507 0.715081 0.715088 0.71509 0.715088 0.715082 0.715071 0.715056 
0.644132 0.644095 0.644056 0.644015 0.643973 0.64393 0.643887 0.643845 0.643803 0.643762 0.643723 0.643685 0.64365 0.643618 0.643589 0.643563 0.64354 0.643522 0.643507 0.643497 0.643491 0.643489 0.643491 0.643498 0.643509 0.643524 0.643543 0.643566 0.643593 0.643622 0.643655 0.64369 0.643727 0.643767 0.643808 0.64385 0.643892 0.643935 0.643977 0.644019 0.64406 0.644099 0.644136 0.644171 0.644203 0.644233 0.644258 0.644281 0.644299 0.644314 0.644325 0.644331 0.644333 0.64433 0.644323 0.644312 0.644297 0.644278 0.644255 0.644229 0.644199 0.644167 
0.564874 0.564836 0.564799 0.564762 0.564726 0.564692 0.564659 0.564629 0.564602 0.564577 0.564555 0.564537 0.564522 0.564511 0.564504 0.5645 0.5645 0.564504 0.564512 0.564524 0.564539 0.564558 0.56458 0.564605 0.564633 0.564663 0.564695 0.56473 0.564766 0.564803 0.56484 0.564878 0.564916 0.564954 0.564991 0.565027 0.565061 0.565093 0.565123 0.565151 0.565175 0.565197 0.565215 0.56523 0.565241 0.565249 0.565252 0.565252 0.565248 0.56524 0.565228 0.565213 0.565194 0.565172 0.565147 0.565119 0.565088 0.565056 0.565021 0.564986 0.564949 0.564911 
0.477454 0.47743 0.477408 0.477388 0.47737 0.477355 0.477343 0.477334 0.477328 0.477324 0.477325 0.477328 0.477334 0.477344 0.477356 0.477371 0.477389 0.47741 0.477432 0.477457 0.477484 0.477512 0.477541 0.477571 0.477602 0.477633 0.477664 0.477694 0.477725 0.477754 0.477781 0.477808 0.477832 0.477855 0.477875 0.477892 0.477907 0.477919 0.477929 0.477935 0.477938 0.477938 0.477934 0.477928 0.477918 0.477906 0.47789 0.477872 0.477852 0.477829 0.477804 0.477778 0.47775 0.47772 0.47769 0.477659 0.477628 0.477597 0.477566 0.477537 0.477508 0.47748 
0.382182 0.382177 0.382174 0.382173 0.382174 0.382178 0.382184 0.382192 0.382203 0.382215 0.38223 0.382246 0.382263 0.382282 0.382303 0.382324 0.382346 0.382369 0.382392 0.382415 0.382437 0.38246 0.382482 0.382503 0.382523 0.382541 0.382558 0.382574 0.382588 0.382599 0.382609 0.382617 0.382622 0.382625 0.382626 0.382625 0.382621 0.382615 0.382606 0.382596 0.382583 0.382569 0.382553 0.382535 0.382516 0.382495 0.382474 0.382452 0.382429 0.382406 0.382383 0.38236 0.382338 0.382316 0.382295 0.382276 0.382257 0.38224 0.382225 0.382211 0.382199 0.38219 
0.279591 0.279598 0.279606 0.279616 0.279627 0.279639 0.279651 0.279665 0.27968 0.279694 0.27971 0.279725 0.27974 0.279756 0.279771 0.279785 0.279799 0.279812 0.279825 0.279836 0.279846 0.279855 0.279863 0.279869 0.279874 0.279877 0.279879 0.279879 0.279878 0.279875 0.279871 0.279865 0.279858 0.279849 0.279839 0.279828 0.279816 0.279803 0.27979 0.279775 0.27976 0.279745 0.27973 0.279715 0.279699 0.279684 0.27967 0.279656 0.279643 0.279631 0.279619 0.279609 0.2796 0.279593 0.279587 0.279582 0.279579 0.279577 0.279577 0.279578 0.279581 0.279585 
0.170715 0.170724 0.170732 0.170741 0.170749 0.170758 0.170767 0.170776 0.170784 0.170792 0.1708 0.170807 0.170814 0.17082 0.170825 0.170829 0.170833 0.170836 0.170837 0.170838 0.170839 0.170838 0.170836 0.170834 0.17083 0.170826 0.170821 0.170816 0.170809 0.170803 0.170795 0.170787 0.170779 0.170771 0.170762 0.170753 0.170744 0.170736 0.170727 0.170719 0.170711 0.170703 0.170696 0.17069 0.170684 0.170679 0.170674 0.170671 0.170668 0.170666 0.170665 0.170665 0.170666 0.170667 0.17067 0.170673 0.170677 0.170682 0.170688 0.170694 0.170701 0.170708 
0.0574421 0.0574447 0.0574473 0.0574499 0.0574523 0.0574546 0.0574567 0.0574586 0.0574603 0.0574617 0.0574629 0.0574638 0.0574645 0.0574648 0.0574649 0.0574647 0.0574643 0.0574635 0.0574625 0.0574613 0.0574598 0.0574581 0.0574562 0.0574541 0.0574518 0.0574494 0.0574468 0.0574442 0.0574415 0.0574388 0.0574361 0.0574334 0.0574307 0.0574281 0.0574256 0.0574232 0.057421 0.057419 0.0574172 0.0574155 0.0574141 0.057413 0.0574121 0.0574115 0.0574111 0.057411 0.0574112 0.0574117 0.0574124 0.0574134 0.0574147 0.0574162 0.0574179 0.0574198 0.057422 0.0574242 0.0574266 0.0574291 0.0574316 0.0574342 0.0574368 0.0574395 
