0.0559015 0.0559026 0.0559038 0.0559052 0.0559067 0.0559083 0.0559101 0.0559119 0.0559137 0.0559156 0.0559175 0.0559195 0.0559214 0.0559232 0.055925 0.0559267 0.0559284 0.0559299 0.0559313 0.0559325 0.0559336 0.0559345 0.0559352 0.0559358 0.0559362 0.0559363 0.0559363 0.0559361 0.0559357 0.0559351 0.0559343 0.0559334 0.0559323 0.055931 0.0559296 0.0559281 0.0559264 0.0559247 0.0559229 0.055921 0.0559191 0.0559172 0.0559153 0.0559134 0.0559116 0.0559098 0.0559081 0.0559064 0.0559049 0.0559036 0.0559023 0.0559013 0.0559003 0.0558996 0.0558991 0.0558987 0.0558986 0.0558986 0.0558988 0.0558993 0.0558999 0.0559006 
0.166423 0.166423 0.166424 0.166425 0.166426 0.166428 0.166431 0.166434 0.166437 0.16644 0.166444 0.166448 0.166452 0.166457 0.166461 0.166466 0.16647 0.166475 0.16648 0.166484 0.166488 0.166492 0.166496 0.1665 0.166503 0.166505 0.166508 0.16651 0.166512 0.166513 0.166513 0.166514 0.166513 0.166513 0.166511 0.16651 0.166508 0.166505 0.166503 0.166499 0.166496 0.166492 0.166488 0.166484 0.166479 0.166475 0.16647 0.166466 0.166461 0.166457 0.166452 0.166448 0.166444 0.16644 0.166437 0.166434 0.166431 0.166429 0.166427 0.166425 0.166424 0.166423 
0.273318 0.273313 0.273308 0.273303 0.273299 0.273296 0.273293 0.273291 0.27329 0.273289 0.27329 0.27329 0.273292 0.273294 0.273297 0.273301 0.273305 0.27331 0.273315 0.273321 0.273327 0.273333 0.27334 0.273347 0.273354 0.273361 0.273368 0.273375 0.273382 0.273389 0.273395 0.273401 0.273406 0.273411 0.273416 0.27342 0.273423 0.273425 0.273427 0.273429 0.273429 0.273429 0.273428 0.273426 0.273424 0.273421 0.273417 0.273413 0.273408 0.273403 0.273397 0.273391 0.273385 0.273378 0.273371 0.273364 0.273357 0.27335 0.273343 0.273336 0.27333 0.273324 
0.374746 0.374736 0.374725 0.374714 0.374703 0.374692 0.374682 0.374671 0.374661 0.374651 0.374641 0.374633 0.374625 0.374618 0.374612 0.374606 0.374602 0.374599 0.374597 0.374596 0.374597 0.374598 0.374601 0.374604 0.374609 0.374615 0.374621 0.374629 0.374637 0.374646 0.374655 0.374665 0.374676 0.374687 0.374698 0.374709 0.37472 0.37473 0.374741 0.374751 0.374761 0.37477 0.374779 0.374786 0.374793 0.374799 0.374804 0.374809 0.374812 0.374813 0.374814 0.374814 0.374813 0.37481 0.374806 0.374802 0.374796 0.37479 0.374782 0.374774 0.374765 0.374756 
0.469374 0.469369 0.469362 0.469354 0.469344 0.469333 0.469321 0.469308 0.469293 0.469278 0.469262 0.469246 0.46923 0.469213 0.469196 0.469179 0.469163 0.469148 0.469133 0.469119 0.469106 0.469094 0.469083 0.469074 0.469066 0.46906 0.469055 0.469052 0.469051 0.469051 0.469053 0.469057 0.469062 0.469069 0.469078 0.469088 0.469099 0.469111 0.469125 0.469139 0.469154 0.46917 0.469186 0.469203 0.469219 0.469236 0.469252 0.469268 0.469284 0.469299 0.469313 0.469326 0.469337 0.469348 0.469357 0.469365 0.469371 0.469376 0.469379 0.46938 0.46938 0.469378 
0.556313 0.556324 0.556333 0.55634 0.556344 0.556346 0.556346 0.556343 0.556338 0.556331 0.556322 0.556311 0.556297 0.556282 0.556265 0.556247 0.556227 0.556206 0.556184 0.556161 0.556139 0.556115 0.556092 0.556069 0.556047 0.556025 0.556005 0.555985 0.555967 0.555951 0.555936 0.555923 0.555912 0.555903 0.555897 0.555893 0.555891 0.555891 0.555894 0.555899 0.555906 0.555916 0.555928 0.555941 0.555956 0.555974 0.555992 0.556012 0.556033 0.556054 0.556077 0.5561 0.556123 0.556146 0.556168 0.556191 0.556212 0.556232 0.556252 0.55627 0.556286 0.556301 
0.635091 0.635118 0.635143 0.635168 0.635191 0.635212 0.635231 0.635248 0.635263 0.635274 0.635283 0.63529 0.635293 0.635294 0.635291 0.635286 0.635278 0.635267 0.635253 0.635237 0.635219 0.635198 0.635175 0.635151 0.635125 0.635098 0.63507 0.635042 0.635013 0.634984 0.634956 0.634927 0.6349 0.634874 0.63485 0.634827 0.634805 0.634786 0.63477 0.634756 0.634744 0.634735 0.634729 0.634726 0.634726 0.634729 0.634734 0.634743 0.634754 0.634768 0.634784 0.634802 0.634823 0.634846 0.63487 0.634896 0.634922 0.63495 0.634979 0.635007 0.635036 0.635064 
0.705581 0.705612 0.705643 0.705675 0.705707 0.70574 0.705771 0.705803 0.705833 0.705861 0.705889 0.705914 0.705937 0.705957 0.705975 0.705991 0.706003 0.706012 0.706018 0.70602 0.706019 0.706015 0.706008 0.705998 0.705984 0.705968 0.705949 0.705927 0.705903 0.705876 0.705848 0.705819 0.705788 0.705756 0.705724 0.705691 0.705659 0.705627 0.705595 0.705565 0.705536 0.705509 0.705484 0.705461 0.705441 0.705423 0.705408 0.705396 0.705388 0.705382 0.70538 0.705381 0.705385 0.705393 0.705403 0.705417 0.705434 0.705453 0.705475 0.705499 0.705525 0.705552 
0.767836 0.767855 0.767877 0.767901 0.767927 0.767955 0.767985 0.768016 0.768048 0.768081 0.768114 0.768147 0.76818 0.768212 0.768243 0.768272 0.7683 0.768326 0.76835 0.768371 0.76839 0.768405 0.768418 0.768428 0.768434 0.768437 0.768437 0.768433 0.768426 0.768416 0.768402 0.768386 0.768366 0.768344 0.76832 0.768293 0.768265 0.768235 0.768204 0.768171 0.768138 0.768105 0.768072 0.768039 0.768007 0.767976 0.767947 0.767919 0.767893 0.767869 0.767848 0.76783 0.767814 0.767802 0.767793 0.767786 0.767784 0.767784 0.767788 0.767796 0.767806 0.767819 
0.82191 0.821911 0.821916 0.821923 0.821933 0.821946 0.821961 0.82198 0.822 0.822023 0.822048 0.822074 0.822102 0.82213 0.82216 0.82219 0.822221 0.822251 0.822281 0.82231 0.822338 0.822365 0.82239 0.822414 0.822435 0.822454 0.822471 0.822485 0.822496 0.822504 0.822509 0.822512 0.822511 0.822507 0.822499 0.822489 0.822476 0.822461 0.822443 0.822422 0.822399 0.822374 0.822348 0.82232 0.822291 0.822261 0.822231 0.8222 0.82217 0.822139 0.82211 0.822082 0.822055 0.82203 0.822006 0.821985 0.821966 0.82195 0.821936 0.821925 0.821917 0.821912 
0.867788 0.867774 0.867763 0.867754 0.867748 0.867744 0.867742 0.867743 0.867747 0.867753 0.867762 0.867773 0.867786 0.867801 0.867819 0.867838 0.867858 0.86788 0.867903 0.867927 0.867952 0.867977 0.868002 0.868027 0.868052 0.868076 0.868099 0.868121 0.868142 0.868161 0.868179 0.868195 0.868208 0.86822 0.868229 0.868235 0.868239 0.868241 0.86824 0.868236 0.86823 0.868221 0.86821 0.868197 0.868182 0.868164 0.868145 0.868125 0.868102 0.868079 0.868055 0.86803 0.868005 0.86798 0.867955 0.86793 0.867906 0.867882 0.86786 0.867839 0.86782 0.867803 
0.905398 0.905379 0.905362 0.905344 0.905328 0.905314 0.9053 0.905288 0.905278 0.905269 0.905263 0.905258 0.905255 0.905255 0.905256 0.905259 0.905264 0.905271 0.90528 0.905291 0.905303 0.905316 0.905332 0.905348 0.905365 0.905383 0.905402 0.905421 0.905441 0.90546 0.90548 0.905499 0.905518 0.905536 0.905553 0.905569 0.905584 0.905597 0.905609 0.90562 0.905628 0.905635 0.90564 0.905642 0.905643 0.905642 0.905639 0.905634 0.905627 0.905618 0.905607 0.905595 0.905581 0.905566 0.905549 0.905532 0.905514 0.905495 0.905476 0.905456 0.905436 0.905417 
0.934673 0.934658 0.934642 0.934625 0.934607 0.93459 0.934572 0.934555 0.934538 0.934521 0.934505 0.934489 0.934475 0.934462 0.93445 0.934439 0.93443 0.934422 0.934416 0.934412 0.934409 0.934409 0.93441 0.934412 0.934417 0.934423 0.934431 0.93444 0.934451 0.934463 0.934477 0.934491 0.934507 0.934523 0.93454 0.934557 0.934574 0.934592 0.934609 0.934627 0.934643 0.93466 0.934675 0.934689 0.934703 0.934715 0.934725 0.934735 0.934742 0.934748 0.934753 0.934755 0.934756 0.934755 0.934752 0.934747 0.934741 0.934733 0.934724 0.934713 0.934701 0.934687 
0.955579 0.955571 0.955561 0.95555 0.955536 0.955521 0.955505 0.955488 0.95547 0.95545 0.955431 0.955411 0.95539 0.95537 0.95535 0.95533 0.955311 0.955293 0.955275 0.955259 0.955245 0.955232 0.95522 0.95521 0.955202 0.955196 0.955193 0.955191 0.955191 0.955193 0.955197 0.955203 0.955212 0.955222 0.955233 0.955247 0.955261 0.955278 0.955295 0.955313 0.955332 0.955352 0.955372 0.955393 0.955413 0.955433 0.955453 0.955472 0.95549 0.955508 0.955524 0.955538 0.955551 0.955563 0.955573 0.955581 0.955586 0.95559 0.955592 0.955592 0.95559 0.955586 
0.968117 0.968115 0.968111 0.968105 0.968096 0.968085 0.968072 0.968056 0.968039 0.968021 0.968 0.967979 0.967956 0.967933 0.967909 0.967885 0.96786 0.967836 0.967812 0.967789 0.967767 0.967746 0.967726 0.967708 0.967691 0.967677 0.967664 0.967654 0.967646 0.96764 0.967637 0.967637 0.967638 0.967642 0.967649 0.967658 0.967669 0.967682 0.967698 0.967715 0.967734 0.967754 0.967775 0.967798 0.967821 0.967845 0.96787 0.967894 0.967918 0.967942 0.967965 0.967987 0.968008 0.968028 0.968046 0.968062 0.968077 0.968089 0.9681 0.968108 0.968113 0.968116 
0.972299 0.972299 0.972297 0.972293 0.972285 0.972276 0.972264 0.972249 0.972232 0.972214 0.972193 0.972171 0.972148 0.972123 0.972098 0.972072 0.972045 0.972019 0.971993 0.971967 0.971942 0.971918 0.971895 0.971873 0.971854 0.971836 0.97182 0.971807 0.971796 0.971788 0.971782 0.971778 0.971778 0.97178 0.971785 0.971792 0.971802 0.971814 0.971829 0.971845 0.971864 0.971885 0.971907 0.97193 0.971955 0.97198 0.972006 0.972033 0.972059 0.972085 0.972111 0.972136 0.97216 0.972183 0.972204 0.972224 0.972241 0.972257 0.97227 0.972281 0.97229 0.972296 
0.968131 0.968129 0.968124 0.968117 0.968107 0.968094 0.96808 0.968063 0.968045 0.968025 0.968003 0.96798 0.967956 0.967931 0.967905 0.967879 0.967854 0.967828 0.967803 0.967779 0.967755 0.967733 0.967713 0.967694 0.967677 0.967662 0.967649 0.967639 0.967631 0.967625 0.967622 0.967622 0.967625 0.96763 0.967637 0.967647 0.96766 0.967674 0.967691 0.96771 0.96773 0.967752 0.967775 0.967799 0.967824 0.967849 0.967875 0.967901 0.967927 0.967952 0.967976 0.967999 0.968021 0.968042 0.96806 0.968077 0.968092 0.968105 0.968115 0.968123 0.968129 0.968131 
0.955608 0.955598 0.955586 0.955572 0.955556 0.955538 0.955519 0.955499 0.955477 0.955455 0.955431 0.955408 0.955384 0.955361 0.955337 0.955315 0.955293 0.955272 0.955252 0.955234 0.955217 0.955202 0.955189 0.955178 0.95517 0.955163 0.955159 0.955158 0.955159 0.955162 0.955167 0.955175 0.955185 0.955198 0.955212 0.955228 0.955245 0.955265 0.955285 0.955307 0.955329 0.955352 0.955376 0.9554 0.955423 0.955446 0.955469 0.955491 0.955512 0.955532 0.95555 0.955567 0.955581 0.955594 0.955605 0.955613 0.95562 0.955624 0.955625 0.955624 0.955621 0.955616 
0.934712 0.934693 0.934672 0.934651 0.934629 0.934606 0.934583 0.93456 0.934537 0.934515 0.934494 0.934473 0.934453 0.934435 0.934419 0.934404 0.934391 0.934379 0.93437 0.934363 0.934359 0.934356 0.934356 0.934359 0.934363 0.93437 0.934379 0.93439 0.934403 0.934418 0.934435 0.934453 0.934472 0.934493 0.934515 0.934537 0.934559 0.934582 0.934605 0.934628 0.93465 0.934672 0.934692 0.934712 0.93473 0.934746 0.934761 0.934774 0.934786 0.934795 0.934801 0.934806 0.934808 0.934808 0.934806 0.934801 0.934794 0.934785 0.934774 0.934761 0.934746 0.93473 
0.905435 0.90541 0.905385 0.90536 0.905336 0.905313 0.905292 0.905273 0.905255 0.905239 0.905225 0.905214 0.905205 0.905199 0.905195 0.905193 0.905195 0.905199 0.905205 0.905215 0.905226 0.90524 0.905256 0.905274 0.905293 0.905315 0.905337 0.905361 0.905386 0.905411 0.905437 0.905463 0.905489 0.905514 0.905539 0.905562 0.905585 0.905606 0.905626 0.905644 0.90566 0.905673 0.905684 0.905693 0.9057 0.905704 0.905705 0.905703 0.905699 0.905693 0.905683 0.905672 0.905658 0.905642 0.905624 0.905604 0.905583 0.90556 0.905536 0.905512 0.905486 0.905461 
0.867801 0.867777 0.867756 0.867737 0.867721 0.867707 0.867696 0.867689 0.867684 0.867683 0.867684 0.867689 0.867697 0.867708 0.867722 0.867739 0.867758 0.86778 0.867804 0.86783 0.867857 0.867886 0.867916 0.867947 0.867978 0.868009 0.868041 0.868071 0.868101 0.86813 0.868157 0.868183 0.868206 0.868228 0.868247 0.868263 0.868277 0.868287 0.868295 0.8683 0.868301 0.868299 0.868294 0.868286 0.868275 0.868261 0.868244 0.868225 0.868203 0.868179 0.868153 0.868125 0.868096 0.868066 0.868036 0.868004 0.867973 0.867942 0.867911 0.867882 0.867853 0.867826 
0.821873 0.821863 0.821856 0.821853 0.821853 0.821858 0.821865 0.821877 0.821892 0.82191 0.821931 0.821955 0.821982 0.822011 0.822042 0.822075 0.822109 0.822144 0.82218 0.822216 0.822253 0.822289 0.822324 0.822357 0.82239 0.82242 0.822449 0.822475 0.822498 0.822518 0.822535 0.822549 0.82256 0.822566 0.82257 0.822569 0.822565 0.822557 0.822545 0.822531 0.822512 0.822491 0.822467 0.82244 0.822411 0.82238 0.822347 0.822312 0.822277 0.822241 0.822204 0.822168 0.822132 0.822097 0.822063 0.822031 0.822001 0.821972 0.821946 0.821923 0.821903 0.821886 
0.767737 0.767748 0.767762 0.76778 0.767801 0.767826 0.767853 0.767883 0.767916 0.76795 0.767986 0.768024 0.768062 0.7681 0.768139 0.768178 0.768216 0.768253 0.768288 0.768321 0.768353 0.768382 0.768408 0.768431 0.768451 0.768467 0.768479 0.768488 0.768493 0.768494 0.768491 0.768484 0.768474 0.768459 0.768441 0.76842 0.768395 0.768367 0.768337 0.768304 0.76827 0.768233 0.768196 0.768158 0.768119 0.76808 0.768041 0.768003 0.767967 0.767931 0.767898 0.767867 0.767838 0.767812 0.767789 0.76777 0.767754 0.767741 0.767733 0.767728 0.767727 0.76773 
0.705446 0.705475 0.705506 0.70554 0.705575 0.705611 0.705648 0.705686 0.705724 0.705762 0.7058 0.705836 0.705871 0.705904 0.705935 0.705963 0.705989 0.706012 0.706032 0.706048 0.706061 0.70607 0.706075 0.706076 0.706074 0.706067 0.706057 0.706043 0.706026 0.706005 0.705981 0.705954 0.705925 0.705893 0.705859 0.705824 0.705787 0.70575 0.705712 0.705674 0.705636 0.705598 0.705562 0.705527 0.705494 0.705464 0.705435 0.70541 0.705387 0.705367 0.705351 0.705339 0.70533 0.705325 0.705324 0.705327 0.705334 0.705344 0.705358 0.705375 0.705396 0.70542 
0.634976 0.63501 0.635044 0.635078 0.635111 0.635143 0.635173 0.635202 0.635229 0.635254 0.635276 0.635296 0.635312 0.635326 0.635336 0.635343 0.635347 0.635347 0.635343 0.635336 0.635326 0.635312 0.635296 0.635276 0.635254 0.635229 0.635201 0.635172 0.635141 0.635109 0.635076 0.635042 0.635008 0.634974 0.63494 0.634907 0.634875 0.634844 0.634815 0.634788 0.634764 0.634742 0.634722 0.634706 0.634693 0.634683 0.634676 0.634673 0.634673 0.634677 0.634684 0.634695 0.634708 0.634725 0.634745 0.634767 0.634792 0.634819 0.634848 0.634879 0.634911 0.634943 
0.556274 0.556296 0.556316 0.556335 0.556351 0.556365 0.556376 0.556384 0.55639 0.556393 0.556394 0.556391 0.556386 0.556377 0.556367 0.556353 0.556337 0.556319 0.556299 0.556277 0.556253 0.556228 0.556202 0.556175 0.556148 0.55612 0.556092 0.556064 0.556037 0.556011 0.555985 0.555962 0.55594 0.555919 0.555901 0.555885 0.555872 0.555861 0.555852 0.555847 0.555844 0.555844 0.555847 0.555852 0.555861 0.555872 0.555885 0.555901 0.555919 0.555939 0.555961 0.555985 0.55601 0.556036 0.556063 0.556091 0.556118 0.556146 0.556174 0.5562 0.556226 0.556251 
0.469414 0.469417 0.469418 0.469417 0.469414 0.469409 0.469402 0.469393 0.469382 0.46937 0.469355 0.46934 0.469323 0.469305 0.469286 0.469266 0.469246 0.469225 0.469205 0.469184 0.469164 0.469144 0.469125 0.469107 0.469091 0.469075 0.469061 0.469048 0.469037 0.469029 0.469021 0.469016 0.469013 0.469013 0.469014 0.469017 0.469022 0.46903 0.469039 0.46905 0.469062 0.469077 0.469092 0.469109 0.469127 0.469146 0.469166 0.469186 0.469207 0.469227 0.469248 0.469268 0.469287 0.469306 0.469324 0.469341 0.469356 0.46937 0.469383 0.469393 0.469402 0.469409 
0.374813 0.374804 0.374794 0.374784 0.374772 0.37476 0.374747 0.374734 0.374721 0.374707 0.374693 0.37468 0.374666 0.374653 0.374641 0.374629 0.374618 0.374608 0.374599 0.374591 0.374584 0.374579 0.374575 0.374572 0.37457 0.37457 0.374572 0.374574 0.374578 0.374584 0.37459 0.374598 0.374607 0.374617 0.374628 0.374639 0.374652 0.374665 0.374678 0.374691 0.374705 0.374719 0.374732 0.374745 0.374758 0.374771 0.374782 0.374793 0.374803 0.374812 0.37482 0.374826 0.374832 0.374836 0.374839 0.37484 0.37484 0.374839 0.374836 0.374832 0.374827 0.37482 
0.273357 0.273349 0.273341 0.273332 0.273325 0.273317 0.27331 0.273303 0.273297 0.273292 0.273287 0.273283 0.27328 0.273277 0.273276 0.273275 0.273275 0.273276 0.273278 0.273281 0.273285 0.273289 0.273294 0.2733 0.273306 0.273313 0.27332 0.273328 0.273336 0.273345 0.273353 0.273362 0.27337 0.273378 0.273387 0.273395 0.273402 0.273409 0.273416 0.273422 0.273427 0.273432 0.273436 0.273439 0.273441 0.273443 0.273443 0.273443 0.273442 0.27344 0.273437 0.273433 0.273429 0.273424 0.273418 0.273412 0.273405 0.273398 0.27339 0.273382 0.273374 0.273365 
0.166427 0.166424 0.166422 0.16642 0.166419 0.166418 0.166417 0.166417 0.166418 0.166419 0.166421 0.166423 0.166426 0.166429 0.166432 0.166436 0.16644 0.166445 0.166449 0.166454 0.166459 0.166465 0.16647 0.166475 0.16648 0.166485 0.16649 0.166494 0.166499 0.166503 0.166506 0.166509 0.166512 0.166515 0.166517 0.166518 0.166519 0.166519 0.166519 0.166518 0.166517 0.166515 0.166513 0.16651 0.166507 0.166504 0.1665 0.166496 0.166491 0.166487 0.166482 0.166477 0.166472 0.166466 0.166461 0.166456 0.166451 0.166446 0.166442 0.166438 0.166434 0.16643 
0.0558975 0.0558976 0.0558979 0.0558984 0.055899 0.0558999 0.0559009 0.0559021 0.0559035 0.055905 0.0559067 0.0559085 0.0559103 0.0559123 0.0559143 0.0559163 0.0559184 0.0559204 0.0559224 0.0559243 0.0559262 0.055928 0.0559297 0.0559312 0.0559326 0.0559339 0.055935 0.0559359 0.0559366 0.0559371 0.0559374 0.0559375 0.0559374 0.0559371 0.0559366 0.0559359 0.055935 0.0559339 0.0559326 0.0559312 0.0559297 0.055928 0.0559263 0.0559244 0.0559224 0.0559204 0.0559184 0.0559164 0.0559144 0.0559124 0.0559104 0.0559085 0.0559068 0.0559051 0.0559035 0.0559022 0.0559009 0.0558999 0.055899 0.0558984 0.0558979 0.0558976 
