0.0553084 0.0553079 0.0553076 0.0553075 0.0553075 0.0553076 0.0553079 0.0553083 0.0553089 0.0553096 0.0553105 0.0553114 0.0553125 0.0553137 0.055315 0.0553164 0.0553178 0.0553193 0.0553208 0.0553224 0.0553239 0.0553254 0.0553269 0.0553283 0.0553297 0.055331 0.0553322 0.0553333 0.0553343 0.0553351 0.0553359 0.0553365 0.0553369 0.0553372 0.0553374 0.0553374 0.0553372 0.0553369 0.0553365 0.0553359 0.0553351 0.0553343 0.0553333 0.0553322 0.055331 0.0553297 0.0553283 0.0553269 0.0553254 0.0553239 0.0553224 0.0553209 0.0553194 0.0553179 0.0553164 0.0553151 0.0553138 0.0553126 0.0553115 0.0553106 0.0553097 0.055309 
0.164742 0.16474 0.164737 0.164735 0.164734 0.164732 0.164731 0.16473 0.16473 0.16473 0.164731 0.164731 0.164733 0.164734 0.164736 0.164738 0.164741 0.164743 0.164746 0.16475 0.164753 0.164756 0.16476 0.164764 0.164767 0.164771 0.164775 0.164778 0.164782 0.164785 0.164788 0.164791 0.164794 0.164796 0.164798 0.1648 0.164801 0.164802 0.164803 0.164803 0.164803 0.164802 0.164802 0.1648 0.164799 0.164797 0.164795 0.164792 0.164789 0.164786 0.164783 0.16478 0.164776 0.164773 0.164769 0.164765 0.164762 0.164758 0.164755 0.164751 0.164748 0.164745 
0.270776 0.27077 0.270765 0.27076 0.270754 0.270749 0.270744 0.270739 0.270735 0.27073 0.270726 0.270723 0.27072 0.270717 0.270715 0.270714 0.270713 0.270712 0.270712 0.270713 0.270714 0.270716 0.270718 0.270721 0.270724 0.270728 0.270732 0.270736 0.270741 0.270746 0.270751 0.270756 0.270762 0.270767 0.270772 0.270778 0.270783 0.270788 0.270793 0.270797 0.270802 0.270805 0.270809 0.270812 0.270814 0.270816 0.270818 0.270819 0.270819 0.270819 0.270818 0.270817 0.270815 0.270813 0.27081 0.270807 0.270804 0.2708 0.270795 0.270791 0.270786 0.270781 
0.371562 0.371559 0.371555 0.371551 0.371546 0.371541 0.371535 0.371528 0.371521 0.371514 0.371506 0.371498 0.37149 0.371482 0.371474 0.371466 0.371458 0.371451 0.371444 0.371437 0.371431 0.371425 0.371421 0.371416 0.371413 0.37141 0.371408 0.371407 0.371406 0.371407 0.371408 0.37141 0.371413 0.371417 0.371421 0.371426 0.371432 0.371438 0.371445 0.371452 0.371459 0.371467 0.371475 0.371483 0.371491 0.371499 0.371507 0.371514 0.371522 0.371529 0.371535 0.371541 0.371547 0.371552 0.371556 0.371559 0.371562 0.371564 0.371565 0.371565 0.371565 0.371564 
0.465701 0.465708 0.465715 0.46572 0.465724 0.465728 0.465729 0.46573 0.46573 0.465728 0.465725 0.465721 0.465716 0.465709 0.465702 0.465694 0.465684 0.465675 0.465664 0.465653 0.465641 0.465629 0.465617 0.465605 0.465592 0.46558 0.465569 0.465558 0.465547 0.465537 0.465527 0.465519 0.465512 0.465505 0.4655 0.465496 0.465492 0.465491 0.46549 0.465491 0.465492 0.465496 0.4655 0.465505 0.465512 0.465519 0.465527 0.465537 0.465547 0.465557 0.465569 0.46558 0.465592 0.465604 0.465616 0.465628 0.46564 0.465652 0.465663 0.465674 0.465684 0.465693 
0.552293 0.55231 0.552327 0.552344 0.552361 0.552377 0.552392 0.552407 0.55242 0.552432 0.552443 0.552452 0.55246 0.552466 0.552471 0.552474 0.552475 0.552474 0.552471 0.552467 0.552461 0.552454 0.552444 0.552434 0.552422 0.552409 0.552394 0.552379 0.552363 0.552346 0.552329 0.552312 0.552294 0.552277 0.55226 0.552243 0.552227 0.552212 0.552197 0.552184 0.552172 0.552161 0.552152 0.552145 0.552138 0.552134 0.552131 0.552131 0.552131 0.552134 0.552139 0.552145 0.552152 0.552161 0.552172 0.552184 0.552197 0.552212 0.552227 0.552243 0.552259 0.552276 
0.630919 0.630934 0.630951 0.63097 0.63099 0.63101 0.631032 0.631054 0.631077 0.6311 0.631123 0.631145 0.631167 0.631188 0.631208 0.631227 0.631244 0.63126 0.631274 0.631287 0.631297 0.631305 0.631311 0.631315 0.631316 0.631315 0.631312 0.631307 0.631299 0.631289 0.631277 0.631263 0.631248 0.63123 0.631212 0.631192 0.631171 0.631149 0.631127 0.631104 0.631081 0.631058 0.631036 0.631014 0.630993 0.630973 0.630954 0.630937 0.630921 0.630907 0.630895 0.630884 0.630876 0.630871 0.630867 0.630866 0.630867 0.63087 0.630876 0.630884 0.630894 0.630905 
0.70147 0.70147 0.701473 0.701479 0.701488 0.701499 0.701513 0.701529 0.701546 0.701566 0.701588 0.701611 0.701636 0.701661 0.701687 0.701714 0.701741 0.701768 0.701794 0.70182 0.701846 0.70187 0.701892 0.701913 0.701932 0.70195 0.701965 0.701977 0.701988 0.701995 0.702 0.702003 0.702002 0.701999 0.701993 0.701984 0.701973 0.70196 0.701944 0.701926 0.701906 0.701884 0.701861 0.701836 0.70181 0.701784 0.701757 0.70173 0.701703 0.701676 0.70165 0.701625 0.701601 0.701579 0.701558 0.701538 0.701521 0.701507 0.701494 0.701484 0.701477 0.701472 
0.763911 0.763894 0.763879 0.763867 0.763857 0.76385 0.763846 0.763845 0.763847 0.763852 0.763859 0.76387 0.763883 0.763898 0.763916 0.763936 0.763958 0.763982 0.764007 0.764034 0.764061 0.764089 0.764118 0.764146 0.764175 0.764203 0.76423 0.764256 0.764281 0.764305 0.764326 0.764346 0.764363 0.764378 0.76439 0.7644 0.764407 0.764411 0.764412 0.76441 0.764406 0.764398 0.764388 0.764375 0.764359 0.764341 0.764321 0.764299 0.764275 0.76425 0.764223 0.764195 0.764167 0.764138 0.764109 0.764081 0.764053 0.764025 0.763999 0.763974 0.763951 0.76393 
0.818155 0.818129 0.818104 0.81808 0.818058 0.818037 0.818018 0.818001 0.817987 0.817975 0.817966 0.817959 0.817955 0.817953 0.817955 0.817959 0.817966 0.817975 0.817987 0.818002 0.818019 0.818037 0.818058 0.81808 0.818104 0.818129 0.818155 0.818182 0.818209 0.818237 0.818264 0.81829 0.818316 0.818341 0.818365 0.818388 0.818408 0.818427 0.818444 0.818458 0.81847 0.81848 0.818487 0.818491 0.818492 0.818491 0.818487 0.81848 0.81847 0.818458 0.818444 0.818427 0.818408 0.818387 0.818364 0.818341 0.818315 0.818289 0.818262 0.818235 0.818208 0.818181 
0.864082 0.86406 0.864038 0.864015 0.863992 0.863969 0.863946 0.863924 0.863903 0.863882 0.863863 0.863846 0.86383 0.863815 0.863803 0.863793 0.863785 0.863779 0.863775 0.863774 0.863775 0.863778 0.863784 0.863792 0.863802 0.863814 0.863828 0.863844 0.863861 0.86388 0.8639 0.863921 0.863943 0.863965 0.863988 0.864011 0.864034 0.864057 0.864079 0.8641 0.86412 0.864139 0.864156 0.864172 0.864187 0.864199 0.864209 0.864217 0.864223 0.864227 0.864228 0.864227 0.864224 0.864218 0.86421 0.8642 0.864188 0.864174 0.864158 0.864141 0.864122 0.864102 
0.901611 0.901602 0.901591 0.901579 0.901565 0.901551 0.901535 0.901519 0.901502 0.901485 0.901467 0.901449 0.901432 0.901414 0.901397 0.901381 0.901365 0.901351 0.901337 0.901325 0.901314 0.901305 0.901297 0.901291 0.901287 0.901284 0.901283 0.901284 0.901287 0.901291 0.901297 0.901305 0.901315 0.901325 0.901338 0.901351 0.901366 0.901381 0.901397 0.901414 0.901431 0.901449 0.901467 0.901484 0.901502 0.901518 0.901535 0.90155 0.901565 0.901578 0.90159 0.901601 0.90161 0.901618 0.901624 0.901629 0.901632 0.901632 0.901632 0.901629 0.901625 0.901618 
0.930731 0.930736 0.930739 0.93074 0.930741 0.930739 0.930736 0.930732 0.930726 0.930719 0.93071 0.9307 0.930689 0.930677 0.930665 0.930651 0.930637 0.930622 0.930607 0.930592 0.930577 0.930562 0.930547 0.930533 0.930519 0.930506 0.930494 0.930483 0.930473 0.930464 0.930457 0.930451 0.930446 0.930443 0.930441 0.930441 0.930443 0.930446 0.93045 0.930456 0.930464 0.930472 0.930482 0.930493 0.930505 0.930518 0.930531 0.930545 0.93056 0.930575 0.93059 0.930605 0.93062 0.930635 0.930649 0.930663 0.930676 0.930688 0.930699 0.930709 0.930718 0.930725 
0.95148 0.951496 0.95151 0.951523 0.951535 0.951546 0.951555 0.951563 0.951568 0.951573 0.951575 0.951576 0.951574 0.951571 0.951567 0.95156 0.951552 0.951542 0.951531 0.951519 0.951505 0.95149 0.951474 0.951458 0.951441 0.951423 0.951406 0.951388 0.95137 0.951353 0.951336 0.95132 0.951304 0.95129 0.951277 0.951265 0.951254 0.951245 0.951238 0.951232 0.951228 0.951225 0.951225 0.951226 0.951229 0.951234 0.95124 0.951249 0.951258 0.951269 0.951282 0.951296 0.951311 0.951326 0.951343 0.95136 0.951377 0.951395 0.951413 0.95143 0.951448 0.951464 
0.963908 0.963929 0.96395 0.963971 0.96399 0.964009 0.964026 0.964042 0.964056 0.964069 0.96408 0.964088 0.964095 0.964099 0.964102 0.964102 0.964099 0.964095 0.964088 0.96408 0.964069 0.964057 0.964042 0.964026 0.964009 0.963991 0.963971 0.96395 0.963929 0.963907 0.963885 0.963863 0.963842 0.963821 0.9638 0.96378 0.963762 0.963744 0.963729 0.963714 0.963702 0.963691 0.963683 0.963676 0.963672 0.96367 0.96367 0.963672 0.963677 0.963683 0.963692 0.963703 0.963715 0.96373 0.963746 0.963763 0.963782 0.963801 0.963822 0.963843 0.963864 0.963886 
0.968049 0.968073 0.968096 0.96812 0.968142 0.968164 0.968184 0.968203 0.96822 0.968236 0.96825 0.968262 0.968271 0.968278 0.968283 0.968285 0.968285 0.968283 0.968278 0.968271 0.968261 0.968249 0.968235 0.96822 0.968202 0.968183 0.968162 0.968141 0.968118 0.968094 0.96807 0.968046 0.968022 0.967998 0.967975 0.967952 0.967931 0.96791 0.967891 0.967874 0.967858 0.967844 0.967833 0.967824 0.967816 0.967812 0.96781 0.96781 0.967812 0.967817 0.967825 0.967835 0.967847 0.96786 0.967876 0.967894 0.967913 0.967934 0.967955 0.967978 0.968001 0.968025 
0.963917 0.96394 0.963963 0.963985 0.964005 0.964025 0.964043 0.96406 0.964074 0.964087 0.964098 0.964107 0.964113 0.964117 0.964119 0.964118 0.964115 0.964109 0.964101 0.964091 0.964079 0.964065 0.964049 0.964032 0.964012 0.963992 0.96397 0.963948 0.963925 0.963901 0.963878 0.963854 0.963831 0.963808 0.963786 0.963766 0.963746 0.963728 0.963711 0.963696 0.963684 0.963673 0.963664 0.963658 0.963654 0.963653 0.963654 0.963657 0.963663 0.963671 0.963681 0.963693 0.963707 0.963723 0.963741 0.96376 0.963781 0.963802 0.963825 0.963847 0.963871 0.963894 
0.951505 0.951523 0.95154 0.951556 0.95157 0.951582 0.951592 0.951601 0.951607 0.951611 0.951613 0.951613 0.951611 0.951606 0.9516 0.951591 0.951581 0.951568 0.951554 0.951538 0.951521 0.951503 0.951483 0.951463 0.951442 0.95142 0.951399 0.951377 0.951356 0.951335 0.951315 0.951295 0.951277 0.95126 0.951245 0.951231 0.951218 0.951208 0.9512 0.951194 0.951189 0.951187 0.951188 0.95119 0.951195 0.951201 0.95121 0.951221 0.951233 0.951247 0.951263 0.95128 0.951299 0.951318 0.951339 0.95136 0.951381 0.951403 0.951424 0.951445 0.951466 0.951486 
0.93078 0.930788 0.930794 0.930798 0.9308 0.9308 0.930797 0.930793 0.930786 0.930778 0.930767 0.930755 0.930741 0.930725 0.930708 0.93069 0.930671 0.930651 0.93063 0.930609 0.930588 0.930567 0.930546 0.930525 0.930506 0.930487 0.930469 0.930452 0.930437 0.930424 0.930412 0.930402 0.930394 0.930388 0.930384 0.930382 0.930383 0.930385 0.93039 0.930396 0.930405 0.930416 0.930428 0.930442 0.930458 0.930475 0.930493 0.930512 0.930532 0.930553 0.930574 0.930595 0.930616 0.930637 0.930657 0.930677 0.930696 0.930714 0.93073 0.930745 0.930759 0.930771 
0.901692 0.901685 0.901675 0.901664 0.90165 0.901634 0.901617 0.901598 0.901577 0.901555 0.901532 0.901509 0.901484 0.90146 0.901436 0.901411 0.901388 0.901365 0.901343 0.901322 0.901302 0.901284 0.901268 0.901254 0.901242 0.901232 0.901225 0.90122 0.901217 0.901217 0.90122 0.901224 0.901232 0.901241 0.901253 0.901267 0.901283 0.9013 0.901319 0.90134 0.901362 0.901385 0.901408 0.901433 0.901457 0.901481 0.901505 0.901529 0.901552 0.901574 0.901595 0.901614 0.901632 0.901648 0.901662 0.901674 0.901684 0.901691 0.901696 0.901699 0.901699 0.901697 
0.864189 0.864166 0.864141 0.864114 0.864086 0.864058 0.864028 0.863999 0.863969 0.86394 0.863912 0.863884 0.863858 0.863833 0.86381 0.863788 0.863769 0.863753 0.863739 0.863727 0.863719 0.863713 0.86371 0.863711 0.863714 0.86372 0.863729 0.863741 0.863756 0.863773 0.863793 0.863814 0.863838 0.863863 0.86389 0.863917 0.863946 0.863975 0.864005 0.864034 0.864063 0.864092 0.864119 0.864146 0.86417 0.864194 0.864215 0.864234 0.86425 0.864264 0.864276 0.864284 0.86429 0.864292 0.864292 0.864289 0.864282 0.864273 0.864261 0.864247 0.86423 0.86421 
0.81826 0.818226 0.818193 0.81816 0.818127 0.818096 0.818065 0.818037 0.81801 0.817985 0.817963 0.817944 0.817927 0.817913 0.817903 0.817896 0.817892 0.817892 0.817895 0.817901 0.817911 0.817924 0.81794 0.817959 0.817981 0.818005 0.818031 0.81806 0.81809 0.818121 0.818153 0.818187 0.81822 0.818254 0.818287 0.818319 0.818351 0.818381 0.81841 0.818437 0.818461 0.818483 0.818503 0.818519 0.818533 0.818543 0.81855 0.818554 0.818554 0.818551 0.818544 0.818534 0.818521 0.818505 0.818486 0.818465 0.81844 0.818414 0.818385 0.818356 0.818324 0.818292 
0.763966 0.763937 0.763909 0.763883 0.76386 0.76384 0.763822 0.763808 0.763797 0.763789 0.763785 0.763785 0.763788 0.763794 0.763804 0.763817 0.763834 0.763853 0.763875 0.7639 0.763928 0.763957 0.763988 0.76402 0.764054 0.764088 0.764123 0.764158 0.764193 0.764227 0.764259 0.764291 0.764321 0.764349 0.764375 0.764398 0.764418 0.764436 0.76445 0.764461 0.764468 0.764472 0.764473 0.76447 0.764463 0.764454 0.76444 0.764424 0.764404 0.764382 0.764357 0.764329 0.7643 0.764269 0.764236 0.764202 0.764168 0.764133 0.764098 0.764064 0.76403 0.763997 
0.701441 0.701429 0.70142 0.701414 0.701411 0.701411 0.701415 0.701423 0.701433 0.701446 0.701463 0.701482 0.701504 0.701528 0.701555 0.701583 0.701613 0.701644 0.701676 0.701709 0.701742 0.701775 0.701807 0.701839 0.70187 0.701899 0.701927 0.701953 0.701976 0.701997 0.702016 0.702031 0.702044 0.702053 0.702059 0.702062 0.702061 0.702057 0.70205 0.70204 0.702026 0.702009 0.70199 0.701968 0.701944 0.701917 0.701889 0.701859 0.701827 0.701795 0.701762 0.701729 0.701696 0.701664 0.701632 0.701601 0.701572 0.701544 0.701519 0.701495 0.701474 0.701456 
0.63082 0.630829 0.63084 0.630854 0.63087 0.630889 0.63091 0.630932 0.630956 0.630982 0.631009 0.631036 0.631064 0.631092 0.631121 0.631149 0.631176 0.631203 0.631228 0.631252 0.631275 0.631295 0.631314 0.63133 0.631344 0.631355 0.631363 0.631369 0.631371 0.631371 0.631368 0.631362 0.631353 0.631342 0.631328 0.631312 0.631293 0.631272 0.631249 0.631225 0.631199 0.631173 0.631145 0.631117 0.631088 0.63106 0.631032 0.631004 0.630978 0.630952 0.630928 0.630906 0.630886 0.630867 0.630851 0.630838 0.630827 0.630819 0.630814 0.630811 0.630811 0.630814 
0.552189 0.552208 0.552229 0.55225 0.552271 0.552294 0.552316 0.552338 0.55236 0.552381 0.552401 0.55242 0.552438 0.552455 0.55247 0.552484 0.552495 0.552505 0.552513 0.552518 0.552521 0.552522 0.552521 0.552517 0.552511 0.552503 0.552493 0.552481 0.552467 0.552452 0.552435 0.552416 0.552397 0.552376 0.552355 0.552333 0.552311 0.552288 0.552266 0.552244 0.552223 0.552203 0.552184 0.552165 0.552149 0.552134 0.55212 0.552109 0.5521 0.552092 0.552087 0.552084 0.552083 0.552085 0.552089 0.552095 0.552103 0.552113 0.552125 0.552139 0.552154 0.552171 
0.465656 0.46567 0.465684 0.465698 0.46571 0.465722 0.465732 0.465741 0.465749 0.465756 0.46576 0.465764 0.465766 0.465766 0.465764 0.465761 0.465757 0.465751 0.465743 0.465734 0.465724 0.465713 0.4657 0.465687 0.465673 0.465658 0.465642 0.465627 0.465611 0.465595 0.46558 0.465564 0.465549 0.465535 0.465522 0.465509 0.465498 0.465487 0.465478 0.465471 0.465464 0.46546 0.465456 0.465455 0.465455 0.465456 0.465459 0.465464 0.46547 0.465478 0.465487 0.465497 0.465509 0.465521 0.465535 0.465549 0.465563 0.465579 0.465594 0.46561 0.465626 0.465641 
0.371581 0.371584 0.371586 0.371587 0.371587 0.371586 0.371583 0.37158 0.371576 0.371571 0.371565 0.371558 0.371551 0.371542 0.371534 0.371524 0.371515 0.371505 0.371494 0.371484 0.371474 0.371464 0.371454 0.371444 0.371435 0.371426 0.371418 0.371411 0.371405 0.371399 0.371394 0.37139 0.371387 0.371386 0.371385 0.371385 0.371386 0.371389 0.371392 0.371396 0.371401 0.371407 0.371414 0.371422 0.37143 0.371439 0.371448 0.371458 0.371468 0.371478 0.371488 0.371499 0.371509 0.371519 0.371528 0.371537 0.371546 0.371554 0.371561 0.371567 0.371573 0.371578 
0.270815 0.27081 0.270805 0.2708 0.270795 0.270789 0.270783 0.270777 0.27077 0.270764 0.270757 0.270751 0.270745 0.270739 0.270733 0.270728 0.270723 0.270718 0.270714 0.27071 0.270707 0.270705 0.270703 0.270702 0.270702 0.270702 0.270703 0.270705 0.270707 0.27071 0.270713 0.270717 0.270721 0.270726 0.270731 0.270737 0.270743 0.270749 0.270755 0.270762 0.270768 0.270775 0.270781 0.270787 0.270793 0.270799 0.270804 0.270809 0.270814 0.270818 0.270821 0.270824 0.270826 0.270828 0.270829 0.270829 0.270829 0.270828 0.270827 0.270824 0.270822 0.270818 
0.164764 0.16476 0.164756 0.164752 0.164748 0.164744 0.164741 0.164738 0.164735 0.164733 0.16473 0.164729 0.164727 0.164726 0.164726 0.164726 0.164726 0.164727 0.164728 0.164729 0.164731 0.164733 0.164736 0.164739 0.164742 0.164746 0.164749 0.164753 0.164757 0.164761 0.164765 0.164769 0.164774 0.164778 0.164782 0.164785 0.164789 0.164792 0.164795 0.164798 0.164801 0.164803 0.164804 0.164806 0.164807 0.164807 0.164807 0.164807 0.164806 0.164805 0.164804 0.164802 0.164799 0.164797 0.164794 0.164791 0.164787 0.164783 0.16478 0.164776 0.164772 0.164768 
0.0553125 0.0553113 0.0553101 0.055309 0.0553081 0.0553073 0.0553066 0.0553061 0.0553058 0.0553057 0.0553057 0.0553059 0.0553063 0.0553068 0.0553075 0.0553084 0.0553094 0.0553105 0.0553118 0.0553132 0.0553146 0.0553162 0.0553178 0.0553194 0.0553211 0.0553228 0.0553245 0.0553262 0.0553278 0.0553294 0.0553309 0.0553323 0.0553336 0.0553348 0.0553359 0.0553368 0.0553376 0.0553382 0.0553387 0.055339 0.0553391 0.0553391 0.0553389 0.0553385 0.0553379 0.0553372 0.0553363 0.0553353 0.0553342 0.0553329 0.0553315 0.0553301 0.0553285 0.0553269 0.0553253 0.0553236 0.0553219 0.0553202 0.0553185 0.0553169 0.0553154 0.0553139 
