0.0551681 0.0551673 0.0551668 0.0551663 0.0551659 0.0551657 0.0551657 0.0551657 0.055166 0.0551663 0.0551668 0.0551674 0.0551682 0.0551691 0.0551701 0.0551711 0.0551723 0.0551736 0.0551749 0.0551762 0.0551776 0.055179 0.0551805 0.0551819 0.0551833 0.0551846 0.0551859 0.0551871 0.0551883 0.0551893 0.0551903 0.0551912 0.0551919 0.0551925 0.055193 0.0551933 0.0551935 0.0551935 0.0551935 0.0551932 0.0551928 0.0551923 0.0551917 0.0551909 0.05519 0.055189 0.055188 0.0551868 0.0551855 0.0551842 0.0551829 0.0551815 0.0551801 0.0551786 0.0551772 0.0551759 0.0551745 0.0551732 0.055172 0.0551709 0.0551699 0.0551689 
0.16434 0.164337 0.164334 0.164332 0.164329 0.164327 0.164326 0.164324 0.164323 0.164323 0.164322 0.164322 0.164323 0.164323 0.164324 0.164326 0.164328 0.16433 0.164332 0.164334 0.164337 0.16434 0.164343 0.164347 0.16435 0.164353 0.164357 0.16436 0.164364 0.164367 0.16437 0.164373 0.164376 0.164379 0.164382 0.164384 0.164386 0.164387 0.164389 0.16439 0.16439 0.164391 0.164391 0.16439 0.16439 0.164388 0.164387 0.164385 0.164383 0.164381 0.164378 0.164376 0.164373 0.16437 0.164366 0.164363 0.164359 0.164356 0.164352 0.164349 0.164346 0.164343 
0.270156 0.270151 0.270146 0.270141 0.270136 0.270131 0.270126 0.270121 0.270117 0.270112 0.270108 0.270104 0.2701 0.270097 0.270094 0.270092 0.27009 0.270088 0.270087 0.270087 0.270087 0.270087 0.270088 0.27009 0.270092 0.270095 0.270097 0.270101 0.270105 0.270109 0.270113 0.270118 0.270122 0.270127 0.270132 0.270137 0.270143 0.270148 0.270152 0.270157 0.270162 0.270166 0.27017 0.270173 0.270177 0.27018 0.270182 0.270184 0.270185 0.270186 0.270187 0.270187 0.270186 0.270185 0.270183 0.270181 0.270179 0.270176 0.270172 0.270169 0.270164 0.27016 
0.370772 0.370771 0.370769 0.370766 0.370763 0.370759 0.370755 0.37075 0.370745 0.370739 0.370732 0.370726 0.370718 0.370711 0.370704 0.370696 0.370689 0.370682 0.370675 0.370668 0.370661 0.370655 0.370649 0.370644 0.370639 0.370635 0.370632 0.370629 0.370627 0.370626 0.370626 0.370626 0.370627 0.370629 0.370631 0.370634 0.370638 0.370643 0.370648 0.370653 0.370659 0.370666 0.370673 0.37068 0.370687 0.370694 0.370702 0.370709 0.370716 0.370723 0.37073 0.370737 0.370743 0.370749 0.370754 0.370758 0.370762 0.370766 0.370768 0.37077 0.370771 0.370772 
0.464785 0.464794 0.464802 0.464809 0.464815 0.464821 0.464825 0.464828 0.464831 0.464832 0.464832 0.464831 0.464829 0.464825 0.464821 0.464815 0.464809 0.464802 0.464794 0.464785 0.464775 0.464765 0.464755 0.464744 0.464733 0.464722 0.46471 0.464699 0.464689 0.464678 0.464668 0.464659 0.46465 0.464642 0.464634 0.464628 0.464623 0.464618 0.464615 0.464613 0.464612 0.464612 0.464613 0.464616 0.464619 0.464623 0.464629 0.464635 0.464643 0.464651 0.46466 0.464669 0.464679 0.46469 0.464701 0.464712 0.464723 0.464734 0.464745 0.464756 0.464766 0.464776 
0.551305 0.551321 0.551336 0.551352 0.551368 0.551384 0.5514 0.551415 0.55143 0.551444 0.551457 0.551469 0.55148 0.551489 0.551497 0.551504 0.551509 0.551513 0.551515 0.551516 0.551514 0.551512 0.551507 0.551501 0.551494 0.551485 0.551475 0.551463 0.551451 0.551437 0.551423 0.551408 0.551392 0.551377 0.55136 0.551344 0.551328 0.551313 0.551297 0.551283 0.551269 0.551256 0.551244 0.551233 0.551224 0.551216 0.551209 0.551204 0.5512 0.551198 0.551198 0.551199 0.551202 0.551207 0.551213 0.551221 0.55123 0.55124 0.551251 0.551264 0.551277 0.551291 
0.629922 0.629932 0.629943 0.629956 0.629971 0.629987 0.630004 0.630023 0.630043 0.630063 0.630084 0.630105 0.630126 0.630148 0.630168 0.630189 0.630208 0.630227 0.630245 0.630261 0.630276 0.630289 0.6303 0.630309 0.630317 0.630322 0.630325 0.630326 0.630325 0.630322 0.630317 0.630309 0.6303 0.630288 0.630275 0.630261 0.630244 0.630227 0.630208 0.630188 0.630168 0.630147 0.630126 0.630104 0.630083 0.630062 0.630042 0.630022 0.630003 0.629986 0.62997 0.629955 0.629942 0.629931 0.629922 0.629914 0.629909 0.629906 0.629905 0.629906 0.62991 0.629915 
0.700509 0.700502 0.700497 0.700495 0.700495 0.700498 0.700504 0.700512 0.700522 0.700535 0.70055 0.700567 0.700586 0.700606 0.700628 0.700651 0.700675 0.7007 0.700725 0.700751 0.700776 0.700802 0.700826 0.70085 0.700873 0.700894 0.700914 0.700933 0.700949 0.700964 0.700976 0.700985 0.700993 0.700998 0.701 0.700999 0.700997 0.700991 0.700983 0.700973 0.70096 0.700945 0.700928 0.700909 0.700888 0.700866 0.700843 0.700819 0.700794 0.700768 0.700743 0.700717 0.700692 0.700667 0.700643 0.70062 0.700599 0.700579 0.700561 0.700545 0.70053 0.700518 
0.762991 0.762968 0.762947 0.762928 0.762911 0.762897 0.762884 0.762875 0.762868 0.762864 0.762862 0.762863 0.762868 0.762874 0.762884 0.762896 0.762911 0.762927 0.762946 0.762967 0.76299 0.763014 0.763039 0.763065 0.763092 0.76312 0.763147 0.763175 0.763202 0.763228 0.763253 0.763277 0.7633 0.763321 0.76334 0.763357 0.763371 0.763384 0.763393 0.7634 0.763405 0.763406 0.763405 0.763401 0.763394 0.763384 0.763372 0.763358 0.763341 0.763322 0.763301 0.763278 0.763254 0.763228 0.763202 0.763175 0.763147 0.76312 0.763092 0.763065 0.763039 0.763014 
0.817245 0.817219 0.817193 0.817166 0.817141 0.817116 0.817093 0.817071 0.817051 0.817032 0.817015 0.817001 0.816989 0.816979 0.816972 0.816967 0.816965 0.816966 0.816969 0.816976 0.816984 0.816995 0.817009 0.817025 0.817042 0.817062 0.817083 0.817106 0.81713 0.817155 0.817181 0.817207 0.817234 0.81726 0.817286 0.817311 0.817336 0.817359 0.817381 0.817402 0.81742 0.817437 0.817451 0.817463 0.817473 0.81748 0.817485 0.817487 0.817486 0.817483 0.817476 0.817468 0.817457 0.817443 0.817427 0.817409 0.81739 0.817368 0.817345 0.817321 0.817296 0.817271 
0.863145 0.863127 0.863108 0.863088 0.863067 0.863045 0.863023 0.863 0.862978 0.862956 0.862934 0.862913 0.862893 0.862874 0.862857 0.862841 0.862826 0.862814 0.862803 0.862795 0.862788 0.862784 0.862783 0.862783 0.862786 0.862791 0.862798 0.862807 0.862818 0.862831 0.862846 0.862863 0.862881 0.8629 0.86292 0.862941 0.862963 0.862985 0.863008 0.86303 0.863052 0.863074 0.863094 0.863114 0.863133 0.863151 0.863166 0.863181 0.863193 0.863204 0.863212 0.863219 0.863223 0.863225 0.863224 0.863222 0.863217 0.86321 0.8632 0.863189 0.863176 0.863161 
0.900627 0.900623 0.900618 0.900611 0.900602 0.900592 0.900581 0.900568 0.900554 0.900539 0.900524 0.900507 0.900491 0.900474 0.900456 0.900439 0.900422 0.900406 0.90039 0.900374 0.90036 0.900347 0.900334 0.900324 0.900314 0.900306 0.9003 0.900295 0.900292 0.90029 0.900291 0.900293 0.900297 0.900302 0.90031 0.900318 0.900329 0.90034 0.900353 0.900367 0.900381 0.900397 0.900413 0.90043 0.900447 0.900464 0.900481 0.900498 0.900514 0.90053 0.900546 0.90056 0.900573 0.900585 0.900596 0.900606 0.900614 0.90062 0.900625 0.900628 0.90063 0.900629 
0.929702 0.929711 0.929719 0.929725 0.92973 0.929734 0.929736 0.929737 0.929736 0.929734 0.92973 0.929725 0.929719 0.929711 0.929702 0.929692 0.929681 0.929669 0.929656 0.929643 0.929629 0.929614 0.9296 0.929585 0.929571 0.929556 0.929542 0.929529 0.929516 0.929504 0.929493 0.929483 0.929475 0.929467 0.929461 0.929456 0.929452 0.92945 0.929449 0.92945 0.929452 0.929456 0.929461 0.929468 0.929476 0.929484 0.929495 0.929506 0.929518 0.92953 0.929544 0.929558 0.929572 0.929586 0.929601 0.929616 0.92963 0.929644 0.929657 0.92967 0.929682 0.929693 
0.950421 0.950438 0.950454 0.95047 0.950486 0.9505 0.950514 0.950526 0.950537 0.950547 0.950555 0.950562 0.950567 0.95057 0.950572 0.950571 0.95057 0.950566 0.950561 0.950554 0.950545 0.950535 0.950524 0.950511 0.950498 0.950483 0.950468 0.950451 0.950435 0.950418 0.950401 0.950383 0.950366 0.95035 0.950334 0.950318 0.950304 0.950291 0.950278 0.950267 0.950258 0.950249 0.950243 0.950238 0.950235 0.950233 0.950233 0.950235 0.950239 0.950244 0.950251 0.95026 0.95027 0.950281 0.950294 0.950307 0.950322 0.950337 0.950354 0.95037 0.950387 0.950404 
0.962832 0.962853 0.962874 0.962895 0.962916 0.962937 0.962958 0.962977 0.962996 0.963014 0.96303 0.963045 0.963059 0.96307 0.96308 0.963088 0.963093 0.963097 0.963098 0.963097 0.963095 0.96309 0.963082 0.963073 0.963062 0.96305 0.963035 0.963019 0.963002 0.962983 0.962964 0.962944 0.962923 0.962901 0.96288 0.962859 0.962838 0.962817 0.962798 0.962779 0.962761 0.962745 0.96273 0.962717 0.962705 0.962696 0.962688 0.962682 0.962679 0.962677 0.962678 0.962681 0.962686 0.962694 0.962703 0.962714 0.962727 0.962741 0.962757 0.962774 0.962793 0.962812 
0.966967 0.966989 0.967012 0.967035 0.967059 0.967082 0.967105 0.967128 0.967149 0.96717 0.96719 0.967208 0.967224 0.967239 0.967252 0.967262 0.967271 0.967277 0.967281 0.967282 0.967281 0.967278 0.967273 0.967265 0.967255 0.967242 0.967228 0.967212 0.967194 0.967175 0.967155 0.967133 0.967111 0.967087 0.967064 0.96704 0.967017 0.966994 0.966971 0.966949 0.966928 0.966909 0.966891 0.966874 0.96686 0.966847 0.966837 0.966828 0.966822 0.966818 0.966817 0.966818 0.966822 0.966827 0.966835 0.966845 0.966858 0.966872 0.966888 0.966906 0.966925 0.966945 
0.962836 0.962858 0.962881 0.962904 0.962927 0.962949 0.962971 0.962992 0.963012 0.963031 0.963048 0.963064 0.963077 0.963089 0.963099 0.963106 0.963112 0.963115 0.963115 0.963114 0.96311 0.963104 0.963095 0.963085 0.963072 0.963058 0.963041 0.963023 0.963004 0.962984 0.962962 0.96294 0.962917 0.962894 0.962871 0.962848 0.962826 0.962804 0.962783 0.962763 0.962744 0.962727 0.962712 0.962698 0.962686 0.962677 0.962669 0.962664 0.962661 0.96266 0.962662 0.962666 0.962673 0.962681 0.962692 0.962705 0.962719 0.962735 0.962753 0.962772 0.962793 0.962814 
0.950435 0.950455 0.950475 0.950494 0.950513 0.95053 0.950546 0.950561 0.950573 0.950585 0.950594 0.950601 0.950606 0.95061 0.950611 0.95061 0.950606 0.950601 0.950594 0.950584 0.950573 0.95056 0.950546 0.95053 0.950512 0.950494 0.950474 0.950454 0.950434 0.950413 0.950391 0.95037 0.95035 0.95033 0.95031 0.950292 0.950274 0.950259 0.950244 0.950231 0.95022 0.950211 0.950204 0.950198 0.950195 0.950194 0.950196 0.950199 0.950204 0.950212 0.950221 0.950232 0.950245 0.95026 0.950276 0.950293 0.950312 0.950331 0.950352 0.950372 0.950393 0.950414 
0.929737 0.929751 0.929764 0.929774 0.929783 0.92979 0.929795 0.929797 0.929798 0.929797 0.929793 0.929788 0.92978 0.929771 0.929759 0.929746 0.929732 0.929716 0.929698 0.92968 0.929661 0.929641 0.92962 0.9296 0.929579 0.929558 0.929538 0.929518 0.929499 0.929481 0.929465 0.929449 0.929435 0.929423 0.929412 0.929403 0.929397 0.929392 0.929389 0.929389 0.92939 0.929394 0.929399 0.929407 0.929417 0.929428 0.929441 0.929456 0.929472 0.929489 0.929507 0.929527 0.929547 0.929567 0.929588 0.929608 0.929629 0.929649 0.929669 0.929688 0.929706 0.929722 
0.900696 0.900697 0.900696 0.900692 0.900686 0.900678 0.900667 0.900655 0.90064 0.900623 0.900605 0.900585 0.900564 0.900542 0.900519 0.900496 0.900472 0.900448 0.900424 0.9004 0.900378 0.900355 0.900334 0.900315 0.900297 0.90028 0.900265 0.900253 0.900242 0.900234 0.900228 0.900225 0.900223 0.900225 0.900229 0.900235 0.900243 0.900254 0.900267 0.900281 0.900298 0.900316 0.900336 0.900357 0.900379 0.900402 0.900426 0.90045 0.900473 0.900497 0.900521 0.900544 0.900566 0.900587 0.900606 0.900624 0.900641 0.900655 0.900668 0.900678 0.900687 0.900693 
0.863251 0.863235 0.863217 0.863197 0.863174 0.86315 0.863124 0.863098 0.86307 0.863041 0.863012 0.862983 0.862955 0.862926 0.862899 0.862872 0.862847 0.862824 0.862802 0.862783 0.862766 0.862751 0.862739 0.862729 0.862723 0.862719 0.862718 0.86272 0.862725 0.862733 0.862744 0.862757 0.862773 0.862792 0.862812 0.862835 0.862859 0.862884 0.862911 0.862939 0.862968 0.862996 0.863025 0.863054 0.863082 0.86311 0.863136 0.863161 0.863184 0.863206 0.863225 0.863242 0.863257 0.863269 0.863278 0.863285 0.863289 0.86329 0.863287 0.863282 0.863274 0.863264 
0.817366 0.817336 0.817305 0.817273 0.81724 0.817208 0.817175 0.817143 0.817112 0.817082 0.817053 0.817026 0.817002 0.816979 0.816959 0.816942 0.816928 0.816917 0.816909 0.816904 0.816903 0.816905 0.81691 0.816919 0.81693 0.816945 0.816963 0.816983 0.817006 0.817031 0.817058 0.817087 0.817117 0.817148 0.81718 0.817213 0.817246 0.817278 0.81731 0.817341 0.817371 0.8174 0.817427 0.817451 0.817474 0.817493 0.81751 0.817525 0.817536 0.817544 0.817548 0.817549 0.817547 0.817542 0.817534 0.817522 0.817507 0.817489 0.817469 0.817446 0.817421 0.817395 
0.763081 0.763048 0.763016 0.762985 0.762956 0.762928 0.762903 0.76288 0.762859 0.762842 0.762827 0.762816 0.762807 0.762803 0.762801 0.762803 0.762809 0.762817 0.762829 0.762845 0.762863 0.762884 0.762907 0.762933 0.762961 0.76299 0.763022 0.763054 0.763087 0.763121 0.763154 0.763188 0.763221 0.763253 0.763284 0.763313 0.763341 0.763366 0.763389 0.76341 0.763427 0.763442 0.763453 0.763461 0.763466 0.763468 0.763466 0.76346 0.763451 0.763439 0.763424 0.763406 0.763385 0.763361 0.763335 0.763307 0.763277 0.763246 0.763214 0.763181 0.763147 0.763114 
0.70052 0.7005 0.700482 0.700467 0.700455 0.700445 0.700439 0.700436 0.700436 0.700439 0.700446 0.700455 0.700468 0.700483 0.700501 0.700522 0.700545 0.70057 0.700597 0.700625 0.700655 0.700685 0.700717 0.700748 0.70078 0.700811 0.700842 0.700871 0.7009 0.700926 0.700951 0.700974 0.700995 0.701013 0.701028 0.701041 0.70105 0.701056 0.701059 0.701059 0.701056 0.701049 0.70104 0.701027 0.701012 0.700994 0.700973 0.70095 0.700924 0.700897 0.700869 0.700839 0.700808 0.700777 0.700745 0.700714 0.700682 0.700652 0.700622 0.700594 0.700568 0.700543 
0.62985 0.62985 0.629853 0.629859 0.629867 0.629878 0.629891 0.629906 0.629924 0.629944 0.629965 0.629988 0.630012 0.630037 0.630063 0.63009 0.630117 0.630144 0.63017 0.630196 0.630221 0.630246 0.630268 0.63029 0.630309 0.630327 0.630342 0.630355 0.630366 0.630373 0.630379 0.630381 0.630381 0.630378 0.630373 0.630365 0.630354 0.630341 0.630325 0.630307 0.630288 0.630266 0.630243 0.630219 0.630194 0.630167 0.630141 0.630114 0.630087 0.63006 0.630034 0.630009 0.629985 0.629962 0.629941 0.629921 0.629904 0.629889 0.629876 0.629866 0.629858 0.629853 
0.551204 0.551219 0.551235 0.551252 0.551271 0.55129 0.55131 0.551331 0.551351 0.551372 0.551393 0.551413 0.551433 0.551452 0.55147 0.551487 0.551502 0.551516 0.551528 0.551539 0.551548 0.551555 0.551559 0.551562 0.551562 0.551561 0.551557 0.551551 0.551544 0.551534 0.551522 0.551509 0.551494 0.551478 0.551461 0.551442 0.551423 0.551403 0.551382 0.551361 0.55134 0.55132 0.551299 0.55128 0.551261 0.551243 0.551226 0.551211 0.551197 0.551184 0.551174 0.551165 0.551159 0.551154 0.551152 0.551151 0.551153 0.551157 0.551163 0.551171 0.55118 0.551192 
0.464726 0.46474 0.464755 0.464769 0.464782 0.464795 0.464807 0.464819 0.464829 0.464838 0.464846 0.464853 0.464859 0.464863 0.464865 0.464866 0.464866 0.464864 0.464861 0.464856 0.46485 0.464843 0.464834 0.464824 0.464813 0.464801 0.464789 0.464775 0.464761 0.464747 0.464732 0.464718 0.464703 0.464689 0.464674 0.464661 0.464648 0.464636 0.464624 0.464614 0.464605 0.464597 0.46459 0.464585 0.464581 0.464578 0.464577 0.464578 0.46458 0.464583 0.464588 0.464594 0.464602 0.464611 0.464621 0.464632 0.464644 0.464656 0.46467 0.464683 0.464697 0.464712 
0.370777 0.370782 0.370785 0.370788 0.370791 0.370792 0.370792 0.370791 0.37079 0.370787 0.370784 0.370779 0.370774 0.370768 0.370762 0.370754 0.370746 0.370738 0.370729 0.37072 0.370711 0.370701 0.370692 0.370682 0.370673 0.370664 0.370655 0.370647 0.370639 0.370632 0.370626 0.37062 0.370616 0.370612 0.370609 0.370606 0.370605 0.370605 0.370606 0.370608 0.37061 0.370614 0.370618 0.370624 0.37063 0.370636 0.370644 0.370652 0.37066 0.370669 0.370678 0.370687 0.370697 0.370706 0.370716 0.370725 0.370734 0.370743 0.370751 0.370758 0.370765 0.370771 
0.27019 0.270187 0.270183 0.270179 0.270175 0.27017 0.270165 0.27016 0.270154 0.270148 0.270142 0.270136 0.27013 0.270124 0.270118 0.270113 0.270107 0.270102 0.270098 0.270093 0.270089 0.270086 0.270083 0.270081 0.270079 0.270078 0.270077 0.270077 0.270078 0.270079 0.270081 0.270084 0.270087 0.27009 0.270094 0.270099 0.270103 0.270109 0.270114 0.27012 0.270126 0.270131 0.270138 0.270144 0.270149 0.270155 0.270161 0.270166 0.270171 0.270176 0.27018 0.270184 0.270188 0.27019 0.270193 0.270194 0.270195 0.270196 0.270196 0.270195 0.270194 0.270192 
0.164362 0.164359 0.164355 0.164351 0.164347 0.164343 0.16434 0.164336 0.164333 0.16433 0.164327 0.164325 0.164323 0.164321 0.16432 0.164319 0.164318 0.164318 0.164318 0.164319 0.16432 0.164321 0.164323 0.164325 0.164327 0.16433 0.164333 0.164336 0.164339 0.164343 0.164347 0.164351 0.164354 0.164358 0.164362 0.164366 0.16437 0.164373 0.164377 0.16438 0.164383 0.164386 0.164388 0.16439 0.164392 0.164393 0.164394 0.164395 0.164395 0.164395 0.164394 0.164393 0.164392 0.16439 0.164388 0.164386 0.164383 0.16438 0.164377 0.164373 0.16437 0.164366 
0.0551736 0.0551721 0.0551708 0.0551695 0.0551684 0.0551673 0.0551663 0.0551655 0.0551649 0.0551644 0.055164 0.0551638 0.0551638 0.0551639 0.0551642 0.0551646 0.0551652 0.055166 0.0551669 0.0551679 0.0551691 0.0551703 0.0551717 0.0551731 0.0551746 0.0551762 0.0551778 0.0551794 0.055181 0.0551826 0.0551841 0.0551856 0.0551871 0.0551885 0.0551897 0.0551909 0.055192 0.0551929 0.0551937 0.0551944 0.0551949 0.0551952 0.0551954 0.0551954 0.0551953 0.055195 0.0551945 0.0551939 0.0551931 0.0551922 0.0551912 0.05519 0.0551888 0.0551874 0.055186 0.0551845 0.0551829 0.0551813 0.0551797 0.0551781 0.0551766 0.055175 
