0.0546289 0.054628 0.054627 0.0546261 0.0546251 0.0546243 0.0546234 0.0546227 0.0546219 0.0546213 0.0546207 0.0546203 0.0546199 0.0546196 0.0546193 0.0546192 0.0546192 0.0546193 0.0546195 0.0546198 0.0546202 0.0546207 0.0546213 0.0546219 0.0546226 0.0546234 0.0546243 0.0546252 0.0546261 0.0546271 0.054628 0.054629 0.05463 0.054631 0.0546319 0.0546329 0.0546338 0.0546346 0.0546354 0.0546361 0.0546367 0.0546373 0.0546378 0.0546382 0.0546384 0.0546386 0.0546387 0.0546387 0.0546386 0.0546384 0.0546381 0.0546377 0.0546372 0.0546367 0.054636 0.0546353 0.0546345 0.0546337 0.0546328 0.0546318 0.0546309 0.0546299 
0.16278 0.162778 0.162776 0.162773 0.16277 0.162768 0.162765 0.162763 0.16276 0.162758 0.162756 0.162754 0.162752 0.16275 0.162749 0.162748 0.162747 0.162746 0.162745 0.162745 0.162745 0.162745 0.162746 0.162747 0.162748 0.162749 0.162751 0.162752 0.162754 0.162756 0.162759 0.162761 0.162763 0.162766 0.162768 0.162771 0.162774 0.162776 0.162779 0.162781 0.162783 0.162786 0.162788 0.16279 0.162791 0.162793 0.162794 0.162795 0.162796 0.162796 0.162796 0.162796 0.162796 0.162795 0.162795 0.162794 0.162792 0.162791 0.162789 0.162787 0.162785 0.162783 
0.267726 0.267724 0.267723 0.267721 0.267718 0.267716 0.267713 0.26771 0.267706 0.267703 0.267699 0.267696 0.267692 0.267688 0.267684 0.267681 0.267677 0.267673 0.26767 0.267667 0.267664 0.267661 0.267659 0.267657 0.267655 0.267654 0.267653 0.267652 0.267652 0.267652 0.267653 0.267654 0.267655 0.267657 0.267659 0.267661 0.267664 0.267667 0.26767 0.267673 0.267677 0.267681 0.267684 0.267688 0.267692 0.267696 0.267699 0.267703 0.267707 0.26771 0.267713 0.267716 0.267718 0.267721 0.267723 0.267724 0.267726 0.267727 0.267727 0.267727 0.267727 0.267727 
0.367652 0.367656 0.367659 0.367662 0.367664 0.367666 0.367667 0.367668 0.367668 0.367668 0.367667 0.367666 0.367664 0.367661 0.367659 0.367655 0.367652 0.367648 0.367643 0.367639 0.367634 0.367629 0.367624 0.367618 0.367613 0.367608 0.367603 0.367598 0.367593 0.367588 0.367584 0.36758 0.367576 0.367573 0.36757 0.367568 0.367566 0.367565 0.367564 0.367564 0.367565 0.367565 0.367567 0.367569 0.367571 0.367574 0.367577 0.367581 0.367585 0.367589 0.367594 0.367599 0.367604 0.367609 0.367614 0.36762 0.367625 0.36763 0.367635 0.36764 0.367644 0.367649 
0.461193 0.4612 0.461208 0.461215 0.461223 0.46123 0.461238 0.461245 0.461252 0.461259 0.461265 0.461271 0.461276 0.461281 0.461285 0.461289 0.461292 0.461294 0.461295 0.461296 0.461296 0.461295 0.461293 0.46129 0.461287 0.461283 0.461279 0.461273 0.461268 0.461262 0.461255 0.461248 0.461241 0.461233 0.461226 0.461218 0.46121 0.461203 0.461196 0.461189 0.461182 0.461176 0.46117 0.461164 0.46116 0.461156 0.461152 0.461149 0.461147 0.461146 0.461146 0.461146 0.461147 0.461149 0.461151 0.461155 0.461159 0.461163 0.461168 0.461174 0.46118 0.461187 
0.547498 0.547501 0.547504 0.547508 0.547513 0.54752 0.547527 0.547535 0.547544 0.547553 0.547563 0.547573 0.547584 0.547595 0.547606 0.547618 0.547629 0.54764 0.54765 0.54766 0.54767 0.547679 0.547687 0.547695 0.547701 0.547707 0.547711 0.547715 0.547717 0.547718 0.547719 0.547718 0.547715 0.547712 0.547708 0.547703 0.547696 0.547689 0.547681 0.547672 0.547663 0.547653 0.547642 0.547631 0.54762 0.547609 0.547598 0.547587 0.547576 0.547565 0.547555 0.547545 0.547537 0.547528 0.547521 0.547515 0.547509 0.547505 0.547501 0.547499 0.547498 0.547498 
0.626125 0.626114 0.626105 0.626097 0.62609 0.626085 0.626082 0.62608 0.626079 0.62608 0.626083 0.626088 0.626093 0.626101 0.626109 0.626119 0.62613 0.626143 0.626156 0.62617 0.626184 0.6262 0.626215 0.626231 0.626247 0.626262 0.626278 0.626293 0.626307 0.626321 0.626333 0.626345 0.626356 0.626365 0.626373 0.626379 0.626385 0.626388 0.62639 0.62639 0.626389 0.626386 0.626382 0.626376 0.626369 0.62636 0.62635 0.626339 0.626327 0.626313 0.626299 0.626285 0.62627 0.626254 0.626238 0.626222 0.626207 0.626191 0.626177 0.626162 0.626149 0.626136 
0.696807 0.696787 0.696767 0.696747 0.696728 0.69671 0.696693 0.696676 0.696661 0.696648 0.696636 0.696626 0.696618 0.696611 0.696607 0.696604 0.696604 0.696605 0.696609 0.696615 0.696622 0.696632 0.696643 0.696656 0.69667 0.696686 0.696703 0.696721 0.696739 0.696759 0.696779 0.696799 0.696819 0.696839 0.696858 0.696877 0.696895 0.696913 0.696929 0.696944 0.696957 0.696969 0.696979 0.696987 0.696994 0.696998 0.697001 0.697001 0.696999 0.696996 0.69699 0.696982 0.696973 0.696962 0.696949 0.696934 0.696919 0.696902 0.696884 0.696865 0.696846 0.696826 
0.759312 0.759295 0.759276 0.759255 0.759234 0.759212 0.75919 0.759167 0.759144 0.759121 0.759099 0.759077 0.759057 0.759037 0.759018 0.759001 0.758986 0.758972 0.758961 0.758951 0.758944 0.758939 0.758936 0.758935 0.758937 0.758941 0.758948 0.758956 0.758967 0.758979 0.758994 0.75901 0.759028 0.759047 0.759067 0.759088 0.75911 0.759133 0.759155 0.759178 0.759201 0.759223 0.759245 0.759265 0.759285 0.759303 0.75932 0.759336 0.759349 0.759361 0.75937 0.759377 0.759383 0.759385 0.759386 0.759384 0.75938 0.759374 0.759365 0.759355 0.759342 0.759328 
0.813462 0.813457 0.81345 0.81344 0.813428 0.813415 0.8134 0.813383 0.813364 0.813344 0.813323 0.813302 0.81328 0.813257 0.813234 0.813211 0.813189 0.813167 0.813146 0.813125 0.813106 0.813089 0.813073 0.813059 0.813046 0.813036 0.813028 0.813022 0.813018 0.813016 0.813017 0.81302 0.813025 0.813033 0.813043 0.813055 0.813068 0.813084 0.813101 0.813119 0.813139 0.81316 0.813181 0.813204 0.813226 0.813249 0.813272 0.813294 0.813316 0.813337 0.813357 0.813376 0.813393 0.813409 0.813424 0.813436 0.813446 0.813455 0.813461 0.813464 0.813466 0.813465 
0.85919 0.859198 0.859204 0.859207 0.859209 0.859209 0.859207 0.859203 0.859197 0.859189 0.859179 0.859168 0.859155 0.859141 0.859125 0.859108 0.85909 0.859071 0.859052 0.859032 0.859013 0.858993 0.858973 0.858954 0.858936 0.858918 0.858901 0.858886 0.858871 0.858859 0.858847 0.858838 0.85883 0.858825 0.858821 0.858819 0.858819 0.858822 0.858826 0.858832 0.85884 0.85885 0.858861 0.858875 0.858889 0.858905 0.858922 0.85894 0.858958 0.858977 0.858997 0.859017 0.859036 0.859056 0.859075 0.859093 0.859111 0.859128 0.859143 0.859157 0.85917 0.859181 
0.896529 0.896542 0.896555 0.896567 0.896578 0.896587 0.896596 0.896603 0.896609 0.896613 0.896616 0.896618 0.896618 0.896616 0.896613 0.896608 0.896602 0.896595 0.896586 0.896576 0.896565 0.896553 0.89654 0.896527 0.896512 0.896498 0.896483 0.896468 0.896453 0.896438 0.896423 0.896409 0.896396 0.896383 0.896371 0.89636 0.896351 0.896342 0.896335 0.896329 0.896325 0.896322 0.896321 0.896321 0.896323 0.896326 0.896331 0.896337 0.896344 0.896353 0.896363 0.896374 0.896386 0.896399 0.896413 0.896427 0.896441 0.896456 0.896471 0.896486 0.896501 0.896515 
0.925542 0.925553 0.925565 0.925577 0.925589 0.925601 0.925613 0.925625 0.925637 0.925649 0.92566 0.92567 0.92568 0.925689 0.925697 0.925705 0.925711 0.925716 0.925719 0.925722 0.925723 0.925723 0.925722 0.92572 0.925716 0.925711 0.925705 0.925698 0.92569 0.925681 0.925672 0.925661 0.92565 0.925639 0.925627 0.925615 0.925602 0.92559 0.925578 0.925566 0.925554 0.925543 0.925533 0.925523 0.925514 0.925506 0.925499 0.925493 0.925488 0.925485 0.925482 0.925481 0.925481 0.925482 0.925485 0.925488 0.925493 0.925499 0.925506 0.925514 0.925523 0.925532 
0.946269 0.946273 0.946279 0.946286 0.946294 0.946303 0.946313 0.946325 0.946337 0.94635 0.946364 0.946378 0.946393 0.946408 0.946422 0.946437 0.946452 0.946466 0.946479 0.946492 0.946504 0.946515 0.946525 0.946533 0.946541 0.946547 0.946552 0.946555 0.946557 0.946557 0.946556 0.946553 0.946549 0.946544 0.946537 0.946529 0.946519 0.946509 0.946497 0.946485 0.946472 0.946458 0.946444 0.946429 0.946414 0.946399 0.946385 0.94637 0.946356 0.946343 0.94633 0.946318 0.946307 0.946298 0.946289 0.946282 0.946275 0.946271 0.946267 0.946266 0.946265 0.946266 
0.958711 0.958709 0.958709 0.95871 0.958714 0.958719 0.958726 0.958735 0.958746 0.958758 0.958771 0.958786 0.958802 0.958819 0.958837 0.958855 0.958874 0.958893 0.958912 0.958931 0.958949 0.958967 0.958985 0.959001 0.959016 0.959031 0.959043 0.959054 0.959064 0.959072 0.959078 0.959082 0.959084 0.959085 0.959083 0.95908 0.959074 0.959067 0.959058 0.959048 0.959035 0.959022 0.959007 0.958991 0.958974 0.958956 0.958938 0.958919 0.9589 0.958881 0.958862 0.958843 0.958825 0.958808 0.958792 0.958777 0.958762 0.95875 0.958739 0.958729 0.958721 0.958715 
0.962855 0.96285 0.962848 0.962848 0.962849 0.962853 0.962859 0.962868 0.962878 0.96289 0.962903 0.962918 0.962935 0.962953 0.962972 0.962992 0.963013 0.963034 0.963055 0.963077 0.963098 0.963119 0.963139 0.963158 0.963177 0.963194 0.96321 0.963224 0.963236 0.963247 0.963256 0.963262 0.963267 0.96327 0.96327 0.963268 0.963264 0.963258 0.96325 0.96324 0.963228 0.963214 0.963199 0.963182 0.963164 0.963145 0.963125 0.963104 0.963083 0.963061 0.96304 0.963019 0.962998 0.962978 0.962958 0.96294 0.962923 0.962907 0.962893 0.96288 0.96287 0.962861 
0.958691 0.95869 0.958691 0.958693 0.958698 0.958705 0.958714 0.958725 0.958737 0.958751 0.958767 0.958784 0.958802 0.958821 0.958841 0.958861 0.958882 0.958903 0.958924 0.958945 0.958965 0.958984 0.959003 0.95902 0.959036 0.959051 0.959064 0.959076 0.959085 0.959093 0.959099 0.959102 0.959104 0.959103 0.959101 0.959096 0.959089 0.95908 0.959069 0.959057 0.959043 0.959027 0.95901 0.958992 0.958973 0.958953 0.958932 0.958911 0.95889 0.958869 0.958849 0.958828 0.958809 0.95879 0.958773 0.958757 0.958742 0.958729 0.958717 0.958708 0.9587 0.958695 
0.946231 0.946237 0.946245 0.946255 0.946266 0.946279 0.946294 0.946309 0.946326 0.946343 0.946361 0.94638 0.946399 0.946418 0.946437 0.946456 0.946474 0.946492 0.946509 0.946525 0.94654 0.946553 0.946565 0.946575 0.946584 0.946591 0.946596 0.946599 0.9466 0.9466 0.946597 0.946592 0.946586 0.946578 0.946568 0.946556 0.946543 0.946529 0.946513 0.946497 0.946479 0.946461 0.946442 0.946423 0.946404 0.946385 0.946366 0.946348 0.94633 0.946313 0.946297 0.946283 0.946269 0.946257 0.946247 0.946239 0.946232 0.946227 0.946224 0.946222 0.946223 0.946226 
0.925493 0.925509 0.925526 0.925544 0.925562 0.92558 0.925599 0.925618 0.925637 0.925655 0.925673 0.92569 0.925707 0.925722 0.925736 0.925748 0.92576 0.925769 0.925777 0.925783 0.925787 0.925789 0.925789 0.925788 0.925784 0.925779 0.925771 0.925762 0.925752 0.92574 0.925726 0.925711 0.925695 0.925678 0.925661 0.925642 0.925624 0.925605 0.925586 0.925567 0.925548 0.92553 0.925513 0.925497 0.925482 0.925468 0.925455 0.925444 0.925435 0.925427 0.925422 0.925418 0.925415 0.925415 0.925417 0.925421 0.925426 0.925433 0.925442 0.925453 0.925465 0.925479 
0.896488 0.89651 0.896531 0.896552 0.896572 0.896591 0.896609 0.896625 0.89664 0.896653 0.896664 0.896673 0.89668 0.896685 0.896687 0.896688 0.896686 0.896682 0.896675 0.896667 0.896657 0.896644 0.89663 0.896614 0.896597 0.896578 0.896559 0.896538 0.896517 0.896495 0.896473 0.89645 0.896428 0.896407 0.896386 0.896366 0.896347 0.896329 0.896313 0.896299 0.896286 0.896275 0.896266 0.896259 0.896254 0.896252 0.896251 0.896253 0.896258 0.896264 0.896273 0.896283 0.896296 0.89631 0.896326 0.896343 0.896362 0.896381 0.896402 0.896423 0.896445 0.896467 
0.859188 0.859206 0.859223 0.859238 0.85925 0.85926 0.859268 0.859273 0.859275 0.859275 0.859272 0.859266 0.859258 0.859247 0.859234 0.859218 0.859201 0.859181 0.85916 0.859137 0.859113 0.859088 0.859063 0.859036 0.85901 0.858984 0.858958 0.858932 0.858907 0.858884 0.858862 0.858841 0.858822 0.858805 0.858791 0.858778 0.858768 0.858761 0.858756 0.858754 0.858755 0.858758 0.858764 0.858772 0.858783 0.858796 0.858812 0.858829 0.858849 0.85887 0.858893 0.858917 0.858942 0.858968 0.858994 0.85902 0.859047 0.859072 0.859098 0.859122 0.859146 0.859168 
0.813521 0.813527 0.813529 0.813528 0.813525 0.813519 0.813509 0.813497 0.813483 0.813465 0.813446 0.813424 0.813401 0.813376 0.813349 0.813322 0.813293 0.813264 0.813235 0.813206 0.813177 0.813149 0.813122 0.813096 0.813072 0.813049 0.813028 0.81301 0.812994 0.81298 0.812969 0.812961 0.812956 0.812954 0.812954 0.812958 0.812965 0.812974 0.812986 0.813001 0.813018 0.813038 0.813059 0.813083 0.813108 0.813134 0.813162 0.81319 0.813219 0.813248 0.813278 0.813306 0.813334 0.813361 0.813387 0.813412 0.813434 0.813455 0.813473 0.813489 0.813503 0.813514 
0.759425 0.759412 0.759397 0.759379 0.759359 0.759337 0.759313 0.759288 0.759261 0.759233 0.759205 0.759176 0.759147 0.759118 0.759089 0.759062 0.759035 0.759009 0.758986 0.758964 0.758944 0.758926 0.75891 0.758898 0.758888 0.75888 0.758876 0.758874 0.758876 0.75888 0.758888 0.758898 0.758911 0.758926 0.758944 0.758964 0.758986 0.75901 0.759035 0.759062 0.75909 0.759118 0.759147 0.759176 0.759205 0.759233 0.759261 0.759288 0.759313 0.759337 0.759359 0.759379 0.759396 0.759412 0.759425 0.759435 0.759442 0.759446 0.759448 0.759446 0.759442 0.759435 
0.696921 0.696897 0.696873 0.696847 0.696821 0.696795 0.696769 0.696744 0.696719 0.696694 0.696671 0.69665 0.696629 0.696611 0.696595 0.69658 0.696568 0.696559 0.696552 0.696547 0.696546 0.696546 0.69655 0.696556 0.696564 0.696575 0.696589 0.696604 0.696622 0.696641 0.696662 0.696685 0.696709 0.696733 0.696759 0.696785 0.696811 0.696837 0.696862 0.696887 0.696911 0.696934 0.696956 0.696976 0.696994 0.697011 0.697025 0.697037 0.697046 0.697053 0.697058 0.69706 0.697059 0.697055 0.697049 0.697041 0.697029 0.697016 0.697 0.696983 0.696964 0.696943 
0.626176 0.626157 0.626138 0.626119 0.626103 0.626087 0.626073 0.62606 0.62605 0.626041 0.626034 0.62603 0.626027 0.626027 0.626029 0.626032 0.626038 0.626046 0.626056 0.626068 0.626081 0.626096 0.626113 0.626131 0.626149 0.626169 0.626189 0.62621 0.626231 0.626252 0.626273 0.626294 0.626314 0.626333 0.626351 0.626368 0.626383 0.626397 0.62641 0.62642 0.626429 0.626436 0.62644 0.626443 0.626443 0.626441 0.626438 0.626432 0.626424 0.626414 0.626402 0.626388 0.626373 0.626357 0.626339 0.62632 0.6263 0.62628 0.626259 0.626238 0.626217 0.626196 
0.547469 0.547463 0.547459 0.547456 0.547455 0.547455 0.547457 0.547461 0.547465 0.547472 0.54748 0.547489 0.547499 0.547511 0.547523 0.547536 0.54755 0.547565 0.54758 0.547596 0.547611 0.547627 0.547642 0.547657 0.547671 0.547685 0.547698 0.54771 0.547721 0.547731 0.54774 0.547747 0.547753 0.547757 0.54776 0.547761 0.547761 0.547759 0.547756 0.547751 0.547744 0.547736 0.547727 0.547717 0.547705 0.547693 0.547679 0.547665 0.54765 0.547635 0.54762 0.547604 0.547589 0.547573 0.547558 0.547544 0.54753 0.547517 0.547505 0.547494 0.547485 0.547476 
0.46113 0.461136 0.461142 0.46115 0.461158 0.461166 0.461176 0.461185 0.461195 0.461206 0.461216 0.461227 0.461237 0.461247 0.461257 0.461267 0.461276 0.461285 0.461293 0.4613 0.461306 0.461312 0.461316 0.46132 0.461323 0.461324 0.461325 0.461324 0.461322 0.46132 0.461316 0.461311 0.461305 0.461299 0.461292 0.461283 0.461275 0.461265 0.461256 0.461246 0.461235 0.461225 0.461214 0.461204 0.461193 0.461183 0.461174 0.461165 0.461156 0.461148 0.461141 0.461135 0.461129 0.461125 0.461121 0.461119 0.461117 0.461117 0.461118 0.461119 0.461122 0.461126 
0.367616 0.367623 0.36763 0.367636 0.367642 0.367649 0.367654 0.36766 0.367665 0.367669 0.367673 0.367676 0.367679 0.367681 0.367682 0.367683 0.367683 0.367683 0.367681 0.367679 0.367677 0.367673 0.367669 0.367665 0.36766 0.367655 0.367649 0.367643 0.367636 0.36763 0.367623 0.367616 0.367609 0.367603 0.367596 0.36759 0.367583 0.367578 0.367572 0.367567 0.367563 0.367559 0.367556 0.367553 0.367551 0.36755 0.367549 0.367549 0.36755 0.367551 0.367553 0.367556 0.367559 0.367563 0.367568 0.367573 0.367578 0.367584 0.36759 0.367596 0.367603 0.36761 
0.26773 0.267731 0.267733 0.267734 0.267734 0.267734 0.267734 0.267733 0.267731 0.26773 0.267728 0.267725 0.267722 0.267719 0.267716 0.267712 0.267708 0.267704 0.267699 0.267695 0.26769 0.267686 0.267681 0.267677 0.267673 0.267668 0.267665 0.267661 0.267658 0.267655 0.267652 0.26765 0.267648 0.267647 0.267646 0.267645 0.267645 0.267646 0.267647 0.267648 0.26765 0.267652 0.267655 0.267658 0.267661 0.267664 0.267668 0.267672 0.267676 0.267681 0.267685 0.26769 0.267694 0.267699 0.267703 0.267707 0.267711 0.267715 0.267719 0.267722 0.267725 0.267728 
0.162797 0.162796 0.162794 0.162792 0.16279 0.162787 0.162785 0.162782 0.162779 0.162776 0.162773 0.16277 0.162767 0.162764 0.162761 0.162758 0.162756 0.162753 0.162751 0.162749 0.162747 0.162745 0.162743 0.162742 0.162741 0.162741 0.162741 0.162741 0.162741 0.162742 0.162743 0.162744 0.162746 0.162747 0.162749 0.162752 0.162754 0.162757 0.162759 0.162762 0.162765 0.162768 0.162771 0.162774 0.162777 0.16278 0.162783 0.162786 0.162788 0.162791 0.162793 0.162795 0.162797 0.162798 0.162799 0.1628 0.1628 0.162801 0.162801 0.1628 0.162799 0.162798 
0.0546359 0.0546349 0.0546338 0.0546326 0.0546314 0.0546302 0.054629 0.0546278 0.0546266 0.0546254 0.0546243 0.0546232 0.0546221 0.0546211 0.0546202 0.0546194 0.0546187 0.0546181 0.0546176 0.0546172 0.054617 0.0546168 0.0546168 0.0546169 0.0546172 0.0546175 0.054618 0.0546186 0.0546193 0.0546201 0.054621 0.054622 0.0546231 0.0546242 0.0546253 0.0546265 0.0546277 0.054629 0.0546302 0.0546314 0.0546326 0.0546338 0.0546349 0.0546359 0.0546369 0.0546378 0.0546386 0.0546393 0.0546399 0.0546404 0.0546408 0.054641 0.0546412 0.0546412 0.054641 0.0546408 0.0546404 0.0546399 0.0546393 0.0546386 0.0546377 0.0546368 
