0.0543685 0.0543678 0.0543671 0.0543663 0.0543656 0.0543648 0.054364 0.0543632 0.0543625 0.0543618 0.0543611 0.0543604 0.0543598 0.0543592 0.0543587 0.0543582 0.0543579 0.0543576 0.0543573 0.0543572 0.0543571 0.0543571 0.0543572 0.0543574 0.0543576 0.054358 0.0543583 0.0543588 0.0543593 0.0543599 0.0543606 0.0543612 0.0543619 0.0543627 0.0543635 0.0543643 0.054365 0.0543658 0.0543666 0.0543674 0.0543681 0.0543688 0.0543695 0.0543701 0.0543707 0.0543712 0.0543716 0.054372 0.0543723 0.0543725 0.0543726 0.0543727 0.0543727 0.0543726 0.0543724 0.0543722 0.0543718 0.0543714 0.054371 0.0543704 0.0543698 0.0543692 
0.162024 0.162022 0.162021 0.162019 0.162017 0.162015 0.162013 0.162011 0.162009 0.162007 0.162004 0.162002 0.162 0.161998 0.161996 0.161994 0.161993 0.161991 0.16199 0.161989 0.161988 0.161987 0.161986 0.161986 0.161986 0.161986 0.161986 0.161987 0.161988 0.161989 0.16199 0.161991 0.161993 0.161994 0.161996 0.161998 0.162 0.162002 0.162004 0.162006 0.162009 0.162011 0.162013 0.162015 0.162017 0.162019 0.162021 0.162022 0.162024 0.162025 0.162026 0.162027 0.162028 0.162029 0.162029 0.162029 0.162029 0.162029 0.162028 0.162027 0.162026 0.162025 
0.266537 0.266537 0.266537 0.266537 0.266536 0.266535 0.266534 0.266532 0.266531 0.266528 0.266526 0.266524 0.266521 0.266518 0.266515 0.266512 0.266509 0.266505 0.266502 0.266499 0.266496 0.266493 0.26649 0.266487 0.266484 0.266482 0.26648 0.266478 0.266476 0.266475 0.266474 0.266474 0.266473 0.266473 0.266474 0.266474 0.266475 0.266477 0.266478 0.26648 0.266482 0.266485 0.266487 0.26649 0.266493 0.266496 0.266499 0.266502 0.266506 0.266509 0.266512 0.266515 0.266518 0.266521 0.266524 0.266526 0.266529 0.266531 0.266533 0.266534 0.266535 0.266536 
0.366127 0.366131 0.366135 0.366138 0.366142 0.366145 0.366148 0.36615 0.366152 0.366154 0.366155 0.366156 0.366156 0.366156 0.366156 0.366155 0.366153 0.366152 0.366149 0.366147 0.366144 0.366141 0.366137 0.366133 0.366129 0.366125 0.366121 0.366117 0.366112 0.366108 0.366103 0.366099 0.366095 0.366091 0.366087 0.366084 0.366081 0.366078 0.366075 0.366073 0.366072 0.366071 0.36607 0.366069 0.36607 0.36607 0.366071 0.366072 0.366074 0.366077 0.366079 0.366082 0.366085 0.366089 0.366093 0.366097 0.366101 0.366105 0.36611 0.366114 0.366118 0.366123 
0.459454 0.459459 0.459463 0.459468 0.459474 0.459479 0.459485 0.459491 0.459497 0.459503 0.459509 0.459515 0.459521 0.459527 0.459532 0.459537 0.459542 0.459546 0.45955 0.459553 0.459556 0.459558 0.45956 0.459561 0.459561 0.459561 0.45956 0.459558 0.459556 0.459554 0.45955 0.459547 0.459542 0.459538 0.459533 0.459527 0.459521 0.459516 0.45951 0.459503 0.459497 0.459491 0.459485 0.459479 0.459474 0.459468 0.459463 0.459459 0.459454 0.459451 0.459447 0.459445 0.459443 0.459441 0.45944 0.45944 0.45944 0.459441 0.459443 0.459445 0.459448 0.459451 
0.545672 0.545669 0.545667 0.545665 0.545665 0.545665 0.545666 0.545668 0.545671 0.545675 0.54568 0.545685 0.545692 0.545698 0.545706 0.545714 0.545722 0.545731 0.54574 0.545749 0.545758 0.545767 0.545776 0.545785 0.545793 0.545801 0.545809 0.545816 0.545822 0.545828 0.545833 0.545837 0.54584 0.545842 0.545844 0.545844 0.545844 0.545843 0.545841 0.545838 0.545834 0.545829 0.545823 0.545817 0.54581 0.545803 0.545795 0.545787 0.545778 0.545769 0.54576 0.545751 0.545742 0.545733 0.545724 0.545716 0.545708 0.5457 0.545693 0.545687 0.545681 0.545677 
0.624284 0.624271 0.624259 0.624247 0.624235 0.624225 0.624215 0.624206 0.624198 0.624191 0.624186 0.624181 0.624178 0.624176 0.624176 0.624177 0.624179 0.624183 0.624188 0.624194 0.624201 0.62421 0.624219 0.624229 0.62424 0.624252 0.624265 0.624277 0.62429 0.624304 0.624317 0.62433 0.624343 0.624356 0.624368 0.624379 0.62439 0.6244 0.624409 0.624416 0.624423 0.624429 0.624433 0.624436 0.624438 0.624438 0.624437 0.624435 0.624431 0.624426 0.62442 0.624412 0.624404 0.624395 0.624384 0.624373 0.624361 0.624349 0.624336 0.624323 0.62431 0.624297 
0.694943 0.694929 0.694914 0.694897 0.694881 0.694863 0.694846 0.694828 0.694811 0.694793 0.694777 0.69476 0.694745 0.69473 0.694717 0.694705 0.694694 0.694685 0.694677 0.694671 0.694667 0.694664 0.694663 0.694664 0.694667 0.694671 0.694677 0.694685 0.694695 0.694705 0.694718 0.694731 0.694745 0.694761 0.694777 0.694794 0.694811 0.694828 0.694846 0.694863 0.694881 0.694897 0.694914 0.694929 0.694943 0.694957 0.694969 0.694979 0.694989 0.694996 0.695002 0.695007 0.695009 0.69501 0.695009 0.695007 0.695002 0.694996 0.694988 0.694979 0.694968 0.694956 
0.757377 0.757372 0.757366 0.757357 0.757346 0.757334 0.75732 0.757305 0.757289 0.757271 0.757252 0.757233 0.757212 0.757192 0.757171 0.757151 0.757131 0.757111 0.757092 0.757073 0.757056 0.75704 0.757026 0.757013 0.757002 0.756992 0.756985 0.756979 0.756976 0.756975 0.756975 0.756978 0.756983 0.75699 0.756998 0.757009 0.757021 0.757035 0.757051 0.757067 0.757085 0.757104 0.757123 0.757143 0.757164 0.757184 0.757205 0.757225 0.757244 0.757263 0.757282 0.757299 0.757314 0.757329 0.757342 0.757353 0.757362 0.75737 0.757375 0.757379 0.75738 0.75738 
0.811434 0.811442 0.811449 0.811454 0.811456 0.811457 0.811455 0.811452 0.811446 0.811438 0.811428 0.811417 0.811403 0.811389 0.811372 0.811355 0.811336 0.811317 0.811296 0.811276 0.811255 0.811234 0.811213 0.811192 0.811172 0.811153 0.811135 0.811118 0.811103 0.811089 0.811077 0.811066 0.811057 0.811051 0.811046 0.811044 0.811043 0.811045 0.811049 0.811055 0.811063 0.811073 0.811084 0.811098 0.811113 0.811129 0.811146 0.811165 0.811185 0.811205 0.811225 0.811246 0.811267 0.811288 0.811308 0.811328 0.811347 0.811365 0.811382 0.811397 0.811411 0.811423 
0.857101 0.857117 0.857131 0.857145 0.857158 0.857169 0.857179 0.857187 0.857194 0.857198 0.857201 0.857202 0.857201 0.857199 0.857194 0.857188 0.857179 0.85717 0.857158 0.857146 0.857132 0.857116 0.8571 0.857083 0.857066 0.857047 0.857029 0.857011 0.856992 0.856974 0.856956 0.85694 0.856923 0.856908 0.856894 0.856882 0.85687 0.856861 0.856853 0.856846 0.856842 0.856839 0.856838 0.856839 0.856842 0.856847 0.856854 0.856862 0.856872 0.856883 0.856896 0.85691 0.856925 0.856941 0.856958 0.856976 0.856994 0.857012 0.857031 0.857049 0.857067 0.857084 
0.89444 0.894453 0.894467 0.894481 0.894495 0.894509 0.894522 0.894535 0.894547 0.894559 0.894569 0.894579 0.894588 0.894595 0.894601 0.894606 0.89461 0.894612 0.894612 0.894612 0.89461 0.894606 0.894601 0.894595 0.894588 0.894579 0.894569 0.894559 0.894547 0.894535 0.894522 0.894508 0.894495 0.894481 0.894467 0.894453 0.894439 0.894426 0.894413 0.8944 0.894389 0.894378 0.894369 0.89436 0.894353 0.894347 0.894342 0.894338 0.894336 0.894336 0.894337 0.894339 0.894343 0.894347 0.894354 0.894361 0.89437 0.89438 0.89439 0.894402 0.894414 0.894427 
0.923503 0.923508 0.923514 0.92352 0.923527 0.923536 0.923545 0.923554 0.923564 0.923575 0.923586 0.923597 0.923608 0.923619 0.92363 0.923641 0.923652 0.923662 0.923671 0.92368 0.923688 0.923695 0.923701 0.923707 0.923711 0.923714 0.923716 0.923717 0.923717 0.923716 0.923713 0.92371 0.923705 0.923699 0.923693 0.923685 0.923677 0.923668 0.923658 0.923648 0.923638 0.923627 0.923616 0.923604 0.923593 0.923582 0.923571 0.923561 0.923551 0.923541 0.923533 0.923525 0.923518 0.923511 0.923506 0.923502 0.923499 0.923497 0.923496 0.923496 0.923498 0.9235 
0.944297 0.944291 0.944287 0.944283 0.944281 0.944281 0.944282 0.944284 0.944288 0.944292 0.944299 0.944306 0.944314 0.944324 0.944334 0.944346 0.944358 0.94437 0.944383 0.944397 0.94441 0.944424 0.944438 0.944451 0.944464 0.944477 0.944488 0.9445 0.94451 0.944519 0.944527 0.944534 0.94454 0.944545 0.944548 0.94455 0.944551 0.94455 0.944547 0.944544 0.944539 0.944533 0.944525 0.944517 0.944507 0.944497 0.944485 0.944473 0.944461 0.944448 0.944434 0.94442 0.944407 0.944393 0.94438 0.944367 0.944354 0.944343 0.944331 0.944321 0.944312 0.944304 
0.956792 0.956778 0.956766 0.956755 0.956746 0.956738 0.956732 0.956727 0.956725 0.956724 0.956725 0.956728 0.956732 0.956739 0.956747 0.956756 0.956767 0.95678 0.956794 0.956808 0.956824 0.956841 0.956858 0.956876 0.956893 0.956911 0.956929 0.956947 0.956964 0.95698 0.956996 0.957011 0.957024 0.957037 0.957048 0.957057 0.957065 0.957071 0.957075 0.957078 0.957079 0.957078 0.957075 0.95707 0.957064 0.957056 0.957046 0.957035 0.957022 0.957009 0.956994 0.956978 0.956961 0.956944 0.956926 0.956909 0.956891 0.956873 0.956855 0.956838 0.956822 0.956806 
0.960955 0.960938 0.960923 0.960909 0.960897 0.960886 0.960878 0.960871 0.960866 0.960863 0.960862 0.960863 0.960867 0.960872 0.960879 0.960889 0.9609 0.960912 0.960926 0.960942 0.960959 0.960977 0.960996 0.961015 0.961035 0.961055 0.961076 0.961096 0.961116 0.961135 0.961154 0.961172 0.961188 0.961204 0.961217 0.96123 0.96124 0.961249 0.961256 0.961261 0.961263 0.961264 0.961263 0.96126 0.961254 0.961247 0.961238 0.961227 0.961214 0.9612 0.961184 0.961167 0.961149 0.96113 0.961111 0.961091 0.96107 0.96105 0.96103 0.96101 0.960991 0.960972 
0.956771 0.956757 0.956744 0.956733 0.956723 0.956716 0.95671 0.956706 0.956704 0.956705 0.956707 0.956711 0.956717 0.956726 0.956735 0.956747 0.95676 0.956775 0.956791 0.956808 0.956826 0.956845 0.956864 0.956884 0.956904 0.956924 0.956944 0.956963 0.956982 0.956999 0.957016 0.957032 0.957046 0.957059 0.95707 0.95708 0.957087 0.957093 0.957097 0.957098 0.957098 0.957096 0.957092 0.957085 0.957077 0.957067 0.957056 0.957042 0.957028 0.957012 0.956994 0.956976 0.956957 0.956938 0.956918 0.956898 0.956878 0.956858 0.956839 0.956821 0.956803 0.956786 
0.944252 0.944246 0.944241 0.944238 0.944237 0.944237 0.94424 0.944244 0.94425 0.944257 0.944267 0.944278 0.94429 0.944303 0.944318 0.944334 0.94435 0.944368 0.944385 0.944403 0.944422 0.94444 0.944458 0.944475 0.944492 0.944508 0.944523 0.944537 0.94455 0.944561 0.944571 0.94458 0.944586 0.944591 0.944594 0.944595 0.944595 0.944592 0.944588 0.944582 0.944574 0.944565 0.944554 0.944542 0.944528 0.944513 0.944498 0.944481 0.944464 0.944446 0.944428 0.94441 0.944392 0.944374 0.944356 0.944339 0.944323 0.944308 0.944294 0.944281 0.94427 0.94426 
0.923434 0.923439 0.923446 0.923455 0.923465 0.923477 0.92349 0.923504 0.923519 0.923535 0.923552 0.92357 0.923588 0.923606 0.923624 0.923642 0.923659 0.923676 0.923692 0.923708 0.923722 0.923735 0.923747 0.923758 0.923766 0.923774 0.923779 0.923783 0.923785 0.923785 0.923783 0.92378 0.923774 0.923767 0.923759 0.923748 0.923737 0.923724 0.923709 0.923694 0.923678 0.923661 0.923643 0.923625 0.923607 0.923589 0.923571 0.923554 0.923537 0.923521 0.923505 0.923491 0.923478 0.923466 0.923456 0.923447 0.92344 0.923434 0.923431 0.923429 0.923429 0.92343 
0.894356 0.894373 0.894392 0.894412 0.894432 0.894453 0.894474 0.894495 0.894516 0.894537 0.894556 0.894575 0.894593 0.89461 0.894625 0.894639 0.894651 0.894661 0.89467 0.894676 0.89468 0.894683 0.894683 0.89468 0.894676 0.89467 0.894662 0.894651 0.894639 0.894625 0.89461 0.894593 0.894575 0.894556 0.894537 0.894516 0.894495 0.894474 0.894453 0.894432 0.894412 0.894392 0.894373 0.894355 0.894338 0.894323 0.894309 0.894297 0.894287 0.894279 0.894273 0.894268 0.894266 0.894266 0.894269 0.894273 0.894279 0.894288 0.894298 0.89431 0.894324 0.894339 
0.85703 0.857054 0.857079 0.857103 0.857126 0.857148 0.857169 0.857188 0.857205 0.857221 0.857235 0.857246 0.857255 0.857262 0.857266 0.857268 0.857267 0.857263 0.857257 0.857249 0.857238 0.857225 0.85721 0.857193 0.857175 0.857154 0.857132 0.85711 0.857086 0.857061 0.857036 0.857011 0.856986 0.856962 0.856938 0.856914 0.856892 0.856872 0.856852 0.856835 0.856819 0.856806 0.856795 0.856786 0.856779 0.856775 0.856774 0.856775 0.856778 0.856784 0.856793 0.856803 0.856816 0.856832 0.856849 0.856867 0.856888 0.85691 0.856933 0.856956 0.856981 0.857005 
0.811414 0.811435 0.811454 0.811471 0.811485 0.811497 0.811507 0.811514 0.811518 0.811519 0.811518 0.811514 0.811507 0.811498 0.811486 0.811472 0.811455 0.811436 0.811416 0.811393 0.811369 0.811344 0.811318 0.811291 0.811264 0.811237 0.81121 0.811183 0.811157 0.811132 0.811108 0.811086 0.811065 0.811046 0.811029 0.811015 0.811003 0.810994 0.810987 0.810983 0.810981 0.810983 0.810987 0.810994 0.811003 0.811015 0.81103 0.811047 0.811065 0.811086 0.811109 0.811132 0.811157 0.811183 0.81121 0.811237 0.811265 0.811292 0.811318 0.811344 0.811369 0.811393 
0.757431 0.757437 0.75744 0.75744 0.757438 0.757433 0.757426 0.757415 0.757403 0.757388 0.757371 0.757352 0.757331 0.757308 0.757285 0.75726 0.757234 0.757208 0.757181 0.757154 0.757128 0.757102 0.757077 0.757053 0.75703 0.757009 0.756989 0.756972 0.756956 0.756943 0.756932 0.756924 0.756918 0.756915 0.756915 0.756917 0.756922 0.75693 0.75694 0.756953 0.756968 0.756985 0.757004 0.757025 0.757048 0.757072 0.757096 0.757122 0.757148 0.757175 0.757202 0.757228 0.757254 0.757279 0.757303 0.757326 0.757347 0.757366 0.757384 0.757399 0.757412 0.757423 
0.695046 0.695035 0.695022 0.695007 0.69499 0.694972 0.694952 0.694932 0.69491 0.694887 0.694864 0.694841 0.694818 0.694794 0.694772 0.69475 0.694728 0.694708 0.69469 0.694673 0.694657 0.694643 0.694632 0.694622 0.694615 0.69461 0.694607 0.694607 0.694609 0.694613 0.69462 0.694629 0.69464 0.694653 0.694668 0.694684 0.694703 0.694722 0.694743 0.694765 0.694787 0.69481 0.694834 0.694857 0.69488 0.694903 0.694925 0.694946 0.694966 0.694984 0.695002 0.695017 0.695031 0.695042 0.695052 0.695059 0.695064 0.695067 0.695067 0.695065 0.695061 0.695054 
0.624369 0.624351 0.624333 0.624315 0.624297 0.624278 0.62426 0.624243 0.624226 0.62421 0.624195 0.624181 0.624169 0.624158 0.624148 0.62414 0.624134 0.624129 0.624127 0.624126 0.624127 0.62413 0.624135 0.624141 0.62415 0.624159 0.624171 0.624184 0.624198 0.624213 0.624229 0.624246 0.624264 0.624282 0.6243 0.624318 0.624337 0.624354 0.624372 0.624389 0.624405 0.62442 0.624434 0.624446 0.624457 0.624467 0.624475 0.624481 0.624485 0.624488 0.624488 0.624487 0.624484 0.62448 0.624473 0.624465 0.624455 0.624443 0.62443 0.624416 0.624401 0.624385 
0.545688 0.545677 0.545667 0.545658 0.54565 0.545643 0.545637 0.545632 0.545628 0.545626 0.545625 0.545626 0.545627 0.54563 0.545635 0.54564 0.545647 0.545655 0.545664 0.545673 0.545684 0.545695 0.545707 0.54572 0.545733 0.545746 0.545759 0.545772 0.545785 0.545798 0.54581 0.545821 0.545832 0.545842 0.545852 0.54586 0.545867 0.545873 0.545878 0.545881 0.545883 0.545884 0.545884 0.545882 0.545879 0.545874 0.545869 0.545862 0.545854 0.545845 0.545835 0.545825 0.545813 0.545801 0.545789 0.545776 0.545763 0.54575 0.545737 0.545724 0.545711 0.545699 
0.459414 0.459415 0.459416 0.459418 0.45942 0.459424 0.459428 0.459433 0.459439 0.459446 0.459453 0.45946 0.459468 0.459476 0.459485 0.459493 0.459502 0.459511 0.459519 0.459528 0.459536 0.459544 0.459551 0.459558 0.459564 0.45957 0.459575 0.459579 0.459582 0.459584 0.459586 0.459587 0.459587 0.459585 0.459584 0.459581 0.459577 0.459573 0.459568 0.459562 0.459555 0.459548 0.459541 0.459533 0.459524 0.459516 0.459507 0.459498 0.45949 0.459481 0.459473 0.459464 0.459457 0.459449 0.459443 0.459436 0.459431 0.459426 0.459422 0.459419 0.459417 0.459415 
0.366086 0.366091 0.366097 0.366102 0.366108 0.366113 0.366119 0.366125 0.36613 0.366135 0.366141 0.366145 0.36615 0.366154 0.366158 0.366161 0.366163 0.366166 0.366167 0.366168 0.366169 0.366169 0.366168 0.366167 0.366165 0.366163 0.36616 0.366157 0.366153 0.366149 0.366145 0.36614 0.366134 0.366129 0.366124 0.366118 0.366112 0.366106 0.366101 0.366095 0.36609 0.366085 0.36608 0.366076 0.366072 0.366068 0.366065 0.366062 0.36606 0.366058 0.366057 0.366057 0.366057 0.366057 0.366059 0.366061 0.366063 0.366066 0.366069 0.366073 0.366077 0.366082 
0.266528 0.266531 0.266534 0.266536 0.266538 0.26654 0.266541 0.266542 0.266543 0.266543 0.266543 0.266543 0.266542 0.266541 0.266539 0.266537 0.266535 0.266532 0.266529 0.266526 0.266523 0.266519 0.266516 0.266512 0.266508 0.266504 0.2665 0.266497 0.266493 0.266489 0.266486 0.266483 0.26648 0.266477 0.266474 0.266472 0.26647 0.266469 0.266468 0.266467 0.266467 0.266467 0.266468 0.266469 0.26647 0.266471 0.266473 0.266476 0.266478 0.266481 0.266484 0.266488 0.266491 0.266495 0.266499 0.266503 0.266507 0.26651 0.266514 0.266518 0.266522 0.266525 
0.162034 0.162033 0.162033 0.162032 0.162031 0.16203 0.162029 0.162027 0.162026 0.162024 0.162021 0.162019 0.162017 0.162014 0.162012 0.162009 0.162007 0.162004 0.162001 0.161999 0.161996 0.161994 0.161992 0.16199 0.161988 0.161986 0.161985 0.161984 0.161983 0.161982 0.161982 0.161981 0.161982 0.161982 0.161983 0.161983 0.161985 0.161986 0.161988 0.161989 0.161991 0.161994 0.161996 0.161998 0.162001 0.162003 0.162006 0.162009 0.162011 0.162014 0.162016 0.162019 0.162021 0.162023 0.162025 0.162027 0.162029 0.16203 0.162031 0.162032 0.162033 0.162033 
0.0543742 0.0543737 0.0543731 0.0543725 0.0543717 0.0543709 0.05437 0.0543691 0.0543681 0.0543671 0.0543661 0.054365 0.054364 0.0543629 0.0543619 0.0543609 0.05436 0.0543591 0.0543582 0.0543575 0.0543568 0.0543561 0.0543556 0.0543552 0.0543549 0.0543546 0.0543545 0.0543545 0.0543546 0.0543548 0.0543551 0.0543555 0.054356 0.0543566 0.0543573 0.0543581 0.0543589 0.0543598 0.0543607 0.0543617 0.0543627 0.0543638 0.0543648 0.0543659 0.0543669 0.0543679 0.0543689 0.0543699 0.0543708 0.0543716 0.0543724 0.0543731 0.0543737 0.0543742 0.0543746 0.054375 0.0543752 0.0543753 0.0543753 0.0543752 0.0543749 0.0543746 
