0.0538608 0.0538607 0.0538606 0.0538604 0.0538602 0.05386 0.0538597 0.0538594 0.0538591 0.0538587 0.0538584 0.053858 0.0538575 0.0538571 0.0538566 0.0538562 0.0538558 0.0538553 0.0538549 0.0538545 0.0538541 0.0538537 0.0538534 0.0538531 0.0538528 0.0538525 0.0538523 0.0538522 0.0538521 0.053852 0.053852 0.053852 0.0538521 0.0538522 0.0538523 0.0538525 0.0538528 0.053853 0.0538533 0.0538537 0.053854 0.0538544 0.0538549 0.0538553 0.0538557 0.0538562 0.0538566 0.0538571 0.0538575 0.0538579 0.0538583 0.0538587 0.0538591 0.0538594 0.0538597 0.05386 0.0538602 0.0538604 0.0538606 0.0538607 0.0538608 0.0538608 
0.160548 0.160548 0.160548 0.160548 0.160548 0.160548 0.160547 0.160547 0.160546 0.160545 0.160544 0.160543 0.160542 0.160541 0.16054 0.160538 0.160537 0.160536 0.160534 0.160533 0.160531 0.16053 0.160528 0.160527 0.160526 0.160525 0.160524 0.160523 0.160522 0.160521 0.160521 0.16052 0.16052 0.16052 0.16052 0.16052 0.16052 0.160521 0.160521 0.160522 0.160523 0.160524 0.160525 0.160526 0.160527 0.160528 0.16053 0.160531 0.160532 0.160534 0.160535 0.160537 0.160538 0.16054 0.160541 0.160542 0.160543 0.160544 0.160545 0.160546 0.160547 0.160547 
0.264217 0.264219 0.264221 0.264222 0.264224 0.264225 0.264226 0.264227 0.264228 0.264228 0.264229 0.264229 0.264229 0.264228 0.264228 0.264227 0.264226 0.264225 0.264223 0.264222 0.26422 0.264218 0.264216 0.264214 0.264212 0.26421 0.264207 0.264205 0.264203 0.2642 0.264198 0.264196 0.264194 0.264192 0.264191 0.264189 0.264188 0.264187 0.264186 0.264185 0.264184 0.264184 0.264184 0.264184 0.264185 0.264185 0.264186 0.264187 0.264188 0.26419 0.264192 0.264193 0.264195 0.264197 0.264199 0.264202 0.264204 0.264206 0.264208 0.264211 0.264213 0.264215 
0.363161 0.363163 0.363166 0.363169 0.363172 0.363175 0.363178 0.363181 0.363184 0.363187 0.363189 0.363192 0.363194 0.363197 0.363199 0.363201 0.363203 0.363204 0.363205 0.363206 0.363207 0.363207 0.363207 0.363206 0.363206 0.363205 0.363204 0.363202 0.3632 0.363198 0.363196 0.363194 0.363191 0.363188 0.363185 0.363182 0.363179 0.363176 0.363173 0.36317 0.363168 0.363165 0.363162 0.363159 0.363157 0.363155 0.363153 0.363151 0.36315 0.363149 0.363148 0.363148 0.363147 0.363147 0.363148 0.363148 0.363149 0.363151 0.363152 0.363154 0.363156 0.363158 
0.456083 0.456082 0.456082 0.456082 0.456082 0.456083 0.456084 0.456085 0.456087 0.456089 0.456092 0.456094 0.456097 0.456101 0.456104 0.456108 0.456111 0.456115 0.456119 0.456123 0.456126 0.45613 0.456134 0.456137 0.456141 0.456144 0.456146 0.456149 0.456151 0.456153 0.456155 0.456156 0.456157 0.456157 0.456157 0.456157 0.456156 0.456155 0.456153 0.456152 0.456149 0.456147 0.456144 0.456141 0.456138 0.456134 0.456131 0.456127 0.456123 0.456119 0.456116 0.456112 0.456108 0.456104 0.456101 0.456098 0.456095 0.456092 0.456089 0.456087 0.456085 0.456084 
0.54209 0.542084 0.542079 0.542073 0.542068 0.542063 0.542058 0.542054 0.54205 0.542046 0.542043 0.54204 0.542038 0.542036 0.542035 0.542035 0.542035 0.542035 0.542037 0.542038 0.542041 0.542043 0.542047 0.54205 0.542054 0.542059 0.542064 0.542069 0.542074 0.54208 0.542085 0.542091 0.542097 0.542102 0.542108 0.542113 0.542118 0.542123 0.542127 0.542131 0.542135 0.542138 0.542141 0.542143 0.542144 0.542145 0.542146 0.542146 0.542145 0.542144 0.542142 0.54214 0.542137 0.542134 0.54213 0.542126 0.542121 0.542116 0.542111 0.542106 0.542101 0.542095 
0.620557 0.620553 0.620547 0.620541 0.620534 0.620527 0.620519 0.620511 0.620502 0.620494 0.620485 0.620476 0.620467 0.620458 0.620449 0.620441 0.620433 0.620425 0.620418 0.620412 0.620406 0.620401 0.620397 0.620394 0.620392 0.62039 0.620389 0.62039 0.620391 0.620393 0.620396 0.6204 0.620405 0.62041 0.620416 0.620423 0.62043 0.620438 0.620446 0.620455 0.620464 0.620473 0.620482 0.620491 0.6205 0.620508 0.620517 0.620525 0.620532 0.620539 0.620545 0.620551 0.620556 0.62056 0.620563 0.620565 0.620567 0.620567 0.620567 0.620566 0.620564 0.620561 
0.69104 0.691044 0.691048 0.691049 0.69105 0.691049 0.691047 0.691044 0.691039 0.691033 0.691026 0.691018 0.691009 0.690999 0.690988 0.690976 0.690964 0.690952 0.690939 0.690926 0.690913 0.6909 0.690887 0.690874 0.690862 0.690851 0.69084 0.69083 0.690821 0.690814 0.690807 0.690801 0.690797 0.690794 0.690792 0.690792 0.690792 0.690795 0.690798 0.690803 0.690809 0.690816 0.690824 0.690833 0.690843 0.690854 0.690866 0.690878 0.69089 0.690903 0.690916 0.690929 0.690942 0.690955 0.690968 0.690979 0.690991 0.691001 0.691011 0.69102 0.691028 0.691035 
0.753285 0.7533 0.753313 0.753326 0.753337 0.753348 0.753357 0.753365 0.753371 0.753375 0.753378 0.75338 0.753379 0.753378 0.753374 0.753369 0.753362 0.753354 0.753344 0.753333 0.753321 0.753308 0.753294 0.753279 0.753264 0.753248 0.753231 0.753215 0.753199 0.753183 0.753167 0.753152 0.753137 0.753123 0.753111 0.753099 0.753089 0.75308 0.753072 0.753066 0.753061 0.753058 0.753057 0.753058 0.75306 0.753063 0.753069 0.753075 0.753084 0.753093 0.753104 0.753117 0.75313 0.753144 0.753159 0.753174 0.75319 0.753206 0.753223 0.753239 0.753255 0.75327 
0.80723 0.807247 0.807264 0.807282 0.807299 0.807316 0.807333 0.807349 0.807364 0.807378 0.807391 0.807403 0.807414 0.807423 0.807431 0.807437 0.807441 0.807443 0.807444 0.807443 0.80744 0.807436 0.80743 0.807422 0.807413 0.807402 0.80739 0.807376 0.807362 0.807346 0.80733 0.807313 0.807296 0.807279 0.807261 0.807244 0.807227 0.80721 0.807194 0.807179 0.807165 0.807151 0.807139 0.807129 0.80712 0.807112 0.807107 0.807102 0.8071 0.807099 0.807101 0.807103 0.807108 0.807114 0.807122 0.807132 0.807143 0.807155 0.807168 0.807183 0.807198 0.807214 
0.852914 0.852924 0.852936 0.852949 0.852962 0.852977 0.852992 0.853007 0.853023 0.853039 0.853054 0.85307 0.853085 0.8531 0.853114 0.853127 0.853139 0.85315 0.85316 0.853169 0.853176 0.853182 0.853186 0.853189 0.85319 0.853189 0.853187 0.853184 0.853178 0.853172 0.853164 0.853154 0.853143 0.853132 0.853119 0.853105 0.853091 0.853076 0.85306 0.853044 0.853029 0.853013 0.852997 0.852982 0.852967 0.852953 0.85294 0.852928 0.852917 0.852907 0.852899 0.852891 0.852886 0.852882 0.852879 0.852878 0.852879 0.852881 0.852884 0.85289 0.852896 0.852904 
0.890366 0.890367 0.890368 0.890371 0.890375 0.89038 0.890387 0.890394 0.890402 0.890411 0.890421 0.890431 0.890442 0.890453 0.890465 0.890477 0.890489 0.890501 0.890513 0.890524 0.890535 0.890546 0.890556 0.890565 0.890573 0.890581 0.890587 0.890593 0.890597 0.8906 0.890602 0.890603 0.890602 0.890601 0.890598 0.890594 0.890589 0.890583 0.890575 0.890567 0.890558 0.890548 0.890538 0.890527 0.890515 0.890504 0.890492 0.89048 0.890468 0.890456 0.890445 0.890433 0.890423 0.890413 0.890404 0.890395 0.890388 0.890382 0.890376 0.890372 0.890369 0.890367 
0.919567 0.919559 0.919553 0.919546 0.919541 0.919536 0.919532 0.919529 0.919527 0.919526 0.919525 0.919526 0.919527 0.91953 0.919533 0.919537 0.919542 0.919548 0.919554 0.919561 0.919569 0.919577 0.919585 0.919594 0.919603 0.919612 0.919622 0.919631 0.91964 0.919648 0.919657 0.919665 0.919672 0.919679 0.919685 0.919691 0.919696 0.9197 0.919703 0.919705 0.919706 0.919707 0.919706 0.919705 0.919702 0.919699 0.919695 0.91969 0.919684 0.919677 0.91967 0.919663 0.919655 0.919646 0.919637 0.919628 0.919619 0.91961 0.919601 0.919592 0.919583 0.919575 
0.940467 0.940456 0.940444 0.940433 0.940421 0.94041 0.940398 0.940387 0.940377 0.940366 0.940357 0.940348 0.94034 0.940332 0.940326 0.940321 0.940316 0.940313 0.940311 0.940311 0.940311 0.940312 0.940315 0.940319 0.940324 0.94033 0.940337 0.940344 0.940353 0.940363 0.940373 0.940383 0.940394 0.940405 0.940417 0.940428 0.94044 0.940451 0.940463 0.940473 0.940484 0.940493 0.940502 0.94051 0.940517 0.940524 0.940529 0.940533 0.940536 0.940538 0.940539 0.940539 0.940537 0.940534 0.940531 0.940526 0.94052 0.940513 0.940505 0.940496 0.940487 0.940477 
0.953023 0.953011 0.952999 0.952985 0.952971 0.952956 0.95294 0.952924 0.952909 0.952893 0.952877 0.952862 0.952847 0.952832 0.952819 0.952807 0.952795 0.952785 0.952776 0.952768 0.952762 0.952758 0.952755 0.952753 0.952754 0.952755 0.952759 0.952764 0.95277 0.952778 0.952788 0.952798 0.95281 0.952823 0.952836 0.952851 0.952866 0.952881 0.952897 0.952913 0.952929 0.952944 0.95296 0.952974 0.952989 0.953002 0.953014 0.953026 0.953036 0.953045 0.953052 0.953058 0.953063 0.953066 0.953067 0.953067 0.953065 0.953062 0.953057 0.95305 0.953042 0.953033 
0.957213 0.957201 0.957187 0.957172 0.957157 0.95714 0.957123 0.957105 0.957087 0.957068 0.95705 0.957032 0.957014 0.956997 0.956981 0.956965 0.956951 0.956938 0.956926 0.956916 0.956908 0.956901 0.956896 0.956893 0.956891 0.956892 0.956894 0.956898 0.956904 0.956912 0.956921 0.956932 0.956944 0.956958 0.956973 0.956988 0.957005 0.957022 0.95704 0.957059 0.957077 0.957095 0.957113 0.957131 0.957148 0.957164 0.95718 0.957194 0.957207 0.957218 0.957228 0.957237 0.957244 0.957249 0.957252 0.957253 0.957253 0.957251 0.957246 0.957241 0.957233 0.957224 
0.953029 0.953014 0.952999 0.952983 0.952967 0.952949 0.952931 0.952913 0.952895 0.952877 0.95286 0.952843 0.952826 0.952811 0.952796 0.952783 0.952771 0.952761 0.952752 0.952744 0.952739 0.952735 0.952733 0.952732 0.952734 0.952737 0.952743 0.95275 0.952758 0.952768 0.95278 0.952793 0.952807 0.952822 0.952838 0.952855 0.952872 0.95289 0.952908 0.952926 0.952944 0.952962 0.952979 0.952995 0.95301 0.953025 0.953038 0.95305 0.95306 0.953069 0.953077 0.953082 0.953086 0.953088 0.953088 0.953087 0.953083 0.953078 0.953071 0.953063 0.953053 0.953041 
0.94047 0.940454 0.940438 0.940421 0.940405 0.940389 0.940373 0.940358 0.940343 0.94033 0.940317 0.940305 0.940295 0.940286 0.940278 0.940272 0.940268 0.940265 0.940264 0.940264 0.940266 0.94027 0.940275 0.940282 0.94029 0.9403 0.940311 0.940323 0.940336 0.94035 0.940365 0.940381 0.940397 0.940413 0.940429 0.940445 0.940462 0.940477 0.940492 0.940507 0.940521 0.940533 0.940545 0.940555 0.940564 0.940572 0.940578 0.940582 0.940585 0.940586 0.940586 0.940584 0.94058 0.940575 0.940568 0.94056 0.94055 0.940539 0.940527 0.940514 0.9405 0.940485 
0.919551 0.919537 0.919523 0.91951 0.919499 0.919488 0.919479 0.919471 0.919465 0.91946 0.919457 0.919455 0.919456 0.919457 0.919461 0.919466 0.919472 0.91948 0.91949 0.919501 0.919513 0.919526 0.919539 0.919554 0.919569 0.919585 0.919601 0.919618 0.919634 0.91965 0.919666 0.919681 0.919696 0.919709 0.919722 0.919734 0.919744 0.919754 0.919761 0.919768 0.919772 0.919775 0.919777 0.919777 0.919775 0.919771 0.919766 0.91976 0.919752 0.919742 0.919732 0.91972 0.919707 0.919693 0.919678 0.919663 0.919647 0.919631 0.919614 0.919598 0.919582 0.919566 
0.890314 0.890307 0.890302 0.890299 0.890297 0.890298 0.8903 0.890304 0.89031 0.890318 0.890328 0.890339 0.890352 0.890366 0.890382 0.890398 0.890415 0.890433 0.890452 0.890471 0.89049 0.890509 0.890527 0.890546 0.890563 0.89058 0.890596 0.890611 0.890624 0.890636 0.890647 0.890655 0.890663 0.890668 0.890671 0.890673 0.890672 0.89067 0.890665 0.890659 0.890651 0.890642 0.89063 0.890617 0.890603 0.890588 0.890572 0.890554 0.890536 0.890518 0.890499 0.89048 0.890461 0.890442 0.890424 0.890406 0.890389 0.890373 0.890359 0.890345 0.890333 0.890323 
0.85282 0.852826 0.852834 0.852844 0.852856 0.85287 0.852886 0.852903 0.852921 0.852941 0.852962 0.852983 0.853005 0.853027 0.853049 0.853071 0.853093 0.853114 0.853134 0.853153 0.853171 0.853188 0.853203 0.853216 0.853228 0.853237 0.853244 0.853249 0.853252 0.853253 0.853252 0.853248 0.853242 0.853234 0.853224 0.853212 0.853198 0.853182 0.853165 0.853146 0.853127 0.853106 0.853085 0.853063 0.853041 0.853019 0.852997 0.852975 0.852954 0.852934 0.852914 0.852896 0.85288 0.852865 0.852852 0.85284 0.852831 0.852824 0.852819 0.852816 0.852815 0.852817 
0.807119 0.807138 0.807157 0.807178 0.8072 0.807223 0.807246 0.807269 0.807293 0.807316 0.807339 0.807361 0.807382 0.807402 0.807421 0.807438 0.807454 0.807467 0.807479 0.807488 0.807496 0.807501 0.807503 0.807504 0.807501 0.807497 0.80749 0.807481 0.80747 0.807457 0.807441 0.807424 0.807406 0.807386 0.807365 0.807343 0.80732 0.807297 0.807274 0.80725 0.807227 0.807204 0.807182 0.807161 0.807141 0.807122 0.807105 0.80709 0.807076 0.807065 0.807055 0.807048 0.807043 0.807041 0.807041 0.807043 0.807048 0.807054 0.807064 0.807075 0.807088 0.807103 
0.753207 0.753229 0.75325 0.753272 0.753293 0.753313 0.753333 0.753351 0.753368 0.753383 0.753397 0.753408 0.753418 0.753426 0.753432 0.753435 0.753436 0.753435 0.753432 0.753427 0.753419 0.753409 0.753398 0.753384 0.753369 0.753352 0.753334 0.753315 0.753295 0.753274 0.753252 0.75323 0.753208 0.753186 0.753165 0.753143 0.753123 0.753104 0.753086 0.753069 0.753054 0.75304 0.753029 0.753019 0.753011 0.753006 0.753002 0.753001 0.753002 0.753006 0.753011 0.753019 0.753029 0.75304 0.753054 0.753069 0.753086 0.753104 0.753123 0.753143 0.753164 0.753185 
0.691034 0.691048 0.69106 0.691071 0.69108 0.691088 0.691094 0.691098 0.691101 0.691102 0.6911 0.691097 0.691092 0.691086 0.691077 0.691067 0.691056 0.691043 0.691029 0.691014 0.690998 0.690981 0.690963 0.690945 0.690927 0.690908 0.69089 0.690872 0.690855 0.690838 0.690822 0.690807 0.690794 0.690781 0.690771 0.690761 0.690753 0.690747 0.690743 0.690741 0.69074 0.690742 0.690745 0.69075 0.690757 0.690765 0.690775 0.690786 0.690799 0.690814 0.690829 0.690845 0.690862 0.69088 0.690898 0.690916 0.690934 0.690952 0.69097 0.690987 0.691004 0.691019 
0.620611 0.620612 0.62061 0.620608 0.620604 0.620599 0.620593 0.620585 0.620577 0.620567 0.620557 0.620545 0.620533 0.620521 0.620508 0.620494 0.620481 0.620467 0.620454 0.620441 0.620428 0.620416 0.620404 0.620394 0.620384 0.620375 0.620367 0.62036 0.620355 0.62035 0.620347 0.620346 0.620346 0.620347 0.620349 0.620353 0.620358 0.620365 0.620372 0.620381 0.620391 0.620401 0.620413 0.620425 0.620437 0.62045 0.620464 0.620477 0.62049 0.620504 0.620517 0.62053 0.620542 0.620553 0.620564 0.620574 0.620583 0.620591 0.620597 0.620603 0.620607 0.62061 
0.542146 0.542138 0.542131 0.542123 0.542114 0.542105 0.542097 0.542088 0.542079 0.54207 0.542061 0.542053 0.542045 0.542038 0.542031 0.542025 0.542019 0.542014 0.54201 0.542007 0.542004 0.542003 0.542002 0.542002 0.542004 0.542006 0.542009 0.542012 0.542017 0.542022 0.542028 0.542035 0.542042 0.54205 0.542058 0.542067 0.542076 0.542085 0.542093 0.542102 0.542111 0.54212 0.542128 0.542136 0.542143 0.54215 0.542156 0.542162 0.542167 0.542171 0.542174 0.542177 0.542178 0.542179 0.542178 0.542177 0.542175 0.542172 0.542168 0.542163 0.542158 0.542152 
0.456095 0.45609 0.456085 0.456081 0.456077 0.456074 0.45607 0.456068 0.456066 0.456064 0.456063 0.456063 0.456063 0.456064 0.456065 0.456067 0.45607 0.456073 0.456076 0.45608 0.456084 0.456089 0.456094 0.456099 0.456104 0.45611 0.456116 0.456121 0.456127 0.456133 0.456138 0.456144 0.456149 0.456153 0.456158 0.456162 0.456165 0.456168 0.456171 0.456173 0.456175 0.456175 0.456176 0.456176 0.456175 0.456173 0.456171 0.456169 0.456166 0.456162 0.456158 0.456154 0.456149 0.456144 0.456139 0.456134 0.456128 0.456122 0.456117 0.456111 0.456105 0.4561 
0.363139 0.36314 0.363141 0.363142 0.363144 0.363146 0.363148 0.363151 0.363153 0.363157 0.36316 0.363163 0.363167 0.363171 0.363175 0.363178 0.363182 0.363186 0.36319 0.363193 0.363197 0.3632 0.363203 0.363206 0.363208 0.36321 0.363212 0.363213 0.363214 0.363215 0.363215 0.363215 0.363215 0.363214 0.363212 0.363211 0.363209 0.363206 0.363204 0.363201 0.363198 0.363194 0.363191 0.363187 0.363183 0.363179 0.363176 0.363172 0.363168 0.363164 0.363161 0.363157 0.363154 0.363151 0.363148 0.363146 0.363144 0.363142 0.363141 0.36314 0.363139 0.363139 
0.264198 0.2642 0.264203 0.264206 0.264209 0.264211 0.264214 0.264217 0.264219 0.264222 0.264224 0.264226 0.264228 0.264229 0.264231 0.264232 0.264233 0.264234 0.264234 0.264234 0.264234 0.264233 0.264233 0.264232 0.26423 0.264229 0.264227 0.264225 0.264223 0.264221 0.264218 0.264216 0.264213 0.26421 0.264207 0.264204 0.264202 0.264199 0.264196 0.264194 0.264191 0.264189 0.264187 0.264185 0.264183 0.264182 0.264181 0.26418 0.264179 0.264179 0.264179 0.264179 0.26418 0.26418 0.264181 0.264183 0.264184 0.264186 0.264188 0.26419 0.264193 0.264195 
0.160544 0.160546 0.160547 0.160548 0.16055 0.16055 0.160551 0.160552 0.160552 0.160553 0.160553 0.160553 0.160552 0.160552 0.160551 0.16055 0.160549 0.160548 0.160547 0.160545 0.160544 0.160542 0.16054 0.160539 0.160537 0.160535 0.160533 0.160531 0.160529 0.160527 0.160526 0.160524 0.160522 0.160521 0.160519 0.160518 0.160517 0.160517 0.160516 0.160515 0.160515 0.160515 0.160515 0.160515 0.160516 0.160517 0.160517 0.160519 0.16052 0.160521 0.160522 0.160524 0.160526 0.160528 0.160529 0.160531 0.160533 0.160535 0.160537 0.160539 0.160541 0.160542 
0.0538623 0.0538627 0.0538629 0.0538632 0.0538633 0.0538634 0.0538635 0.0538634 0.0538633 0.0538631 0.0538629 0.0538625 0.0538622 0.0538617 0.0538612 0.0538607 0.0538601 0.0538595 0.0538588 0.0538581 0.0538574 0.0538567 0.053856 0.0538553 0.0538546 0.0538539 0.0538532 0.0538526 0.053852 0.0538515 0.053851 0.0538505 0.0538501 0.0538498 0.0538496 0.0538494 0.0538493 0.0538493 0.0538493 0.0538494 0.0538496 0.0538499 0.0538502 0.0538506 0.053851 0.0538515 0.0538521 0.0538527 0.0538533 0.053854 0.0538547 0.0538554 0.0538561 0.0538568 0.0538575 0.0538582 0.0538589 0.0538596 0.0538602 0.0538608 0.0538613 0.0538619 
