0.0536139 0.053614 0.0536141 0.0536141 0.0536141 0.053614 0.053614 0.0536139 0.0536138 0.0536136 0.0536135 0.0536133 0.0536131 0.0536128 0.0536126 0.0536123 0.053612 0.0536117 0.0536114 0.0536111 0.0536108 0.0536105 0.0536102 0.0536099 0.0536096 0.0536094 0.0536091 0.0536089 0.0536087 0.0536085 0.0536083 0.0536082 0.0536081 0.053608 0.053608 0.053608 0.053608 0.0536081 0.0536082 0.0536083 0.0536084 0.0536086 0.0536088 0.053609 0.0536092 0.0536095 0.0536098 0.0536101 0.0536104 0.0536107 0.053611 0.0536113 0.0536116 0.0536119 0.0536122 0.0536125 0.0536127 0.053613 0.0536132 0.0536134 0.0536136 0.0536138 
0.159829 0.15983 0.159831 0.159831 0.159832 0.159832 0.159832 0.159832 0.159832 0.159832 0.159832 0.159831 0.159831 0.15983 0.15983 0.159829 0.159828 0.159827 0.159826 0.159825 0.159824 0.159823 0.159822 0.159821 0.15982 0.159819 0.159818 0.159817 0.159816 0.159815 0.159814 0.159813 0.159812 0.159812 0.159811 0.159811 0.15981 0.15981 0.15981 0.15981 0.15981 0.159811 0.159811 0.159811 0.159812 0.159813 0.159813 0.159814 0.159815 0.159816 0.159817 0.159818 0.159819 0.15982 0.159821 0.159823 0.159824 0.159825 0.159826 0.159827 0.159828 0.159829 
0.26309 0.263091 0.263093 0.263095 0.263097 0.263099 0.2631 0.263102 0.263103 0.263104 0.263105 0.263106 0.263107 0.263107 0.263108 0.263108 0.263108 0.263108 0.263107 0.263107 0.263106 0.263105 0.263104 0.263103 0.263102 0.2631 0.263099 0.263097 0.263095 0.263094 0.263092 0.26309 0.263088 0.263086 0.263084 0.263083 0.263081 0.263079 0.263078 0.263077 0.263075 0.263074 0.263073 0.263073 0.263072 0.263072 0.263071 0.263071 0.263072 0.263072 0.263073 0.263073 0.263074 0.263075 0.263076 0.263078 0.263079 0.263081 0.263082 0.263084 0.263086 0.263088 
0.361722 0.361723 0.361725 0.361726 0.361728 0.36173 0.361732 0.361735 0.361737 0.361739 0.361742 0.361744 0.361747 0.361749 0.361751 0.361754 0.361756 0.361758 0.36176 0.361761 0.361763 0.361764 0.361765 0.361766 0.361767 0.361767 0.361767 0.361767 0.361767 0.361766 0.361765 0.361764 0.361763 0.361761 0.361759 0.361757 0.361755 0.361753 0.361751 0.361749 0.361746 0.361744 0.361741 0.361739 0.361736 0.361734 0.361732 0.361729 0.361727 0.361726 0.361724 0.361722 0.361721 0.36172 0.361719 0.361719 0.361718 0.361718 0.361719 0.361719 0.36172 0.361721 
0.454436 0.454434 0.454433 0.454431 0.45443 0.454429 0.454429 0.454429 0.454429 0.454429 0.45443 0.454431 0.454432 0.454433 0.454435 0.454437 0.454439 0.454441 0.454444 0.454446 0.454449 0.454452 0.454455 0.454458 0.454461 0.454464 0.454467 0.454469 0.454472 0.454475 0.454477 0.454479 0.454481 0.454483 0.454484 0.454485 0.454486 0.454486 0.454487 0.454487 0.454486 0.454486 0.454485 0.454483 0.454482 0.45448 0.454478 0.454476 0.454473 0.454471 0.454468 0.454465 0.454463 0.45446 0.454457 0.454454 0.454451 0.454448 0.454445 0.454443 0.45444 0.454438 
0.540302 0.540299 0.540295 0.540291 0.540287 0.540283 0.540278 0.540274 0.54027 0.540266 0.540262 0.540258 0.540254 0.540251 0.540248 0.540246 0.540243 0.540241 0.54024 0.540238 0.540238 0.540237 0.540238 0.540238 0.540239 0.540241 0.540242 0.540245 0.540247 0.54025 0.540253 0.540257 0.54026 0.540264 0.540268 0.540273 0.540277 0.540281 0.540285 0.54029 0.540294 0.540298 0.540301 0.540305 0.540308 0.540311 0.540314 0.540316 0.540318 0.540319 0.540321 0.540321 0.540322 0.540321 0.540321 0.54032 0.540318 0.540316 0.540314 0.540312 0.540309 0.540306 
0.618649 0.61865 0.61865 0.61865 0.618648 0.618646 0.618643 0.61864 0.618636 0.618631 0.618626 0.61862 0.618614 0.618608 0.618601 0.618594 0.618587 0.618579 0.618572 0.618565 0.618558 0.618551 0.618544 0.618538 0.618532 0.618527 0.618522 0.618518 0.618514 0.618511 0.618509 0.618507 0.618506 0.618506 0.618507 0.618508 0.618511 0.618513 0.618517 0.618521 0.618526 0.618531 0.618537 0.618543 0.618549 0.618556 0.618563 0.618571 0.618578 0.618585 0.618592 0.618599 0.618606 0.618613 0.618619 0.618625 0.61863 0.618635 0.618639 0.618643 0.618646 0.618648 
0.689025 0.689034 0.689043 0.689051 0.689058 0.689065 0.68907 0.689075 0.689078 0.68908 0.689081 0.689081 0.68908 0.689078 0.689075 0.68907 0.689065 0.689059 0.689051 0.689043 0.689034 0.689025 0.689015 0.689004 0.688993 0.688982 0.688971 0.68896 0.688949 0.688938 0.688927 0.688917 0.688908 0.688899 0.688891 0.688883 0.688877 0.688872 0.688867 0.688864 0.688862 0.688861 0.688861 0.688862 0.688864 0.688868 0.688872 0.688878 0.688884 0.688891 0.688899 0.688908 0.688918 0.688928 0.688938 0.688949 0.68896 0.688972 0.688983 0.688994 0.689004 0.689015 
0.751208 0.751222 0.751237 0.751251 0.751265 0.75128 0.751293 0.751307 0.751319 0.751331 0.751342 0.751352 0.751361 0.751369 0.751375 0.75138 0.751384 0.751386 0.751387 0.751386 0.751384 0.75138 0.751375 0.751368 0.751361 0.751352 0.751342 0.751331 0.751319 0.751306 0.751293 0.751279 0.751264 0.75125 0.751235 0.751221 0.751207 0.751193 0.75118 0.751167 0.751155 0.751144 0.751134 0.751125 0.751118 0.751112 0.751107 0.751103 0.751101 0.7511 0.751101 0.751104 0.751107 0.751113 0.751119 0.751127 0.751136 0.751146 0.751157 0.751169 0.751182 0.751195 
0.80516 0.80517 0.805182 0.805194 0.805208 0.805222 0.805237 0.805252 0.805268 0.805283 0.805299 0.805315 0.80533 0.805345 0.80536 0.805373 0.805386 0.805397 0.805408 0.805417 0.805425 0.805431 0.805436 0.805439 0.805441 0.805441 0.80544 0.805437 0.805432 0.805426 0.805418 0.805409 0.805399 0.805388 0.805375 0.805362 0.805348 0.805333 0.805317 0.805302 0.805286 0.80527 0.805254 0.805239 0.805224 0.805209 0.805196 0.805183 0.805172 0.805161 0.805152 0.805144 0.805138 0.805133 0.80513 0.805128 0.805128 0.80513 0.805133 0.805138 0.805144 0.805152 
0.850898 0.850899 0.850901 0.850905 0.850911 0.850917 0.850925 0.850934 0.850944 0.850956 0.850968 0.850981 0.850994 0.851008 0.851022 0.851037 0.851051 0.851066 0.85108 0.851094 0.851107 0.85112 0.851132 0.851142 0.851152 0.851161 0.851168 0.851175 0.851179 0.851183 0.851185 0.851185 0.851184 0.851182 0.851178 0.851173 0.851166 0.851158 0.851149 0.851139 0.851127 0.851115 0.851102 0.851089 0.851075 0.85106 0.851046 0.851031 0.851017 0.851003 0.850989 0.850976 0.850963 0.850951 0.85094 0.850931 0.850922 0.850914 0.850908 0.850904 0.8509 0.850898 
0.888406 0.888399 0.888394 0.888389 0.888385 0.888383 0.888382 0.888381 0.888382 0.888384 0.888387 0.888391 0.888397 0.888403 0.88841 0.888418 0.888426 0.888435 0.888445 0.888455 0.888466 0.888477 0.888488 0.888499 0.88851 0.888521 0.888531 0.888541 0.888551 0.888559 0.888568 0.888575 0.888581 0.888587 0.888592 0.888595 0.888598 0.888599 0.888599 0.888598 0.888596 0.888593 0.888589 0.888584 0.888578 0.888571 0.888563 0.888554 0.888545 0.888535 0.888525 0.888514 0.888503 0.888492 0.888481 0.88847 0.888459 0.888449 0.888439 0.88843 0.888421 0.888413 
0.91763 0.917622 0.917614 0.917606 0.917598 0.91759 0.917582 0.917575 0.917569 0.917563 0.917557 0.917552 0.917548 0.917545 0.917542 0.91754 0.917539 0.917539 0.91754 0.917542 0.917544 0.917547 0.917551 0.917556 0.917561 0.917567 0.917573 0.91758 0.917588 0.917595 0.917603 0.917611 0.91762 0.917628 0.917636 0.917644 0.917652 0.917659 0.917666 0.917673 0.917679 0.917685 0.917689 0.917694 0.917697 0.917699 0.917701 0.917702 0.917702 0.917702 0.9177 0.917698 0.917694 0.917691 0.917686 0.917681 0.917675 0.917668 0.917661 0.917654 0.917646 0.917638 
0.938523 0.938518 0.938511 0.938504 0.938497 0.938488 0.938479 0.938469 0.938459 0.938449 0.938439 0.938428 0.938417 0.938407 0.938397 0.938387 0.938377 0.938368 0.93836 0.938352 0.938346 0.93834 0.938335 0.938331 0.938328 0.938326 0.938325 0.938325 0.938326 0.938328 0.938332 0.938336 0.938341 0.938347 0.938355 0.938362 0.938371 0.93838 0.93839 0.9384 0.93841 0.938421 0.938431 0.938442 0.938452 0.938462 0.938472 0.938482 0.938491 0.938499 0.938507 0.938513 0.938519 0.938524 0.938528 0.938531 0.938533 0.938534 0.938534 0.938533 0.93853 0.938527 
0.951062 0.951061 0.951058 0.951053 0.951048 0.951041 0.951032 0.951023 0.951012 0.951 0.950987 0.950974 0.95096 0.950946 0.950931 0.950916 0.950901 0.950886 0.950872 0.950858 0.950844 0.950831 0.95082 0.950809 0.950799 0.95079 0.950783 0.950777 0.950772 0.950769 0.950768 0.950768 0.950769 0.950772 0.950776 0.950782 0.950789 0.950798 0.950808 0.950818 0.95083 0.950843 0.950856 0.95087 0.950885 0.950899 0.950914 0.950929 0.950944 0.950958 0.950972 0.950986 0.950999 0.951011 0.951021 0.951031 0.95104 0.951047 0.951053 0.951058 0.951061 0.951062 
0.955248 0.955248 0.955246 0.955243 0.955237 0.95523 0.955222 0.955212 0.9552 0.955188 0.955174 0.955159 0.955143 0.955127 0.95511 0.955093 0.955076 0.955058 0.955041 0.955024 0.955008 0.954992 0.954978 0.954964 0.954951 0.95494 0.95493 0.954922 0.954915 0.95491 0.954907 0.954905 0.954905 0.954907 0.954911 0.954916 0.954923 0.954932 0.954942 0.954954 0.954966 0.95498 0.954995 0.955011 0.955027 0.955044 0.955061 0.955079 0.955096 0.955113 0.95513 0.955146 0.955162 0.955176 0.95519 0.955202 0.955214 0.955223 0.955232 0.955238 0.955243 0.955247 
0.951083 0.95108 0.951075 0.951069 0.951061 0.951051 0.951041 0.951028 0.951015 0.951001 0.950986 0.95097 0.950953 0.950937 0.950919 0.950902 0.950885 0.950869 0.950852 0.950837 0.950822 0.950808 0.950795 0.950784 0.950774 0.950765 0.950758 0.950752 0.950749 0.950746 0.950746 0.950747 0.95075 0.950755 0.950762 0.95077 0.950779 0.95079 0.950802 0.950815 0.95083 0.950845 0.950861 0.950877 0.950894 0.950911 0.950928 0.950945 0.950962 0.950978 0.950994 0.951008 0.951022 0.951035 0.951046 0.951056 0.951065 0.951072 0.951078 0.951081 0.951084 0.951084 
0.938558 0.938549 0.938538 0.938527 0.938515 0.938501 0.938487 0.938473 0.938457 0.938442 0.938427 0.938411 0.938396 0.938381 0.938366 0.938353 0.93834 0.938327 0.938316 0.938307 0.938298 0.938291 0.938285 0.938281 0.938278 0.938277 0.938277 0.938279 0.938282 0.938287 0.938294 0.938302 0.938311 0.938321 0.938333 0.938345 0.938359 0.938373 0.938387 0.938402 0.938418 0.938433 0.938449 0.938464 0.938479 0.938493 0.938507 0.93852 0.938532 0.938543 0.938553 0.938561 0.938569 0.938574 0.938579 0.938581 0.938583 0.938582 0.93858 0.938577 0.938572 0.938565 
0.917665 0.91765 0.917635 0.917619 0.917604 0.917588 0.917574 0.917559 0.917545 0.917532 0.91752 0.917509 0.917499 0.917491 0.917483 0.917477 0.917473 0.91747 0.917469 0.917469 0.917471 0.917474 0.917479 0.917485 0.917493 0.917502 0.917512 0.917524 0.917536 0.917549 0.917563 0.917578 0.917593 0.917608 0.917624 0.917639 0.917654 0.917669 0.917683 0.917697 0.91771 0.917722 0.917733 0.917743 0.917752 0.917759 0.917765 0.917769 0.917772 0.917773 0.917773 0.917771 0.917768 0.917763 0.917757 0.917749 0.91774 0.91773 0.917718 0.917706 0.917693 0.917679 
0.888415 0.888399 0.888385 0.888371 0.888358 0.888347 0.888337 0.888329 0.888322 0.888317 0.888314 0.888313 0.888314 0.888316 0.88832 0.888326 0.888334 0.888343 0.888354 0.888366 0.88838 0.888394 0.88841 0.888426 0.888443 0.888461 0.888479 0.888497 0.888515 0.888532 0.88855 0.888566 0.888582 0.888597 0.888611 0.888623 0.888635 0.888644 0.888652 0.888659 0.888664 0.888667 0.888668 0.888667 0.888665 0.888661 0.888655 0.888647 0.888638 0.888627 0.888615 0.888601 0.888586 0.888571 0.888554 0.888537 0.88852 0.888502 0.888484 0.888466 0.888448 0.888431 
0.85086 0.850851 0.850845 0.85084 0.850837 0.850837 0.850839 0.850842 0.850848 0.850856 0.850866 0.850877 0.85089 0.850905 0.850921 0.850939 0.850957 0.850976 0.850996 0.851017 0.851038 0.851058 0.851079 0.851099 0.851119 0.851138 0.851156 0.851172 0.851188 0.851202 0.851214 0.851224 0.851233 0.851239 0.851244 0.851247 0.851247 0.851245 0.851242 0.851236 0.851228 0.851218 0.851207 0.851193 0.851179 0.851162 0.851145 0.851126 0.851107 0.851087 0.851066 0.851046 0.851025 0.851004 0.850984 0.850964 0.850946 0.850928 0.850911 0.850896 0.850882 0.85087 
0.805074 0.805078 0.805085 0.805094 0.805104 0.805117 0.805131 0.805147 0.805164 0.805182 0.805202 0.805222 0.805243 0.805265 0.805286 0.805308 0.805329 0.80535 0.80537 0.80539 0.805408 0.805425 0.805441 0.805455 0.805467 0.805478 0.805486 0.805492 0.805497 0.805499 0.805499 0.805496 0.805492 0.805485 0.805476 0.805466 0.805453 0.805439 0.805423 0.805406 0.805387 0.805368 0.805347 0.805326 0.805305 0.805283 0.805262 0.80524 0.805219 0.805199 0.80518 0.805161 0.805144 0.805129 0.805115 0.805103 0.805092 0.805084 0.805078 0.805074 0.805072 0.805072 
0.751111 0.751126 0.751142 0.75116 0.751178 0.751197 0.751217 0.751237 0.751257 0.751276 0.751296 0.751315 0.751333 0.75135 0.751366 0.751381 0.751395 0.751407 0.751417 0.751426 0.751432 0.751437 0.75144 0.75144 0.751439 0.751436 0.75143 0.751423 0.751414 0.751403 0.751391 0.751377 0.751361 0.751345 0.751327 0.751309 0.751289 0.75127 0.75125 0.75123 0.75121 0.751191 0.751172 0.751154 0.751136 0.75112 0.751105 0.751092 0.75108 0.75107 0.751062 0.751055 0.751051 0.751048 0.751047 0.751049 0.751052 0.751058 0.751065 0.751074 0.751085 0.751097 
0.68897 0.688986 0.689002 0.689018 0.689033 0.689047 0.689061 0.689074 0.689085 0.689096 0.689105 0.689113 0.68912 0.689125 0.689128 0.68913 0.68913 0.689128 0.689125 0.68912 0.689114 0.689106 0.689097 0.689087 0.689075 0.689062 0.689049 0.689034 0.689019 0.689004 0.688988 0.688972 0.688956 0.68894 0.688924 0.688909 0.688895 0.688881 0.688868 0.688856 0.688846 0.688837 0.688829 0.688823 0.688818 0.688814 0.688813 0.688813 0.688815 0.688818 0.688823 0.688829 0.688837 0.688846 0.688856 0.688868 0.688881 0.688894 0.688909 0.688924 0.688939 0.688955 
0.618662 0.618669 0.618675 0.61868 0.618685 0.618688 0.61869 0.61869 0.61869 0.618689 0.618686 0.618683 0.618678 0.618672 0.618665 0.618658 0.618649 0.61864 0.61863 0.61862 0.618609 0.618598 0.618587 0.618575 0.618564 0.618553 0.618542 0.618531 0.618521 0.618512 0.618503 0.618495 0.618488 0.618481 0.618476 0.618472 0.618469 0.618467 0.618466 0.618467 0.618468 0.618471 0.618474 0.618479 0.618485 0.618492 0.6185 0.618508 0.618517 0.618527 0.618538 0.618548 0.618559 0.618571 0.618582 0.618593 0.618605 0.618615 0.618626 0.618636 0.618645 0.618654 
0.540348 0.540346 0.540343 0.540339 0.540335 0.54033 0.540325 0.540319 0.540313 0.540307 0.5403 0.540293 0.540286 0.540279 0.540271 0.540264 0.540257 0.540251 0.540244 0.540238 0.540233 0.540228 0.540223 0.540219 0.540215 0.540213 0.540211 0.540209 0.540209 0.540209 0.54021 0.540211 0.540213 0.540216 0.54022 0.540224 0.540229 0.540234 0.54024 0.540246 0.540253 0.54026 0.540267 0.540274 0.540281 0.540288 0.540295 0.540302 0.540309 0.540315 0.540321 0.540327 0.540332 0.540337 0.54034 0.540344 0.540347 0.540349 0.54035 0.54035 0.54035 0.540349 
0.454462 0.454458 0.454453 0.454449 0.454444 0.45444 0.454436 0.454432 0.454429 0.454426 0.454423 0.45442 0.454418 0.454416 0.454415 0.454414 0.454413 0.454413 0.454414 0.454415 0.454416 0.454418 0.45442 0.454422 0.454425 0.454428 0.454432 0.454436 0.45444 0.454444 0.454448 0.454453 0.454457 0.454462 0.454466 0.454471 0.454475 0.454479 0.454483 0.454486 0.45449 0.454492 0.454495 0.454497 0.454499 0.4545 0.454501 0.454502 0.454502 0.454501 0.4545 0.454499 0.454497 0.454495 0.454492 0.45449 0.454486 0.454483 0.454479 0.454475 0.454471 0.454466 
0.361714 0.361713 0.361712 0.361712 0.361712 0.361712 0.361712 0.361713 0.361714 0.361716 0.361717 0.361719 0.361721 0.361724 0.361726 0.361729 0.361732 0.361735 0.361738 0.361741 0.361744 0.361747 0.36175 0.361753 0.361756 0.361759 0.361762 0.361764 0.361766 0.361768 0.36177 0.361771 0.361772 0.361773 0.361774 0.361774 0.361774 0.361773 0.361772 0.361771 0.36177 0.361768 0.361766 0.361764 0.361762 0.361759 0.361756 0.361753 0.36175 0.361747 0.361744 0.361741 0.361738 0.361735 0.361732 0.361729 0.361726 0.361723 0.361721 0.361719 0.361717 0.361715 
0.263073 0.263074 0.263076 0.263078 0.26308 0.263083 0.263085 0.263087 0.263089 0.263092 0.263094 0.263096 0.263098 0.263101 0.263103 0.263104 0.263106 0.263108 0.263109 0.26311 0.263111 0.263112 0.263113 0.263113 0.263113 0.263113 0.263112 0.263112 0.263111 0.26311 0.263108 0.263107 0.263105 0.263103 0.263101 0.263099 0.263097 0.263095 0.263092 0.26309 0.263088 0.263085 0.263083 0.263081 0.263079 0.263077 0.263075 0.263073 0.263072 0.26307 0.263069 0.263068 0.263067 0.263067 0.263067 0.263067 0.263067 0.263067 0.263068 0.263069 0.26307 0.263071 
0.159822 0.159824 0.159825 0.159827 0.159828 0.15983 0.159831 0.159832 0.159833 0.159834 0.159835 0.159836 0.159836 0.159837 0.159837 0.159837 0.159837 0.159837 0.159836 0.159836 0.159835 0.159834 0.159833 0.159832 0.159831 0.159829 0.159828 0.159827 0.159825 0.159824 0.159822 0.15982 0.159819 0.159817 0.159816 0.159814 0.159813 0.159812 0.15981 0.159809 0.159808 0.159807 0.159807 0.159806 0.159806 0.159806 0.159805 0.159806 0.159806 0.159806 0.159807 0.159807 0.159808 0.159809 0.15981 0.159812 0.159813 0.159814 0.159816 0.159817 0.159819 0.159821 
0.0536135 0.053614 0.0536145 0.0536149 0.0536153 0.0536156 0.0536159 0.0536162 0.0536164 0.0536165 0.0536166 0.0536166 0.0536166 0.0536166 0.0536164 0.0536162 0.053616 0.0536157 0.0536154 0.053615 0.0536146 0.0536141 0.0536136 0.0536131 0.0536125 0.053612 0.0536114 0.0536108 0.0536103 0.0536097 0.0536092 0.0536086 0.0536081 0.0536076 0.0536072 0.0536068 0.0536064 0.0536061 0.0536059 0.0536057 0.0536055 0.0536054 0.0536054 0.0536054 0.0536055 0.0536056 0.0536058 0.053606 0.0536063 0.0536067 0.0536071 0.0536075 0.053608 0.0536085 0.053609 0.0536095 0.0536101 0.0536107 0.0536112 0.0536118 0.0536124 0.053613 
