0.0533725 0.0533726 0.0533727 0.0533728 0.0533729 0.0533729 0.053373 0.053373 0.053373 0.053373 0.0533729 0.0533729 0.0533728 0.0533727 0.0533726 0.0533725 0.0533724 0.0533723 0.0533721 0.0533719 0.0533718 0.0533716 0.0533714 0.0533712 0.053371 0.0533708 0.0533706 0.0533704 0.0533702 0.0533701 0.0533699 0.0533698 0.0533696 0.0533695 0.0533694 0.0533693 0.0533693 0.0533692 0.0533692 0.0533692 0.0533692 0.0533692 0.0533693 0.0533693 0.0533694 0.0533695 0.0533696 0.0533698 0.0533699 0.0533701 0.0533702 0.0533704 0.0533706 0.0533708 0.053371 0.0533712 0.0533714 0.0533716 0.0533718 0.0533719 0.0533721 0.0533723 
0.159126 0.159127 0.159127 0.159128 0.159129 0.159129 0.15913 0.15913 0.159131 0.159131 0.159131 0.159131 0.159131 0.159131 0.159131 0.159131 0.159131 0.15913 0.15913 0.15913 0.159129 0.159128 0.159128 0.159127 0.159126 0.159125 0.159125 0.159124 0.159123 0.159122 0.159121 0.15912 0.15912 0.159119 0.159118 0.159118 0.159117 0.159117 0.159116 0.159116 0.159115 0.159115 0.159115 0.159115 0.159115 0.159115 0.159115 0.159116 0.159116 0.159116 0.159117 0.159117 0.159118 0.159119 0.159119 0.15912 0.159121 0.159122 0.159123 0.159123 0.159124 0.159125 
0.261986 0.261987 0.261989 0.26199 0.261992 0.261993 0.261995 0.261996 0.261998 0.261999 0.262 0.262001 0.262003 0.262004 0.262005 0.262005 0.262006 0.262007 0.262007 0.262007 0.262008 0.262008 0.262007 0.262007 0.262007 0.262006 0.262005 0.262005 0.262004 0.262003 0.262001 0.262 0.261999 0.261997 0.261996 0.261995 0.261993 0.261992 0.26199 0.261989 0.261987 0.261986 0.261985 0.261984 0.261983 0.261982 0.261981 0.26198 0.261979 0.261979 0.261979 0.261979 0.261979 0.261979 0.261979 0.261979 0.26198 0.261981 0.261982 0.261983 0.261984 0.261985 
0.36031 0.36031 0.360311 0.360311 0.360312 0.360313 0.360314 0.360315 0.360317 0.360318 0.36032 0.360322 0.360324 0.360326 0.360327 0.360329 0.360331 0.360333 0.360335 0.360337 0.360339 0.360341 0.360342 0.360344 0.360345 0.360346 0.360347 0.360348 0.360349 0.360349 0.360349 0.360349 0.360349 0.360349 0.360348 0.360347 0.360346 0.360345 0.360344 0.360342 0.360341 0.360339 0.360337 0.360335 0.360334 0.360332 0.36033 0.360328 0.360326 0.360324 0.360322 0.36032 0.360318 0.360317 0.360315 0.360314 0.360313 0.360312 0.360311 0.36031 0.36031 0.36031 
0.452806 0.452804 0.452803 0.452801 0.452799 0.452798 0.452796 0.452795 0.452794 0.452793 0.452793 0.452793 0.452792 0.452793 0.452793 0.452793 0.452794 0.452795 0.452796 0.452798 0.452799 0.452801 0.452803 0.452805 0.452807 0.452809 0.452811 0.452813 0.452815 0.452818 0.45282 0.452822 0.452824 0.452826 0.452828 0.45283 0.452831 0.452832 0.452834 0.452835 0.452835 0.452836 0.452836 0.452836 0.452836 0.452836 0.452835 0.452834 0.452833 0.452832 0.452831 0.452829 0.452827 0.452826 0.452824 0.452822 0.452819 0.452817 0.452815 0.452813 0.452811 0.452808 
0.538511 0.53851 0.538508 0.538507 0.538505 0.538502 0.5385 0.538497 0.538494 0.538491 0.538488 0.538485 0.538482 0.538479 0.538476 0.538473 0.53847 0.538467 0.538465 0.538462 0.53846 0.538458 0.538456 0.538455 0.538454 0.538453 0.538452 0.538452 0.538452 0.538453 0.538453 0.538455 0.538456 0.538457 0.538459 0.538462 0.538464 0.538466 0.538469 0.538472 0.538475 0.538478 0.538481 0.538484 0.538487 0.538491 0.538493 0.538496 0.538499 0.538502 0.538504 0.538506 0.538508 0.53851 0.538511 0.538512 0.538513 0.538514 0.538514 0.538514 0.538513 0.538512 
0.616726 0.61673 0.616734 0.616737 0.61674 0.616742 0.616744 0.616745 0.616745 0.616745 0.616745 0.616743 0.616741 0.616739 0.616736 0.616733 0.616729 0.616725 0.61672 0.616715 0.616709 0.616704 0.616698 0.616692 0.616687 0.616681 0.616675 0.616669 0.616664 0.616659 0.616654 0.616649 0.616645 0.616641 0.616638 0.616635 0.616633 0.616632 0.616631 0.61663 0.61663 0.616631 0.616632 0.616634 0.616637 0.61664 0.616643 0.616647 0.616651 0.616656 0.616661 0.616666 0.616672 0.616678 0.616683 0.616689 0.616695 0.616701 0.616706 0.616712 0.616717 0.616722 
0.687011 0.68702 0.687029 0.687039 0.687048 0.687057 0.687066 0.687075 0.687083 0.68709 0.687097 0.687103 0.687108 0.687113 0.687116 0.687119 0.687121 0.687122 0.687121 0.68712 0.687118 0.687115 0.687111 0.687106 0.6871 0.687094 0.687087 0.687079 0.687071 0.687062 0.687053 0.687044 0.687034 0.687025 0.687015 0.687006 0.686997 0.686988 0.686979 0.686971 0.686964 0.686957 0.686951 0.686946 0.686942 0.686938 0.686935 0.686934 0.686933 0.686933 0.686935 0.686937 0.68694 0.686944 0.686949 0.686955 0.686961 0.686968 0.686976 0.686984 0.686993 0.687002 
0.74917 0.749178 0.749187 0.749197 0.749208 0.749219 0.749231 0.749244 0.749256 0.749269 0.749282 0.749295 0.749307 0.749319 0.749331 0.749342 0.749352 0.749362 0.74937 0.749378 0.749384 0.74939 0.749394 0.749397 0.749398 0.749399 0.749397 0.749395 0.749392 0.749387 0.749381 0.749374 0.749365 0.749356 0.749346 0.749335 0.749324 0.749312 0.7493 0.749287 0.749274 0.749261 0.749249 0.749236 0.749224 0.749212 0.749201 0.749191 0.749181 0.749173 0.749165 0.749159 0.749154 0.74915 0.749147 0.749145 0.749145 0.749146 0.749149 0.749152 0.749157 0.749163 
0.803158 0.803158 0.80316 0.803163 0.803168 0.803174 0.803181 0.803189 0.803199 0.803209 0.803221 0.803233 0.803246 0.80326 0.803274 0.803288 0.803303 0.803317 0.803331 0.803345 0.803358 0.803371 0.803383 0.803394 0.803405 0.803414 0.803422 0.803428 0.803434 0.803438 0.80344 0.803441 0.803441 0.803439 0.803436 0.803432 0.803426 0.803418 0.80341 0.8034 0.803389 0.803378 0.803365 0.803352 0.803339 0.803325 0.80331 0.803296 0.803282 0.803267 0.803254 0.80324 0.803227 0.803215 0.803204 0.803194 0.803185 0.803177 0.803171 0.803165 0.803161 0.803159 
0.848946 0.848938 0.848932 0.848927 0.848923 0.84892 0.848919 0.848919 0.84892 0.848923 0.848927 0.848932 0.848938 0.848946 0.848955 0.848964 0.848975 0.848986 0.848998 0.849011 0.849024 0.849037 0.849051 0.849064 0.849077 0.84909 0.849103 0.849115 0.849126 0.849136 0.849146 0.849155 0.849162 0.849169 0.849174 0.849178 0.849181 0.849182 0.849182 0.849181 0.849178 0.849174 0.849169 0.849162 0.849154 0.849146 0.849136 0.849125 0.849114 0.849102 0.849089 0.849076 0.849063 0.84905 0.849036 0.849023 0.84901 0.848997 0.848985 0.848974 0.848964 0.848954 
0.886474 0.886465 0.886455 0.886446 0.886438 0.88643 0.886423 0.886416 0.88641 0.886406 0.886402 0.886399 0.886397 0.886396 0.886397 0.886398 0.8864 0.886403 0.886407 0.886413 0.886419 0.886425 0.886433 0.886441 0.88645 0.886459 0.886468 0.886478 0.886488 0.886498 0.886508 0.886518 0.886528 0.886538 0.886547 0.886555 0.886563 0.88657 0.886577 0.886582 0.886587 0.886591 0.886594 0.886595 0.886596 0.886596 0.886595 0.886592 0.886589 0.886585 0.88658 0.886574 0.886567 0.88656 0.886551 0.886543 0.886533 0.886524 0.886514 0.886504 0.886494 0.886484 
0.915678 0.915673 0.915667 0.915661 0.915654 0.915647 0.91564 0.915633 0.915625 0.915618 0.915611 0.915603 0.915596 0.91559 0.915584 0.915578 0.915572 0.915568 0.915563 0.91556 0.915557 0.915555 0.915554 0.915553 0.915553 0.915554 0.915555 0.915558 0.915561 0.915564 0.915568 0.915573 0.915579 0.915585 0.915591 0.915598 0.915605 0.915612 0.915619 0.915626 0.915634 0.915641 0.915648 0.915655 0.915662 0.915668 0.915674 0.915679 0.915684 0.915688 0.915692 0.915695 0.915697 0.915698 0.915699 0.915699 0.915698 0.915696 0.915694 0.915691 0.915687 0.915683 
0.936527 0.936529 0.93653 0.93653 0.936529 0.936527 0.936524 0.93652 0.936516 0.93651 0.936504 0.936497 0.936489 0.936481 0.936472 0.936463 0.936454 0.936444 0.936434 0.936425 0.936415 0.936405 0.936396 0.936388 0.936379 0.936372 0.936365 0.936358 0.936353 0.936348 0.936344 0.936341 0.936339 0.936338 0.936338 0.936339 0.936341 0.936344 0.936348 0.936353 0.936358 0.936364 0.936371 0.936379 0.936387 0.936396 0.936405 0.936415 0.936424 0.936434 0.936444 0.936453 0.936463 0.936472 0.936481 0.936489 0.936497 0.936504 0.93651 0.936516 0.93652 0.936524 
0.949027 0.949035 0.949042 0.949048 0.949052 0.949055 0.949057 0.949057 0.949056 0.949054 0.94905 0.949045 0.949039 0.949031 0.949022 0.949012 0.949001 0.94899 0.948977 0.948964 0.948951 0.948937 0.948923 0.948909 0.948895 0.948881 0.948868 0.948855 0.948843 0.948832 0.948821 0.948812 0.948804 0.948797 0.948791 0.948786 0.948783 0.948781 0.948781 0.948782 0.948785 0.948789 0.948794 0.9488 0.948808 0.948817 0.948827 0.948838 0.94885 0.948862 0.948875 0.948889 0.948902 0.948916 0.94893 0.948944 0.948958 0.948971 0.948984 0.948996 0.949007 0.949017 
0.953198 0.953209 0.953218 0.953226 0.953233 0.953238 0.953241 0.953243 0.953243 0.953242 0.953239 0.953234 0.953228 0.95322 0.95321 0.9532 0.953188 0.953175 0.953161 0.953146 0.953131 0.953115 0.953099 0.953082 0.953066 0.95305 0.953034 0.953018 0.953003 0.952989 0.952976 0.952964 0.952953 0.952944 0.952936 0.952929 0.952924 0.952921 0.952919 0.952919 0.952921 0.952924 0.952929 0.952935 0.952943 0.952953 0.952963 0.952975 0.952988 0.953002 0.953017 0.953032 0.953048 0.953064 0.953081 0.953097 0.953114 0.953129 0.953145 0.95316 0.953174 0.953186 
0.949052 0.949061 0.949067 0.949073 0.949077 0.949079 0.949079 0.949078 0.949076 0.949071 0.949066 0.949058 0.949049 0.949039 0.949028 0.949016 0.949002 0.948988 0.948973 0.948957 0.948941 0.948925 0.948909 0.948893 0.948877 0.948861 0.948846 0.948832 0.948819 0.948807 0.948796 0.948786 0.948778 0.948771 0.948766 0.948762 0.94876 0.948759 0.948761 0.948763 0.948768 0.948774 0.948781 0.94879 0.9488 0.948812 0.948824 0.948838 0.948852 0.948867 0.948883 0.948898 0.948915 0.948931 0.948947 0.948963 0.948978 0.948993 0.949007 0.94902 0.949032 0.949043 
0.936578 0.936579 0.936579 0.936577 0.936574 0.936569 0.936563 0.936556 0.936547 0.936537 0.936527 0.936515 0.936502 0.936489 0.936475 0.936461 0.936446 0.936431 0.936417 0.936402 0.936388 0.936374 0.936361 0.936349 0.936338 0.936327 0.936318 0.93631 0.936303 0.936297 0.936293 0.936291 0.93629 0.93629 0.936292 0.936295 0.9363 0.936306 0.936313 0.936322 0.936332 0.936342 0.936354 0.936367 0.93638 0.936394 0.936408 0.936423 0.936438 0.936452 0.936467 0.936481 0.936494 0.936507 0.93652 0.936531 0.936542 0.936551 0.936559 0.936566 0.936571 0.936575 
0.915747 0.915738 0.915729 0.915718 0.915706 0.915694 0.915681 0.915667 0.915653 0.915638 0.915623 0.915609 0.915594 0.91558 0.915567 0.915554 0.915541 0.91553 0.91552 0.91551 0.915502 0.915495 0.91549 0.915486 0.915483 0.915482 0.915482 0.915484 0.915487 0.915492 0.915498 0.915505 0.915514 0.915524 0.915535 0.915546 0.915559 0.915572 0.915586 0.9156 0.915615 0.915629 0.915644 0.915658 0.915672 0.915686 0.915699 0.915711 0.915722 0.915733 0.915742 0.91575 0.915757 0.915762 0.915766 0.915769 0.91577 0.91577 0.915768 0.915765 0.91576 0.915754 
0.88654 0.886524 0.886507 0.88649 0.886473 0.886456 0.88644 0.886425 0.88641 0.886396 0.886383 0.886371 0.88636 0.886351 0.886344 0.886338 0.886333 0.88633 0.886329 0.88633 0.886333 0.886337 0.886342 0.88635 0.886359 0.886369 0.886381 0.886393 0.886407 0.886422 0.886437 0.886454 0.88647 0.886487 0.886504 0.886521 0.886537 0.886554 0.886569 0.886584 0.886598 0.886611 0.886623 0.886633 0.886642 0.88665 0.886656 0.88666 0.886663 0.886664 0.886663 0.886661 0.886656 0.886651 0.886643 0.886634 0.886624 0.886612 0.8866 0.886586 0.886571 0.886556 
0.848977 0.84896 0.848943 0.848928 0.848914 0.848901 0.84889 0.84888 0.848872 0.848866 0.848862 0.84886 0.848859 0.848861 0.848865 0.84887 0.848878 0.848887 0.848898 0.84891 0.848924 0.848939 0.848956 0.848973 0.848991 0.84901 0.849029 0.849048 0.849068 0.849087 0.849106 0.849124 0.849142 0.849158 0.849174 0.849188 0.849201 0.849212 0.849222 0.849229 0.849235 0.84924 0.849242 0.849242 0.84924 0.849236 0.849231 0.849223 0.849214 0.849203 0.849191 0.849177 0.849161 0.849145 0.849128 0.84911 0.849091 0.849072 0.849052 0.849033 0.849014 0.848995 
0.803131 0.803122 0.803114 0.803109 0.803105 0.803103 0.803104 0.803106 0.80311 0.803117 0.803125 0.803135 0.803146 0.80316 0.803174 0.80319 0.803207 0.803225 0.803244 0.803263 0.803283 0.803303 0.803323 0.803343 0.803362 0.80338 0.803398 0.803415 0.803431 0.803445 0.803457 0.803469 0.803478 0.803486 0.803491 0.803495 0.803496 0.803496 0.803494 0.803489 0.803483 0.803475 0.803465 0.803453 0.80344 0.803425 0.803409 0.803392 0.803374 0.803355 0.803336 0.803316 0.803296 0.803276 0.803256 0.803237 0.803219 0.803201 0.803184 0.803169 0.803155 0.803142 
0.749097 0.7491 0.749105 0.749112 0.74912 0.74913 0.749141 0.749154 0.749168 0.749183 0.749199 0.749215 0.749233 0.74925 0.749268 0.749286 0.749304 0.749322 0.749338 0.749355 0.74937 0.749385 0.749398 0.74941 0.74942 0.749429 0.749437 0.749443 0.749447 0.749449 0.749449 0.749448 0.749444 0.749439 0.749433 0.749424 0.749414 0.749403 0.74939 0.749376 0.749361 0.749345 0.749328 0.749311 0.749293 0.749275 0.749257 0.749239 0.749222 0.749205 0.749189 0.749173 0.749159 0.749146 0.749134 0.749123 0.749114 0.749107 0.749102 0.749098 0.749096 0.749095 
0.686938 0.68695 0.686962 0.686974 0.686987 0.687001 0.687015 0.687029 0.687043 0.687057 0.68707 0.687084 0.687096 0.687108 0.687119 0.687129 0.687138 0.687146 0.687153 0.687158 0.687162 0.687165 0.687166 0.687166 0.687164 0.687161 0.687157 0.687151 0.687144 0.687136 0.687127 0.687116 0.687105 0.687093 0.68708 0.687067 0.687053 0.687039 0.687025 0.687011 0.686997 0.686984 0.686971 0.686958 0.686946 0.686935 0.686925 0.686916 0.686909 0.686902 0.686897 0.686893 0.68689 0.686889 0.686889 0.686891 0.686894 0.686898 0.686904 0.686911 0.686919 0.686929 
0.616703 0.616712 0.616721 0.61673 0.616738 0.616746 0.616753 0.616759 0.616765 0.61677 0.616774 0.616778 0.61678 0.616781 0.616782 0.616781 0.61678 0.616777 0.616774 0.61677 0.616765 0.616759 0.616752 0.616745 0.616737 0.616729 0.61672 0.616711 0.616702 0.616692 0.616683 0.616673 0.616664 0.616655 0.616646 0.616638 0.61663 0.616623 0.616616 0.61661 0.616605 0.616601 0.616598 0.616596 0.616594 0.616594 0.616595 0.616596 0.616599 0.616602 0.616606 0.616611 0.616617 0.616624 0.616631 0.616639 0.616648 0.616656 0.616665 0.616675 0.616684 0.616693 
0.538535 0.538537 0.538538 0.538539 0.538539 0.538538 0.538537 0.538536 0.538534 0.538531 0.538528 0.538524 0.53852 0.538516 0.538511 0.538506 0.538501 0.538495 0.53849 0.538484 0.538479 0.538473 0.538467 0.538462 0.538457 0.538452 0.538448 0.538443 0.53844 0.538436 0.538433 0.538431 0.538429 0.538428 0.538427 0.538427 0.538428 0.538429 0.53843 0.538432 0.538435 0.538438 0.538442 0.538446 0.53845 0.538455 0.53846 0.538466 0.538471 0.538477 0.538482 0.538488 0.538494 0.538499 0.538504 0.53851 0.538514 0.538519 0.538523 0.538527 0.53853 0.538533 
0.452835 0.452832 0.452829 0.452826 0.452823 0.452819 0.452816 0.452812 0.452809 0.452806 0.452803 0.452799 0.452796 0.452794 0.452791 0.452789 0.452787 0.452785 0.452783 0.452782 0.452781 0.452781 0.45278 0.452781 0.452781 0.452782 0.452783 0.452785 0.452787 0.452789 0.452791 0.452794 0.452796 0.452799 0.452803 0.452806 0.452809 0.452813 0.452816 0.45282 0.452823 0.452826 0.452829 0.452832 0.452835 0.452838 0.45284 0.452842 0.452844 0.452846 0.452847 0.452848 0.452848 0.452848 0.452848 0.452847 0.452847 0.452845 0.452844 0.452842 0.45284 0.452837 
0.360314 0.360312 0.36031 0.360309 0.360307 0.360306 0.360306 0.360305 0.360305 0.360305 0.360305 0.360305 0.360306 0.360307 0.360308 0.360309 0.360311 0.360313 0.360315 0.360317 0.360319 0.360321 0.360324 0.360326 0.360329 0.360331 0.360334 0.360336 0.360339 0.360341 0.360343 0.360345 0.360347 0.360349 0.36035 0.360352 0.360353 0.360354 0.360354 0.360355 0.360355 0.360354 0.360354 0.360353 0.360352 0.360351 0.36035 0.360348 0.360346 0.360344 0.360342 0.36034 0.360338 0.360335 0.360333 0.36033 0.360328 0.360325 0.360323 0.36032 0.360318 0.360316 
0.261974 0.261975 0.261976 0.261977 0.261978 0.261979 0.261981 0.261982 0.261984 0.261985 0.261987 0.261989 0.261991 0.261993 0.261995 0.261997 0.261999 0.262 0.262002 0.262004 0.262005 0.262007 0.262008 0.262009 0.26201 0.262011 0.262012 0.262012 0.262012 0.262012 0.262012 0.262012 0.262011 0.26201 0.26201 0.262008 0.262007 0.262006 0.262004 0.262003 0.262001 0.261999 0.261997 0.261995 0.261993 0.261991 0.261989 0.261987 0.261986 0.261984 0.261982 0.261981 0.261979 0.261978 0.261977 0.261976 0.261975 0.261974 0.261974 0.261974 0.261974 0.261974 
0.159117 0.159119 0.15912 0.159121 0.159122 0.159124 0.159125 0.159126 0.159128 0.159129 0.15913 0.159131 0.159132 0.159133 0.159134 0.159134 0.159135 0.159135 0.159136 0.159136 0.159136 0.159136 0.159136 0.159135 0.159135 0.159134 0.159134 0.159133 0.159132 0.159131 0.15913 0.159129 0.159128 0.159127 0.159125 0.159124 0.159123 0.159121 0.15912 0.159119 0.159118 0.159116 0.159115 0.159114 0.159114 0.159113 0.159112 0.159111 0.159111 0.159111 0.15911 0.15911 0.15911 0.159111 0.159111 0.159111 0.159112 0.159113 0.159113 0.159114 0.159115 0.159116 
0.0533707 0.0533712 0.0533716 0.053372 0.0533724 0.0533728 0.0533732 0.0533736 0.0533739 0.0533742 0.0533745 0.0533748 0.053375 0.0533751 0.0533753 0.0533754 0.0533754 0.0533754 0.0533754 0.0533753 0.0533752 0.053375 0.0533748 0.0533745 0.0533742 0.0533739 0.0533736 0.0533732 0.0533728 0.0533724 0.0533719 0.0533715 0.0533711 0.0533706 0.0533702 0.0533698 0.0533693 0.0533689 0.0533686 0.0533682 0.0533679 0.0533676 0.0533674 0.0533672 0.053367 0.0533669 0.0533668 0.0533667 0.0533667 0.0533668 0.0533669 0.053367 0.0533672 0.0533674 0.0533677 0.0533679 0.0533683 0.0533686 0.053369 0.0533694 0.0533698 0.0533703 
