0.0516101 0.0516102 0.0516103 0.0516103 0.0516104 0.0516105 0.0516107 0.0516108 0.0516109 0.0516111 0.0516112 0.0516113 0.0516115 0.0516116 0.0516117 0.0516119 0.051612 0.0516121 0.0516122 0.0516123 0.0516124 0.0516125 0.0516126 0.0516126 0.0516126 0.0516127 0.0516127 0.0516127 0.0516127 0.0516126 0.0516126 0.0516125 0.0516125 0.0516124 0.0516123 0.0516122 0.0516121 0.0516119 0.0516118 0.0516117 0.0516115 0.0516114 0.0516113 0.0516111 0.051611 0.0516109 0.0516107 0.0516106 0.0516105 0.0516104 0.0516103 0.0516102 0.0516101 0.0516101 0.05161 0.05161 0.0516099 0.0516099 0.0516099 0.05161 0.05161 0.0516101 
0.153977 0.153977 0.153978 0.153978 0.153978 0.153978 0.153978 0.153978 0.153978 0.153979 0.153979 0.153979 0.153979 0.153979 0.153979 0.15398 0.15398 0.15398 0.15398 0.15398 0.15398 0.153981 0.153981 0.153981 0.153981 0.153981 0.153981 0.153981 0.153981 0.153981 0.153981 0.153981 0.153981 0.153981 0.15398 0.15398 0.15398 0.15398 0.15398 0.15398 0.153979 0.153979 0.153979 0.153979 0.153979 0.153978 0.153978 0.153978 0.153978 0.153978 0.153978 0.153978 0.153977 0.153977 0.153977 0.153977 0.153977 0.153977 0.153977 0.153977 0.153977 0.153977 
0.253838 0.253838 0.253838 0.253838 0.253838 0.253838 0.253838 0.253838 0.253838 0.253838 0.253838 0.253838 0.253839 0.253839 0.253839 0.253839 0.253839 0.253839 0.253839 0.253839 0.253839 0.253839 0.253839 0.25384 0.25384 0.25384 0.25384 0.25384 0.25384 0.25384 0.25384 0.25384 0.253839 0.253839 0.253839 0.253839 0.253839 0.253839 0.253839 0.253839 0.253839 0.253839 0.253839 0.253839 0.253838 0.253838 0.253838 0.253838 0.253838 0.253838 0.253838 0.253838 0.253838 0.253838 0.253838 0.253838 0.253838 0.253838 0.253838 0.253838 0.253838 0.253838 
0.349696 0.349696 0.349696 0.349696 0.349696 0.349696 0.349696 0.349696 0.349696 0.349696 0.349696 0.349696 0.349696 0.349697 0.349697 0.349696 0.349696 0.349696 0.349696 0.349696 0.349696 0.349696 0.349696 0.349696 0.349696 0.349696 0.349696 0.349696 0.349696 0.349696 0.349696 0.349696 0.349696 0.349695 0.349695 0.349695 0.349695 0.349695 0.349695 0.349695 0.349695 0.349695 0.349695 0.349695 0.349695 0.349695 0.349695 0.349695 0.349695 0.349695 0.349695 0.349695 0.349695 0.349695 0.349695 0.349695 0.349695 0.349695 0.349695 0.349695 0.349696 0.349696 
0.440287 0.440288 0.440288 0.440288 0.440288 0.440288 0.440288 0.440288 0.440288 0.440288 0.440288 0.440288 0.440288 0.440288 0.440288 0.440288 0.440288 0.440287 0.440287 0.440287 0.440287 0.440287 0.440287 0.440287 0.440287 0.440286 0.440286 0.440286 0.440286 0.440286 0.440286 0.440286 0.440286 0.440286 0.440285 0.440285 0.440285 0.440285 0.440285 0.440285 0.440285 0.440285 0.440285 0.440285 0.440285 0.440285 0.440285 0.440286 0.440286 0.440286 0.440286 0.440286 0.440286 0.440286 0.440286 0.440287 0.440287 0.440287 0.440287 0.440287 0.440287 0.440287 
0.524616 0.524616 0.524616 0.524617 0.524616 0.524616 0.524616 0.524616 0.524616 0.524616 0.524615 0.524615 0.524615 0.524614 0.524614 0.524613 0.524613 0.524612 0.524611 0.524611 0.52461 0.52461 0.524609 0.524609 0.524608 0.524608 0.524607 0.524607 0.524607 0.524606 0.524606 0.524606 0.524606 0.524606 0.524606 0.524606 0.524606 0.524606 0.524606 0.524606 0.524606 0.524607 0.524607 0.524608 0.524608 0.524609 0.524609 0.52461 0.52461 0.524611 0.524611 0.524612 0.524612 0.524613 0.524613 0.524614 0.524614 0.524615 0.524615 0.524615 0.524616 0.524616 
0.601939 0.60194 0.601941 0.601942 0.601943 0.601943 0.601943 0.601944 0.601943 0.601943 0.601943 0.601942 0.601942 0.601941 0.60194 0.601939 0.601937 0.601936 0.601935 0.601933 0.601931 0.60193 0.601928 0.601926 0.601925 0.601923 0.601921 0.60192 0.601918 0.601917 0.601915 0.601914 0.601913 0.601912 0.601911 0.601911 0.60191 0.60191 0.60191 0.60191 0.60191 0.601911 0.601911 0.601912 0.601913 0.601914 0.601915 0.601916 0.601918 0.601919 0.601921 0.601922 0.601924 0.601926 0.601927 0.601929 0.601931 0.601932 0.601934 0.601935 0.601937 0.601938 
0.671726 0.671729 0.671732 0.671735 0.671738 0.671741 0.671743 0.671745 0.671747 0.671749 0.67175 0.671751 0.671751 0.671751 0.671751 0.67175 0.67175 0.671748 0.671747 0.671745 0.671743 0.67174 0.671738 0.671735 0.671732 0.671729 0.671725 0.671722 0.671718 0.671715 0.671711 0.671708 0.671705 0.671702 0.671699 0.671696 0.671693 0.671691 0.671689 0.671687 0.671686 0.671684 0.671684 0.671683 0.671683 0.671683 0.671684 0.671685 0.671686 0.671688 0.671689 0.671692 0.671694 0.671697 0.6717 0.671703 0.671706 0.671709 0.671712 0.671716 0.671719 0.671723 
0.733627 0.733632 0.733638 0.733643 0.733648 0.733654 0.733659 0.733664 0.733669 0.733673 0.733678 0.733682 0.733685 0.733688 0.733691 0.733693 0.733695 0.733696 0.733697 0.733697 0.733696 0.733696 0.733694 0.733692 0.733689 0.733686 0.733683 0.733679 0.733675 0.73367 0.733666 0.733661 0.733655 0.73365 0.733645 0.733639 0.733634 0.733629 0.733624 0.733619 0.733614 0.73361 0.733606 0.733602 0.733599 0.733597 0.733594 0.733593 0.733592 0.733591 0.733591 0.733591 0.733593 0.733594 0.733596 0.733599 0.733602 0.733605 0.733609 0.733613 0.733618 0.733622 
0.787448 0.787453 0.787458 0.787463 0.787469 0.787475 0.787481 0.787488 0.787494 0.787501 0.787508 0.787514 0.787521 0.787527 0.787533 0.787539 0.787544 0.787548 0.787553 0.787556 0.787559 0.787562 0.787564 0.787565 0.787565 0.787565 0.787564 0.787563 0.78756 0.787558 0.787554 0.78755 0.787545 0.78754 0.787535 0.787529 0.787523 0.787517 0.78751 0.787503 0.787497 0.78749 0.787483 0.787477 0.787471 0.787465 0.787459 0.787454 0.787449 0.787445 0.787442 0.787439 0.787436 0.787434 0.787433 0.787433 0.787433 0.787434 0.787436 0.787438 0.787441 0.787444 
0.833096 0.833098 0.8331 0.833102 0.833106 0.833109 0.833114 0.833119 0.833124 0.83313 0.833136 0.833142 0.833148 0.833155 0.833162 0.833168 0.833175 0.833181 0.833188 0.833194 0.833199 0.833205 0.833209 0.833214 0.833218 0.833221 0.833223 0.833225 0.833227 0.833227 0.833227 0.833227 0.833225 0.833223 0.833221 0.833217 0.833213 0.833209 0.833204 0.833199 0.833193 0.833187 0.833181 0.833174 0.833168 0.833161 0.833154 0.833148 0.833141 0.833135 0.833129 0.833123 0.833118 0.833113 0.833109 0.833105 0.833102 0.833099 0.833097 0.833096 0.833096 0.833096 
0.87052 0.870519 0.870517 0.870516 0.870516 0.870516 0.870517 0.870518 0.87052 0.870522 0.870524 0.870527 0.870531 0.870534 0.870538 0.870543 0.870547 0.870552 0.870557 0.870562 0.870567 0.870572 0.870576 0.870581 0.870586 0.87059 0.870594 0.870598 0.870602 0.870605 0.870607 0.870609 0.870611 0.870613 0.870613 0.870614 0.870614 0.870613 0.870612 0.87061 0.870608 0.870605 0.870602 0.870599 0.870595 0.870591 0.870587 0.870582 0.870578 0.870573 0.870568 0.870563 0.870558 0.870553 0.870548 0.870544 0.87054 0.870535 0.870532 0.870528 0.870525 0.870523 
0.899675 0.899672 0.899669 0.899667 0.899664 0.899662 0.89966 0.899658 0.899656 0.899654 0.899653 0.899652 0.89965 0.89965 0.89965 0.899649 0.899649 0.89965 0.89965 0.89965 0.899652 0.899654 0.899655 0.899656 0.899659 0.899662 0.899662 0.899665 0.899669 0.899671 0.899672 0.899675 0.899679 0.899681 0.899682 0.899686 0.899689 0.899691 0.899692 0.899694 0.899697 0.899697 0.899698 0.8997 0.899701 0.899701 0.899701 0.899701 0.899701 0.8997 0.899699 0.899698 0.899697 0.899695 0.899693 0.899692 0.899689 0.899687 0.899685 0.899682 0.899679 0.899677 
0.92052 0.92052 0.920517 0.920514 0.920515 0.920511 0.920505 0.920505 0.920502 0.920495 0.920491 0.92049 0.920484 0.920476 0.920475 0.920472 0.920463 0.920458 0.920459 0.920453 0.920444 0.920445 0.920446 0.920437 0.920432 0.920437 0.920435 0.920427 0.920427 0.920434 0.920431 0.920425 0.92043 0.920438 0.920435 0.920433 0.92044 0.920447 0.920445 0.920447 0.920456 0.920461 0.920461 0.920465 0.920473 0.920478 0.92048 0.920485 0.92049 0.920495 0.920498 0.920501 0.920506 0.92051 0.920511 0.920514 0.920518 0.920519 0.920518 0.920521 0.920522 0.920519 
0.933035 0.933038 0.933039 0.933035 0.933035 0.933035 0.93303 0.933025 0.933024 0.933019 0.933009 0.933005 0.933002 0.93299 0.932981 0.932979 0.932971 0.932956 0.932951 0.932948 0.932935 0.932924 0.932923 0.932918 0.932903 0.932898 0.9329 0.932893 0.932881 0.932882 0.932886 0.932878 0.932872 0.932879 0.932883 0.932877 0.932877 0.932887 0.932891 0.932889 0.932895 0.932906 0.932911 0.932914 0.932922 0.932932 0.93294 0.932946 0.932954 0.932964 0.932972 0.932978 0.932985 0.932995 0.933002 0.933006 0.933013 0.933021 0.933024 0.933027 0.933033 0.933035 
0.937217 0.937218 0.937218 0.937218 0.937217 0.937214 0.937211 0.937207 0.937202 0.937195 0.937188 0.937181 0.937172 0.937163 0.937155 0.937145 0.937134 0.937124 0.937115 0.937104 0.937094 0.937085 0.937075 0.937066 0.937057 0.93705 0.937043 0.937036 0.937031 0.937027 0.937023 0.93702 0.937019 0.937018 0.937018 0.937019 0.937023 0.937026 0.93703 0.937035 0.937042 0.937049 0.937056 0.937065 0.937074 0.937083 0.937092 0.937103 0.937113 0.937122 0.937133 0.937143 0.937153 0.937161 0.937171 0.93718 0.937187 0.937194 0.937201 0.937206 0.93721 0.937214 
0.933061 0.933057 0.933055 0.933056 0.933051 0.933044 0.933041 0.933037 0.933026 0.933018 0.933014 0.933003 0.932989 0.932984 0.932977 0.93296 0.93295 0.932946 0.932934 0.932918 0.932913 0.932909 0.932894 0.932883 0.932884 0.932878 0.932864 0.932862 0.932866 0.93286 0.932851 0.932856 0.932863 0.932857 0.932855 0.932866 0.932874 0.932872 0.932876 0.932891 0.932899 0.932901 0.93291 0.932925 0.932934 0.93294 0.932951 0.932964 0.932974 0.932981 0.932991 0.933004 0.933012 0.933018 0.933026 0.933036 0.933041 0.933044 0.933051 0.933055 0.933055 0.933058 
0.920557 0.920551 0.920547 0.920542 0.920532 0.920526 0.92052 0.920509 0.920499 0.920494 0.920484 0.920471 0.920464 0.920458 0.920445 0.920434 0.920431 0.920424 0.920411 0.920406 0.920406 0.920396 0.920388 0.92039 0.92039 0.920382 0.92038 0.920388 0.920388 0.920383 0.920388 0.920399 0.9204 0.920399 0.92041 0.920422 0.920424 0.920429 0.920442 0.920454 0.920458 0.920466 0.920479 0.920489 0.920495 0.920504 0.920514 0.920523 0.920529 0.920536 0.920544 0.920551 0.920554 0.920558 0.920563 0.920566 0.920565 0.920567 0.920568 0.920565 0.920563 0.920562 
0.899709 0.8997 0.899692 0.899682 0.899673 0.899665 0.899655 0.899646 0.899638 0.89963 0.899622 0.899615 0.899609 0.899603 0.899597 0.899594 0.899591 0.899587 0.899586 0.899586 0.899586 0.899586 0.899589 0.899593 0.899595 0.899599 0.899606 0.899613 0.899618 0.899625 0.899635 0.899643 0.89965 0.899659 0.89967 0.899678 0.899686 0.899696 0.899705 0.899713 0.899721 0.899729 0.899736 0.899742 0.899748 0.899753 0.899757 0.899761 0.899763 0.899765 0.899766 0.899765 0.899764 0.899762 0.899759 0.899755 0.89975 0.899745 0.899739 0.899732 0.899725 0.899717 
0.870532 0.870522 0.870514 0.870505 0.870497 0.87049 0.870484 0.870479 0.870474 0.87047 0.870468 0.870466 0.870465 0.870466 0.870467 0.870469 0.870473 0.870477 0.870482 0.870489 0.870495 0.870503 0.870511 0.87052 0.870529 0.870539 0.870549 0.870559 0.870569 0.870579 0.870589 0.870599 0.870608 0.870617 0.870626 0.870633 0.87064 0.870646 0.870652 0.870657 0.87066 0.870663 0.870665 0.870665 0.870665 0.870663 0.870661 0.870657 0.870653 0.870648 0.870642 0.870635 0.870627 0.870619 0.87061 0.870601 0.870591 0.870581 0.870571 0.870561 0.870551 0.870541 
0.833073 0.833067 0.833063 0.833059 0.833057 0.833055 0.833055 0.833055 0.833057 0.83306 0.833064 0.833069 0.833075 0.833082 0.833089 0.833098 0.833107 0.833116 0.833126 0.833137 0.833148 0.833158 0.833169 0.83318 0.833191 0.833201 0.833211 0.83322 0.833229 0.833237 0.833244 0.833251 0.833256 0.833261 0.833265 0.833267 0.833268 0.833269 0.833268 0.833266 0.833263 0.833259 0.833254 0.833248 0.833241 0.833234 0.833225 0.833216 0.833207 0.833197 0.833186 0.833176 0.833165 0.833154 0.833143 0.833133 0.833122 0.833112 0.833103 0.833094 0.833086 0.833079 
0.787399 0.787399 0.787401 0.787404 0.787407 0.787412 0.787418 0.787424 0.787431 0.787439 0.787448 0.787457 0.787466 0.787476 0.787486 0.787496 0.787506 0.787517 0.787527 0.787536 0.787546 0.787554 0.787563 0.78757 0.787577 0.787583 0.787588 0.787593 0.787596 0.787598 0.7876 0.7876 0.787599 0.787598 0.787595 0.787591 0.787586 0.787581 0.787574 0.787567 0.787559 0.787551 0.787542 0.787532 0.787522 0.787512 0.787502 0.787492 0.787482 0.787472 0.787462 0.787453 0.787444 0.787436 0.787428 0.787421 0.787415 0.78741 0.787406 0.787402 0.7874 0.787399 
0.733579 0.733584 0.73359 0.733596 0.733603 0.73361 0.733618 0.733626 0.733634 0.733642 0.733651 0.733659 0.733667 0.733675 0.733682 0.733689 0.733696 0.733702 0.733707 0.733712 0.733716 0.73372 0.733722 0.733724 0.733725 0.733725 0.733725 0.733723 0.733721 0.733718 0.733714 0.733709 0.733704 0.733698 0.733692 0.733685 0.733678 0.73367 0.733662 0.733654 0.733646 0.733637 0.733629 0.733621 0.733613 0.733606 0.733599 0.733592 0.733586 0.733581 0.733576 0.733572 0.733568 0.733566 0.733564 0.733563 0.733563 0.733564 0.733565 0.733568 0.733571 0.733574 
0.671701 0.671707 0.671712 0.671718 0.671723 0.671729 0.671734 0.671739 0.671744 0.671749 0.671753 0.671757 0.671761 0.671764 0.671767 0.671769 0.671771 0.671772 0.671772 0.671772 0.671772 0.67177 0.671769 0.671767 0.671764 0.671761 0.671757 0.671753 0.671748 0.671744 0.671739 0.671733 0.671728 0.671722 0.671717 0.671711 0.671706 0.6717 0.671695 0.67169 0.671685 0.671681 0.671677 0.671673 0.67167 0.671668 0.671666 0.671664 0.671663 0.671662 0.671662 0.671663 0.671664 0.671666 0.671668 0.671671 0.671674 0.671678 0.671682 0.671686 0.671691 0.671696 
0.601937 0.601939 0.601942 0.601945 0.601947 0.601949 0.601951 0.601953 0.601954 0.601955 0.601956 0.601956 0.601957 0.601957 0.601956 0.601956 0.601955 0.601953 0.601952 0.60195 0.601948 0.601946 0.601943 0.601941 0.601938 0.601935 0.601932 0.601929 0.601926 0.601923 0.60192 0.601917 0.601914 0.601912 0.601909 0.601907 0.601905 0.601903 0.601901 0.6019 0.601899 0.601898 0.601897 0.601897 0.601897 0.601898 0.601898 0.601899 0.601901 0.601902 0.601904 0.601906 0.601908 0.601911 0.601913 0.601916 0.601919 0.601922 0.601925 0.601928 0.601931 0.601934 
0.52462 0.524621 0.524621 0.524622 0.524622 0.524622 0.524623 0.524623 0.524622 0.524622 0.524622 0.524622 0.524621 0.52462 0.52462 0.524619 0.524618 0.524617 0.524616 0.524615 0.524614 0.524613 0.524612 0.52461 0.524609 0.524608 0.524607 0.524606 0.524605 0.524604 0.524603 0.524602 0.524602 0.524601 0.5246 0.5246 0.5246 0.5246 0.5246 0.5246 0.5246 0.5246 0.524601 0.524601 0.524602 0.524603 0.524603 0.524604 0.524605 0.524606 0.524607 0.524608 0.52461 0.524611 0.524612 0.524613 0.524614 0.524615 0.524616 0.524617 0.524618 0.524619 
0.440288 0.440289 0.440289 0.440289 0.440289 0.440289 0.440289 0.440289 0.44029 0.44029 0.44029 0.44029 0.440289 0.440289 0.440289 0.440289 0.440289 0.440289 0.440288 0.440288 0.440288 0.440288 0.440287 0.440287 0.440287 0.440286 0.440286 0.440286 0.440286 0.440285 0.440285 0.440285 0.440285 0.440284 0.440284 0.440284 0.440284 0.440284 0.440284 0.440284 0.440284 0.440284 0.440284 0.440284 0.440284 0.440284 0.440284 0.440284 0.440285 0.440285 0.440285 0.440285 0.440286 0.440286 0.440286 0.440286 0.440287 0.440287 0.440287 0.440288 0.440288 0.440288 
0.349696 0.349696 0.349697 0.349697 0.349697 0.349697 0.349698 0.349698 0.349698 0.349698 0.349698 0.349698 0.349698 0.349699 0.349699 0.349698 0.349698 0.349698 0.349698 0.349698 0.349698 0.349698 0.349698 0.349697 0.349697 0.349697 0.349697 0.349696 0.349696 0.349696 0.349695 0.349695 0.349695 0.349695 0.349694 0.349694 0.349694 0.349694 0.349694 0.349693 0.349693 0.349693 0.349693 0.349693 0.349693 0.349693 0.349693 0.349693 0.349693 0.349693 0.349693 0.349693 0.349694 0.349694 0.349694 0.349694 0.349694 0.349695 0.349695 0.349695 0.349696 0.349696 
0.25384 0.25384 0.25384 0.25384 0.25384 0.25384 0.25384 0.25384 0.25384 0.25384 0.25384 0.25384 0.25384 0.25384 0.25384 0.25384 0.25384 0.25384 0.25384 0.253839 0.253839 0.253839 0.253839 0.253839 0.253839 0.253838 0.253838 0.253838 0.253838 0.253838 0.253838 0.253838 0.253837 0.253837 0.253837 0.253837 0.253837 0.253837 0.253837 0.253837 0.253837 0.253837 0.253837 0.253837 0.253837 0.253837 0.253837 0.253837 0.253837 0.253838 0.253838 0.253838 0.253838 0.253838 0.253838 0.253838 0.253839 0.253839 0.253839 0.253839 0.253839 0.253839 
0.153979 0.153979 0.153979 0.153979 0.153979 0.153979 0.153979 0.153979 0.153979 0.153979 0.153979 0.153979 0.153979 0.153979 0.153979 0.153979 0.153979 0.153979 0.153979 0.153979 0.153979 0.153979 0.153979 0.153979 0.153979 0.153979 0.153979 0.153979 0.153979 0.153979 0.153979 0.153979 0.153979 0.153979 0.153979 0.153979 0.153979 0.153979 0.153979 0.153979 0.153979 0.153979 0.153979 0.153979 0.153979 0.153979 0.153979 0.153979 0.153979 0.153979 0.153979 0.153979 0.153979 0.153979 0.153979 0.153979 0.153979 0.153979 0.153979 0.153979 0.153979 0.153979 
0.0516106 0.0516106 0.0516106 0.0516106 0.0516106 0.0516106 0.0516106 0.0516107 0.0516107 0.0516108 0.0516108 0.0516109 0.0516109 0.051611 0.0516111 0.0516112 0.0516113 0.0516113 0.0516114 0.0516115 0.0516116 0.0516116 0.0516117 0.0516118 0.0516118 0.0516119 0.0516119 0.051612 0.051612 0.051612 0.0516121 0.0516121 0.0516121 0.0516121 0.0516121 0.051612 0.051612 0.051612 0.0516119 0.0516119 0.0516118 0.0516118 0.0516117 0.0516116 0.0516116 0.0516115 0.0516114 0.0516113 0.0516113 0.0516112 0.0516111 0.051611 0.051611 0.0516109 0.0516108 0.0516108 0.0516107 0.0516107 0.0516106 0.0516106 0.0516106 0.0516106 
