0.0512068 0.0512067 0.0512067 0.0512066 0.0512066 0.0512065 0.0512065 0.0512065 0.0512065 0.0512065 0.0512065 0.0512066 0.0512066 0.0512067 0.0512068 0.0512069 0.051207 0.0512071 0.0512072 0.0512073 0.0512074 0.0512075 0.0512076 0.0512078 0.0512079 0.051208 0.0512081 0.0512082 0.0512084 0.0512085 0.0512086 0.0512086 0.0512087 0.0512088 0.0512088 0.0512089 0.0512089 0.0512089 0.0512089 0.0512089 0.0512089 0.0512089 0.0512088 0.0512088 0.0512087 0.0512086 0.0512085 0.0512084 0.0512083 0.0512082 0.0512081 0.051208 0.0512079 0.0512077 0.0512076 0.0512075 0.0512074 0.0512073 0.0512072 0.0512071 0.051207 0.0512069 
0.152793 0.152792 0.152792 0.152792 0.152792 0.152792 0.152792 0.152792 0.152792 0.152792 0.152792 0.152792 0.152792 0.152792 0.152793 0.152793 0.152793 0.152793 0.152793 0.152793 0.152794 0.152794 0.152794 0.152794 0.152795 0.152795 0.152795 0.152795 0.152795 0.152795 0.152796 0.152796 0.152796 0.152796 0.152796 0.152796 0.152796 0.152796 0.152796 0.152796 0.152796 0.152796 0.152796 0.152796 0.152796 0.152796 0.152795 0.152795 0.152795 0.152795 0.152795 0.152795 0.152794 0.152794 0.152794 0.152794 0.152794 0.152793 0.152793 0.152793 0.152793 0.152793 
0.251944 0.251944 0.251944 0.251944 0.251944 0.251944 0.251944 0.251944 0.251943 0.251943 0.251943 0.251943 0.251944 0.251944 0.251944 0.251944 0.251944 0.251944 0.251944 0.251944 0.251944 0.251945 0.251945 0.251945 0.251945 0.251945 0.251946 0.251946 0.251946 0.251946 0.251946 0.251946 0.251947 0.251947 0.251947 0.251947 0.251947 0.251947 0.251947 0.251947 0.251947 0.251947 0.251947 0.251947 0.251947 0.251947 0.251947 0.251947 0.251947 0.251946 0.251946 0.251946 0.251946 0.251946 0.251946 0.251945 0.251945 0.251945 0.251945 0.251945 0.251944 0.251944 
0.3472 0.3472 0.3472 0.3472 0.3472 0.347199 0.347199 0.347199 0.347199 0.347199 0.347199 0.347199 0.347199 0.347199 0.347199 0.347199 0.347199 0.347199 0.347199 0.347199 0.3472 0.3472 0.3472 0.3472 0.3472 0.3472 0.3472 0.3472 0.3472 0.3472 0.347201 0.347201 0.347201 0.347201 0.347201 0.347201 0.347201 0.347201 0.347201 0.347201 0.347201 0.347201 0.347201 0.347201 0.347201 0.347201 0.347201 0.347201 0.347201 0.347201 0.347201 0.347201 0.347201 0.347201 0.347201 0.347201 0.3472 0.3472 0.3472 0.3472 0.3472 0.3472 
0.437311 0.437311 0.437311 0.437312 0.437312 0.437312 0.437312 0.437312 0.437312 0.437312 0.437312 0.437312 0.437312 0.437312 0.437312 0.437312 0.437312 0.437312 0.437312 0.437312 0.437312 0.437312 0.437312 0.437312 0.437311 0.437311 0.437311 0.437311 0.437311 0.437311 0.437311 0.437311 0.437311 0.437311 0.437311 0.437311 0.437311 0.43731 0.43731 0.43731 0.43731 0.43731 0.43731 0.43731 0.43731 0.43731 0.43731 0.43731 0.43731 0.43731 0.43731 0.43731 0.437311 0.437311 0.437311 0.437311 0.437311 0.437311 0.437311 0.437311 0.437311 0.437311 
0.521275 0.521276 0.521276 0.521277 0.521278 0.521278 0.521279 0.521279 0.521279 0.52128 0.52128 0.521281 0.521281 0.521281 0.521281 0.521282 0.521282 0.521282 0.521282 0.521281 0.521281 0.521281 0.521281 0.521281 0.52128 0.52128 0.521279 0.521279 0.521278 0.521278 0.521277 0.521277 0.521276 0.521276 0.521275 0.521275 0.521274 0.521274 0.521273 0.521273 0.521272 0.521272 0.521272 0.521271 0.521271 0.521271 0.521271 0.521271 0.521271 0.521271 0.521271 0.521271 0.521271 0.521271 0.521272 0.521272 0.521273 0.521273 0.521273 0.521274 0.521274 0.521275 
0.59833 0.598331 0.598333 0.598334 0.598336 0.598337 0.598339 0.59834 0.598341 0.598343 0.598344 0.598346 0.598347 0.598348 0.598349 0.59835 0.598351 0.598352 0.598353 0.598353 0.598354 0.598354 0.598354 0.598354 0.598353 0.598353 0.598352 0.598352 0.598351 0.59835 0.598349 0.598348 0.598346 0.598345 0.598344 0.598342 0.598341 0.598339 0.598338 0.598336 0.598335 0.598333 0.598332 0.598331 0.59833 0.598329 0.598328 0.598327 0.598326 0.598325 0.598325 0.598324 0.598324 0.598324 0.598324 0.598325 0.598325 0.598326 0.598326 0.598327 0.598328 0.598329 
0.667935 0.667936 0.667938 0.667939 0.667941 0.667943 0.667946 0.667948 0.667951 0.667954 0.667957 0.66796 0.667963 0.667965 0.667968 0.667971 0.667974 0.667976 0.667979 0.667981 0.667983 0.667985 0.667987 0.667988 0.667989 0.66799 0.66799 0.667991 0.667991 0.66799 0.66799 0.667989 0.667987 0.667986 0.667984 0.667982 0.66798 0.667978 0.667975 0.667972 0.66797 0.667967 0.667964 0.667961 0.667958 0.667955 0.667952 0.66795 0.667947 0.667944 0.667942 0.66794 0.667938 0.667937 0.667935 0.667934 0.667934 0.667933 0.667933 0.667933 0.667933 0.667934 
0.72974 0.729739 0.729739 0.72974 0.72974 0.729742 0.729743 0.729745 0.729748 0.729751 0.729754 0.729757 0.729761 0.729765 0.72977 0.729774 0.729778 0.729783 0.729787 0.729792 0.729796 0.729801 0.729805 0.729809 0.729812 0.729816 0.729819 0.729821 0.729824 0.729826 0.729827 0.729828 0.729829 0.729829 0.729828 0.729827 0.729826 0.729825 0.729822 0.72982 0.729817 0.729814 0.72981 0.729806 0.729802 0.729798 0.729794 0.729789 0.729785 0.72978 0.729776 0.729771 0.729767 0.729763 0.729759 0.729755 0.729752 0.729749 0.729746 0.729744 0.729742 0.729741 
0.783535 0.783531 0.783528 0.783526 0.783524 0.783522 0.783522 0.783521 0.783522 0.783522 0.783524 0.783526 0.783528 0.783531 0.783535 0.783539 0.783543 0.783548 0.783552 0.783558 0.783563 0.783569 0.783574 0.78358 0.783586 0.783591 0.783597 0.783602 0.783607 0.783612 0.783616 0.78362 0.783623 0.783626 0.783629 0.783631 0.783632 0.783633 0.783633 0.783633 0.783632 0.783631 0.783629 0.783626 0.783623 0.78362 0.783616 0.783611 0.783607 0.783602 0.783597 0.783591 0.783586 0.78358 0.783574 0.783569 0.783563 0.783558 0.783552 0.783547 0.783543 0.783539 
0.829186 0.829181 0.829176 0.829171 0.829167 0.829163 0.829159 0.829156 0.829154 0.829152 0.82915 0.82915 0.829149 0.829149 0.82915 0.829152 0.829154 0.829156 0.829159 0.829163 0.829166 0.829171 0.829175 0.82918 0.829186 0.829191 0.829197 0.829202 0.829208 0.829214 0.829219 0.829225 0.82923 0.829235 0.829239 0.829244 0.829248 0.829251 0.829254 0.829257 0.829259 0.82926 0.829261 0.829261 0.829261 0.82926 0.829259 0.829257 0.829254 0.829251 0.829248 0.829244 0.82924 0.829235 0.82923 0.829225 0.829219 0.829214 0.829208 0.829202 0.829197 0.829191 
0.866598 0.866594 0.86659 0.866586 0.866582 0.866578 0.866574 0.86657 0.866566 0.866564 0.86656 0.866557 0.866555 0.866554 0.866552 0.86655 0.86655 0.86655 0.866549 0.86655 0.866551 0.866552 0.866553 0.866556 0.866559 0.866561 0.866564 0.866568 0.866571 0.866574 0.866579 0.866584 0.866587 0.866591 0.866596 0.8666 0.866603 0.866607 0.866612 0.866615 0.866617 0.866621 0.866624 0.866626 0.866627 0.86663 0.866631 0.866631 0.866631 0.866632 0.866631 0.86663 0.866629 0.866627 0.866625 0.866622 0.86662 0.866617 0.866614 0.86661 0.866606 0.866603 
0.89571 0.89571 0.895709 0.895707 0.895707 0.895706 0.895703 0.895703 0.895702 0.895699 0.895696 0.895697 0.895694 0.89569 0.89569 0.895689 0.895685 0.895683 0.895684 0.895681 0.895677 0.895677 0.895678 0.895675 0.895672 0.895675 0.895675 0.895671 0.895671 0.895675 0.895673 0.89567 0.895673 0.895677 0.895675 0.895674 0.895679 0.895682 0.89568 0.89568 0.895686 0.895688 0.895687 0.895688 0.895693 0.895695 0.895695 0.895696 0.8957 0.895702 0.895702 0.895703 0.895706 0.895708 0.895707 0.895708 0.895711 0.895711 0.89571 0.895711 0.895712 0.89571 
0.916498 0.916495 0.916509 0.916512 0.916505 0.916514 0.916523 0.916515 0.916516 0.91653 0.916525 0.916515 0.916528 0.916535 0.916518 0.916517 0.916534 0.916524 0.916507 0.91652 0.916528 0.916506 0.916499 0.916518 0.916511 0.916486 0.916493 0.916508 0.916487 0.916469 0.916487 0.916492 0.916463 0.916457 0.916481 0.916473 0.916444 0.916453 0.916473 0.916456 0.916435 0.916453 0.916466 0.916446 0.916436 0.916454 0.916462 0.916448 0.916443 0.916457 0.916467 0.916457 0.916452 0.916467 0.916478 0.916468 0.916466 0.916485 0.91649 0.916479 0.916487 0.916502 
0.928974 0.928968 0.928971 0.928993 0.928994 0.928989 0.929007 0.929019 0.929007 0.929015 0.929037 0.929029 0.929018 0.92904 0.929048 0.929025 0.92903 0.929053 0.929037 0.929017 0.929037 0.929044 0.929014 0.929008 0.929032 0.929019 0.928986 0.928996 0.929013 0.928982 0.928958 0.928981 0.928983 0.928942 0.928935 0.928963 0.928947 0.928909 0.92892 0.928943 0.928914 0.928889 0.928912 0.928923 0.928894 0.928884 0.928906 0.928912 0.928892 0.928888 0.928907 0.928916 0.928901 0.928899 0.928921 0.928931 0.928917 0.928922 0.928947 0.92895 0.928939 0.928956 
0.933125 0.93313 0.933139 0.933152 0.933159 0.933164 0.933174 0.933184 0.933188 0.933193 0.933202 0.933206 0.933207 0.933212 0.933216 0.933216 0.933215 0.933217 0.933216 0.933212 0.933209 0.933208 0.933201 0.933194 0.93319 0.933185 0.933175 0.933167 0.933161 0.933153 0.933141 0.933133 0.933127 0.933116 0.933105 0.933099 0.933092 0.933081 0.933073 0.93307 0.933063 0.933054 0.933051 0.93305 0.933044 0.933039 0.933041 0.933043 0.933038 0.933039 0.933046 0.933048 0.933048 0.933054 0.933064 0.933067 0.933071 0.933081 0.933092 0.933096 0.933103 0.933116 
0.928973 0.92899 0.929007 0.929004 0.929012 0.929029 0.929029 0.92903 0.929047 0.929051 0.929041 0.929054 0.929067 0.929052 0.929048 0.929067 0.929062 0.92904 0.929049 0.929061 0.929037 0.929022 0.929039 0.929033 0.929001 0.929 0.929016 0.928992 0.928963 0.928976 0.928981 0.928945 0.928929 0.92895 0.92894 0.928902 0.928904 0.928925 0.928903 0.928874 0.92889 0.928903 0.928879 0.928864 0.928883 0.928891 0.928875 0.928869 0.928885 0.928897 0.928889 0.928883 0.928901 0.92892 0.928912 0.928908 0.928933 0.92895 0.928939 0.928945 0.928973 0.928978 
0.916536 0.916549 0.916545 0.91655 0.916564 0.916562 0.916559 0.916572 0.916573 0.916562 0.916568 0.916578 0.916563 0.916555 0.916568 0.916562 0.91654 0.916543 0.916552 0.91653 0.916513 0.916525 0.91652 0.916491 0.916487 0.916499 0.91648 0.916453 0.916463 0.916469 0.916439 0.916424 0.916443 0.916439 0.916407 0.916408 0.916429 0.916415 0.916391 0.916405 0.916422 0.916404 0.916392 0.916413 0.916424 0.916411 0.916409 0.916427 0.916439 0.916434 0.916434 0.916451 0.916467 0.916464 0.916464 0.916485 0.916499 0.916494 0.9165 0.916521 0.916526 0.916523 
0.89577 0.895771 0.895772 0.895773 0.89577 0.895769 0.895768 0.895763 0.895758 0.895755 0.89575 0.895742 0.895736 0.895731 0.895722 0.895713 0.895707 0.8957 0.895689 0.895681 0.895676 0.895667 0.895657 0.895652 0.895647 0.895637 0.895631 0.895629 0.895625 0.895617 0.895615 0.895616 0.895613 0.895609 0.895612 0.895616 0.895614 0.895615 0.895622 0.895627 0.895628 0.895633 0.895643 0.895649 0.895653 0.895661 0.895671 0.895679 0.895685 0.895693 0.895703 0.895711 0.895717 0.895724 0.895733 0.89574 0.895745 0.895751 0.895757 0.895761 0.895764 0.895768 
0.866669 0.866665 0.866659 0.866653 0.866647 0.86664 0.866632 0.866624 0.866616 0.866606 0.866598 0.866589 0.86658 0.866571 0.866563 0.866555 0.866546 0.866539 0.866533 0.866526 0.86652 0.866515 0.866511 0.866507 0.866505 0.866504 0.866503 0.866503 0.866504 0.866507 0.866509 0.866512 0.866518 0.866523 0.866528 0.866535 0.866543 0.86655 0.866558 0.866567 0.866576 0.866584 0.866593 0.866602 0.866611 0.866619 0.866627 0.866636 0.866643 0.86665 0.866656 0.866662 0.866667 0.866671 0.866674 0.866677 0.866678 0.866679 0.866678 0.866678 0.866676 0.866672 
0.829247 0.829238 0.829229 0.82922 0.829211 0.829201 0.829192 0.829182 0.829173 0.829165 0.829157 0.829149 0.829142 0.829135 0.829129 0.829124 0.82912 0.829117 0.829114 0.829113 0.829113 0.829113 0.829114 0.829117 0.82912 0.829124 0.829129 0.829135 0.829141 0.829149 0.829156 0.829165 0.829173 0.829182 0.829192 0.829201 0.82921 0.82922 0.829229 0.829238 0.829247 0.829255 0.829263 0.82927 0.829276 0.829282 0.829287 0.829291 0.829294 0.829297 0.829298 0.829299 0.829298 0.829297 0.829294 0.829291 0.829287 0.829282 0.829276 0.82927 0.829262 0.829255 
0.783565 0.783557 0.783548 0.78354 0.783532 0.783525 0.783518 0.783512 0.783507 0.783502 0.783498 0.783495 0.783493 0.783491 0.783491 0.783491 0.783492 0.783494 0.783497 0.783501 0.783506 0.783511 0.783517 0.783524 0.783531 0.783539 0.783547 0.783555 0.783564 0.783573 0.783581 0.78359 0.783599 0.783607 0.783615 0.783623 0.78363 0.783637 0.783643 0.783649 0.783653 0.783657 0.78366 0.783663 0.783664 0.783664 0.783664 0.783663 0.783661 0.783658 0.783654 0.783649 0.783644 0.783638 0.783631 0.783624 0.783616 0.783608 0.7836 0.783591 0.783582 0.783574 
0.729737 0.729732 0.729728 0.729724 0.729721 0.729718 0.729716 0.729715 0.729714 0.729715 0.729716 0.729717 0.72972 0.729723 0.729726 0.729731 0.729735 0.729741 0.729746 0.729752 0.729759 0.729766 0.729773 0.72978 0.729787 0.729794 0.729801 0.729807 0.729814 0.72982 0.729826 0.729832 0.729836 0.729841 0.729845 0.729848 0.72985 0.729852 0.729853 0.729854 0.729854 0.729853 0.729851 0.729849 0.729846 0.729842 0.729838 0.729833 0.729828 0.729822 0.729816 0.729809 0.729802 0.729795 0.729788 0.729781 0.729774 0.729767 0.729761 0.729754 0.729748 0.729742 
0.667916 0.667915 0.667914 0.667915 0.667915 0.667916 0.667918 0.66792 0.667923 0.667925 0.667929 0.667932 0.667936 0.66794 0.667945 0.667949 0.667954 0.667959 0.667964 0.667968 0.667973 0.667978 0.667982 0.667986 0.66799 0.667994 0.667998 0.668001 0.668003 0.668005 0.668007 0.668008 0.668009 0.668009 0.668009 0.668009 0.668007 0.668006 0.668004 0.668001 0.667998 0.667995 0.667991 0.667988 0.667983 0.667979 0.667974 0.66797 0.667965 0.66796 0.667955 0.66795 0.667946 0.667941 0.667937 0.667933 0.66793 0.667926 0.667923 0.667921 0.667919 0.667917 
0.598314 0.598315 0.598317 0.598318 0.59832 0.598322 0.598324 0.598327 0.598329 0.598332 0.598334 0.598337 0.59834 0.598342 0.598345 0.598348 0.59835 0.598353 0.598355 0.598357 0.598359 0.598361 0.598362 0.598363 0.598364 0.598365 0.598366 0.598366 0.598366 0.598365 0.598365 0.598364 0.598363 0.598361 0.59836 0.598358 0.598356 0.598354 0.598351 0.598349 0.598346 0.598344 0.598341 0.598338 0.598336 0.598333 0.59833 0.598328 0.598325 0.598323 0.598321 0.598319 0.598318 0.598316 0.598315 0.598314 0.598313 0.598313 0.598312 0.598313 0.598313 0.598313 
0.521269 0.52127 0.521271 0.521272 0.521273 0.521274 0.521275 0.521277 0.521278 0.521279 0.52128 0.521281 0.521282 0.521283 0.521284 0.521285 0.521286 0.521287 0.521287 0.521288 0.521288 0.521288 0.521288 0.521288 0.521288 0.521288 0.521287 0.521287 0.521286 0.521285 0.521285 0.521284 0.521283 0.521282 0.521281 0.521279 0.521278 0.521277 0.521276 0.521275 0.521273 0.521272 0.521271 0.52127 0.521269 0.521268 0.521267 0.521267 0.521266 0.521265 0.521265 0.521265 0.521264 0.521264 0.521264 0.521265 0.521265 0.521265 0.521266 0.521266 0.521267 0.521268 
0.437309 0.43731 0.43731 0.437311 0.437311 0.437311 0.437312 0.437312 0.437313 0.437313 0.437313 0.437314 0.437314 0.437314 0.437315 0.437315 0.437315 0.437315 0.437315 0.437315 0.437315 0.437315 0.437315 0.437315 0.437315 0.437315 0.437315 0.437314 0.437314 0.437314 0.437313 0.437313 0.437312 0.437312 0.437312 0.437311 0.437311 0.43731 0.43731 0.43731 0.437309 0.437309 0.437308 0.437308 0.437308 0.437308 0.437307 0.437307 0.437307 0.437307 0.437307 0.437307 0.437307 0.437307 0.437307 0.437307 0.437308 0.437308 0.437308 0.437308 0.437309 0.437309 
0.3472 0.3472 0.3472 0.3472 0.3472 0.3472 0.3472 0.3472 0.347201 0.347201 0.347201 0.347201 0.347201 0.347201 0.347201 0.347202 0.347202 0.347202 0.347202 0.347202 0.347202 0.347202 0.347202 0.347202 0.347202 0.347202 0.347201 0.347201 0.347201 0.347201 0.347201 0.347201 0.347201 0.347201 0.347201 0.3472 0.3472 0.3472 0.3472 0.3472 0.3472 0.3472 0.347199 0.347199 0.347199 0.347199 0.347199 0.347199 0.347199 0.347199 0.347199 0.347199 0.347199 0.347199 0.347199 0.347199 0.347199 0.347199 0.347199 0.347199 0.347199 0.347199 
0.251945 0.251945 0.251945 0.251945 0.251945 0.251945 0.251945 0.251945 0.251945 0.251945 0.251945 0.251945 0.251945 0.251945 0.251945 0.251945 0.251945 0.251945 0.251945 0.251945 0.251945 0.251945 0.251945 0.251945 0.251945 0.251945 0.251945 0.251945 0.251945 0.251945 0.251945 0.251945 0.251945 0.251945 0.251945 0.251945 0.251945 0.251945 0.251945 0.251945 0.251945 0.251945 0.251945 0.251945 0.251945 0.251945 0.251945 0.251945 0.251945 0.251945 0.251945 0.251945 0.251945 0.251945 0.251945 0.251945 0.251945 0.251945 0.251945 0.251945 0.251945 0.251945 
0.152794 0.152794 0.152794 0.152794 0.152794 0.152793 0.152793 0.152793 0.152793 0.152793 0.152793 0.152793 0.152793 0.152793 0.152793 0.152793 0.152793 0.152793 0.152793 0.152793 0.152793 0.152793 0.152793 0.152794 0.152794 0.152794 0.152794 0.152794 0.152794 0.152794 0.152794 0.152794 0.152794 0.152795 0.152795 0.152795 0.152795 0.152795 0.152795 0.152795 0.152795 0.152795 0.152795 0.152795 0.152795 0.152795 0.152795 0.152795 0.152795 0.152795 0.152795 0.152795 0.152795 0.152795 0.152795 0.152795 0.152795 0.152794 0.152794 0.152794 0.152794 0.152794 
0.0512074 0.0512073 0.0512072 0.0512071 0.051207 0.051207 0.0512069 0.0512069 0.0512068 0.0512068 0.0512067 0.0512067 0.0512067 0.0512067 0.0512067 0.0512067 0.0512068 0.0512068 0.0512069 0.0512069 0.051207 0.0512071 0.0512072 0.0512072 0.0512073 0.0512074 0.0512075 0.0512076 0.0512077 0.0512078 0.0512079 0.051208 0.0512081 0.0512082 0.0512083 0.0512084 0.0512084 0.0512085 0.0512086 0.0512086 0.0512086 0.0512087 0.0512087 0.0512087 0.0512087 0.0512087 0.0512087 0.0512086 0.0512086 0.0512085 0.0512085 0.0512084 0.0512083 0.0512082 0.0512082 0.0512081 0.051208 0.0512079 0.0512078 0.0512077 0.0512076 0.0512075 
