0.0507204 0.0507203 0.0507203 0.0507202 0.0507201 0.05072 0.0507199 0.0507198 0.0507197 0.0507196 0.0507196 0.0507195 0.0507194 0.0507193 0.0507192 0.0507191 0.0507191 0.050719 0.050719 0.0507189 0.0507189 0.0507189 0.0507189 0.0507189 0.0507189 0.0507189 0.0507189 0.050719 0.050719 0.0507191 0.0507191 0.0507192 0.0507193 0.0507193 0.0507194 0.0507195 0.0507196 0.0507197 0.0507198 0.0507199 0.05072 0.0507201 0.0507202 0.0507203 0.0507203 0.0507204 0.0507205 0.0507205 0.0507206 0.0507206 0.0507207 0.0507207 0.0507207 0.0507207 0.0507207 0.0507207 0.0507207 0.0507207 0.0507206 0.0507206 0.0507205 0.0507205 
0.151361 0.151361 0.15136 0.15136 0.15136 0.15136 0.15136 0.15136 0.151359 0.151359 0.151359 0.151359 0.151359 0.151359 0.151358 0.151358 0.151358 0.151358 0.151358 0.151358 0.151358 0.151358 0.151358 0.151358 0.151358 0.151358 0.151358 0.151358 0.151358 0.151359 0.151359 0.151359 0.151359 0.151359 0.151359 0.15136 0.15136 0.15136 0.15136 0.15136 0.15136 0.151361 0.151361 0.151361 0.151361 0.151361 0.151361 0.151361 0.151361 0.151362 0.151362 0.151362 0.151362 0.151362 0.151362 0.151361 0.151361 0.151361 0.151361 0.151361 0.151361 0.151361 
0.249649 0.249649 0.249648 0.249648 0.249648 0.249648 0.249648 0.249647 0.249647 0.249647 0.249647 0.249647 0.249646 0.249646 0.249646 0.249646 0.249646 0.249646 0.249645 0.249645 0.249645 0.249645 0.249645 0.249645 0.249645 0.249645 0.249645 0.249645 0.249645 0.249645 0.249645 0.249646 0.249646 0.249646 0.249646 0.249646 0.249647 0.249647 0.249647 0.249647 0.249647 0.249648 0.249648 0.249648 0.249648 0.249648 0.249649 0.249649 0.249649 0.249649 0.249649 0.249649 0.249649 0.249649 0.249649 0.249649 0.249649 0.249649 0.249649 0.249649 0.249649 0.249649 
0.344162 0.344162 0.344162 0.344162 0.344161 0.344161 0.344161 0.344161 0.344161 0.344161 0.344161 0.34416 0.34416 0.34416 0.34416 0.34416 0.34416 0.344159 0.344159 0.344159 0.344159 0.344159 0.344159 0.344159 0.344159 0.344159 0.344158 0.344158 0.344158 0.344158 0.344158 0.344159 0.344159 0.344159 0.344159 0.344159 0.344159 0.344159 0.344159 0.344159 0.34416 0.34416 0.34416 0.34416 0.34416 0.34416 0.344161 0.344161 0.344161 0.344161 0.344161 0.344161 0.344161 0.344162 0.344162 0.344162 0.344162 0.344162 0.344162 0.344162 0.344162 0.344162 
0.433671 0.433671 0.433671 0.433671 0.433671 0.433671 0.433671 0.433671 0.433671 0.433671 0.433671 0.433671 0.433671 0.433671 0.433671 0.433671 0.433671 0.433671 0.433671 0.433671 0.433671 0.433671 0.433671 0.433671 0.433671 0.433671 0.433671 0.433671 0.433671 0.433671 0.433671 0.433671 0.433671 0.433671 0.433671 0.433671 0.433671 0.433671 0.433671 0.43367 0.43367 0.43367 0.43367 0.43367 0.43367 0.43367 0.43367 0.43367 0.43367 0.43367 0.43367 0.43367 0.43367 0.43367 0.43367 0.433671 0.433671 0.433671 0.433671 0.433671 0.433671 0.433671 
0.517174 0.517174 0.517174 0.517174 0.517174 0.517174 0.517174 0.517174 0.517174 0.517175 0.517175 0.517175 0.517175 0.517176 0.517176 0.517177 0.517177 0.517177 0.517178 0.517178 0.517179 0.517179 0.51718 0.51718 0.51718 0.517181 0.517181 0.517181 0.517182 0.517182 0.517182 0.517182 0.517182 0.517182 0.517182 0.517182 0.517182 0.517182 0.517182 0.517182 0.517182 0.517181 0.517181 0.517181 0.51718 0.51718 0.517179 0.517179 0.517179 0.517178 0.517178 0.517177 0.517177 0.517176 0.517176 0.517176 0.517175 0.517175 0.517175 0.517174 0.517174 0.517174 
0.593903 0.593903 0.593902 0.593901 0.593901 0.5939 0.5939 0.593899 0.593899 0.593899 0.593899 0.5939 0.5939 0.593901 0.593901 0.593902 0.593903 0.593904 0.593905 0.593906 0.593907 0.593908 0.593909 0.59391 0.593912 0.593913 0.593914 0.593915 0.593916 0.593917 0.593919 0.59392 0.59392 0.593921 0.593922 0.593923 0.593923 0.593923 0.593924 0.593924 0.593924 0.593924 0.593923 0.593923 0.593922 0.593922 0.593921 0.59392 0.593919 0.593918 0.593917 0.593916 0.593915 0.593914 0.593913 0.593911 0.59391 0.593909 0.593908 0.593907 0.593905 0.593904 
0.663307 0.663304 0.663302 0.6633 0.663298 0.663296 0.663294 0.663292 0.663291 0.663289 0.663288 0.663288 0.663287 0.663287 0.663287 0.663287 0.663287 0.663288 0.663289 0.66329 0.663291 0.663292 0.663294 0.663296 0.663298 0.6633 0.663302 0.663305 0.663307 0.663309 0.663312 0.663314 0.663317 0.663319 0.663321 0.663323 0.663325 0.663327 0.663329 0.66333 0.663331 0.663332 0.663333 0.663334 0.663334 0.663334 0.663334 0.663334 0.663333 0.663332 0.663331 0.66333 0.663328 0.663327 0.663325 0.663323 0.663321 0.663318 0.663316 0.663314 0.663311 0.663309 
0.725002 0.724999 0.724995 0.724991 0.724988 0.724984 0.72498 0.724977 0.724973 0.72497 0.724967 0.724964 0.724961 0.724959 0.724957 0.724955 0.724954 0.724953 0.724952 0.724952 0.724952 0.724952 0.724953 0.724955 0.724956 0.724958 0.72496 0.724963 0.724966 0.724969 0.724972 0.724975 0.724979 0.724982 0.724986 0.72499 0.724993 0.724997 0.725001 0.725004 0.725007 0.725011 0.725013 0.725016 0.725018 0.72502 0.725022 0.725024 0.725024 0.725025 0.725025 0.725025 0.725025 0.725024 0.725023 0.725021 0.725019 0.725017 0.725014 0.725012 0.725009 0.725005 
0.77873 0.778727 0.778724 0.77872 0.778716 0.778711 0.778707 0.778702 0.778698 0.778693 0.778688 0.778684 0.778679 0.778675 0.778671 0.778667 0.778664 0.77866 0.778657 0.778655 0.778652 0.77865 0.778649 0.778649 0.778648 0.778648 0.778649 0.77865 0.778651 0.778653 0.778656 0.778659 0.778661 0.778665 0.778669 0.778673 0.778677 0.778682 0.778687 0.778691 0.778695 0.778701 0.778705 0.778709 0.778714 0.778718 0.778722 0.778725 0.778729 0.778732 0.778734 0.778736 0.778738 0.77874 0.77874 0.77874 0.77874 0.77874 0.778739 0.778737 0.778735 0.778733 
0.824318 0.824316 0.824314 0.824312 0.82431 0.824307 0.824303 0.8243 0.824296 0.824292 0.824288 0.824283 0.824278 0.824274 0.824269 0.824264 0.82426 0.824256 0.824251 0.824247 0.824243 0.82424 0.824236 0.824233 0.824232 0.824229 0.824227 0.824226 0.824226 0.824225 0.824225 0.824227 0.824228 0.824229 0.824231 0.824234 0.824237 0.824239 0.824244 0.824248 0.824251 0.824255 0.824261 0.824266 0.824269 0.824274 0.824279 0.824284 0.824288 0.824292 0.824297 0.824301 0.824304 0.824307 0.82431 0.824313 0.824314 0.824316 0.824318 0.824318 0.824318 0.824318 
0.86166 0.86166 0.861665 0.861664 0.861661 0.861662 0.861663 0.86166 0.861658 0.861658 0.861654 0.861651 0.86165 0.861647 0.861642 0.86164 0.861639 0.861633 0.861628 0.861628 0.861625 0.861618 0.861616 0.861617 0.861611 0.861605 0.861606 0.861606 0.8616 0.861597 0.861601 0.861599 0.861593 0.861595 0.861599 0.861595 0.861593 0.861599 0.861602 0.861598 0.8616 0.861607 0.861608 0.861606 0.861612 0.861618 0.861619 0.861619 0.861625 0.861631 0.861632 0.861633 0.861639 0.861644 0.861645 0.861645 0.861651 0.861656 0.861655 0.861654 0.86166 0.861664 
0.890721 0.890724 0.890718 0.89072 0.890726 0.890725 0.890724 0.890727 0.890728 0.890726 0.890729 0.89073 0.890726 0.890728 0.890732 0.890729 0.890725 0.89073 0.890731 0.890724 0.890724 0.890729 0.890725 0.890719 0.890723 0.890725 0.890717 0.890715 0.890721 0.890719 0.890709 0.890712 0.890718 0.890711 0.890704 0.89071 0.890713 0.890703 0.890701 0.890709 0.890708 0.890699 0.890701 0.890708 0.890704 0.890698 0.890702 0.890708 0.890705 0.890699 0.890704 0.890711 0.890708 0.890702 0.890708 0.890716 0.890711 0.890706 0.890714 0.890721 0.890714 0.890712 
0.911453 0.911414 0.911511 0.911521 0.911436 0.911454 0.911519 0.911485 0.911456 0.911501 0.911498 0.911468 0.911506 0.911521 0.911469 0.911488 0.911552 0.91151 0.911461 0.911533 0.911569 0.911486 0.911481 0.911576 0.911554 0.911468 0.911524 0.9116 0.911517 0.911469 0.911574 0.91159 0.911474 0.911497 0.911608 0.911546 0.91145 0.91154 0.911605 0.911491 0.911457 0.91157 0.911568 0.911457 0.911478 0.911568 0.911527 0.911447 0.911486 0.911548 0.911506 0.911442 0.911476 0.911538 0.911497 0.911424 0.911469 0.911544 0.91148 0.911406 0.911485 0.911545 
0.924023 0.923924 0.923831 0.923946 0.924001 0.923888 0.923875 0.923971 0.923955 0.9239 0.923941 0.92396 0.923928 0.923959 0.923984 0.923933 0.923948 0.924026 0.923988 0.923924 0.924005 0.924065 0.92397 0.923949 0.92407 0.924064 0.923951 0.924004 0.924115 0.924028 0.923952 0.924073 0.924115 0.923978 0.923984 0.924123 0.924068 0.923945 0.924034 0.924123 0.924003 0.923945 0.924064 0.924079 0.923958 0.923958 0.924054 0.92403 0.923939 0.923951 0.924022 0.924005 0.92392 0.92392 0.924006 0.923994 0.923881 0.923896 0.924015 0.923969 0.923838 0.923909 
0.928056 0.928081 0.928076 0.928048 0.928062 0.928089 0.928071 0.928053 0.928082 0.928102 0.928077 0.928075 0.928111 0.928118 0.928096 0.92811 0.928142 0.928138 0.928126 0.928149 0.92817 0.92816 0.928159 0.928186 0.928193 0.928179 0.928191 0.928215 0.928205 0.928193 0.928219 0.92823 0.928202 0.928204 0.928237 0.928223 0.928191 0.928213 0.928234 0.928197 0.928179 0.928212 0.928208 0.928165 0.928169 0.928193 0.928167 0.928136 0.928153 0.928159 0.928125 0.928113 0.928132 0.928121 0.928091 0.928095 0.928108 0.928086 0.928066 0.928083 0.928089 0.928061 
0.923801 0.923933 0.923997 0.923856 0.923842 0.923979 0.923952 0.923855 0.923926 0.923986 0.92391 0.923917 0.924001 0.923958 0.923914 0.924009 0.92403 0.923933 0.923971 0.924082 0.924017 0.923939 0.924052 0.924112 0.923987 0.923979 0.924126 0.924095 0.923959 0.924045 0.924166 0.924035 0.923955 0.924119 0.924145 0.923962 0.923988 0.924161 0.924069 0.923916 0.924039 0.92414 0.92398 0.923912 0.924062 0.924075 0.92392 0.923919 0.924043 0.924012 0.923887 0.923909 0.924013 0.923975 0.923855 0.923888 0.924004 0.923945 0.923816 0.923892 0.924011 0.923899 
0.911466 0.911509 0.911408 0.911404 0.911505 0.911489 0.911424 0.911473 0.911517 0.911473 0.911482 0.911531 0.911504 0.911491 0.911553 0.911552 0.911496 0.91154 0.911602 0.911542 0.91151 0.911597 0.911611 0.911524 0.911545 0.911635 0.911586 0.91151 0.911588 0.91164 0.911537 0.911512 0.911622 0.911603 0.911485 0.911532 0.911626 0.911535 0.911455 0.911554 0.911589 0.911468 0.911451 0.911553 0.91153 0.911427 0.911451 0.911527 0.911483 0.911406 0.911438 0.911501 0.91146 0.911385 0.911423 0.911498 0.911446 0.911364 0.911431 0.911509 0.911424 0.911363 
0.890684 0.89069 0.890702 0.890708 0.890712 0.890721 0.890728 0.890733 0.890742 0.89075 0.890751 0.890758 0.890769 0.89077 0.890769 0.890779 0.890785 0.89078 0.890781 0.89079 0.890788 0.89078 0.890784 0.890788 0.890779 0.890771 0.890776 0.890773 0.890758 0.890755 0.890758 0.890747 0.890732 0.890733 0.890733 0.890716 0.890705 0.890709 0.890703 0.890685 0.890681 0.890685 0.890675 0.89066 0.890662 0.890665 0.890655 0.890646 0.89065 0.890653 0.890646 0.890641 0.890647 0.890654 0.89065 0.890647 0.890657 0.890666 0.890663 0.890664 0.890677 0.890685 
0.861651 0.861659 0.861661 0.861668 0.861678 0.861682 0.861685 0.861692 0.861697 0.861698 0.861701 0.861705 0.861704 0.861704 0.861706 0.861704 0.861699 0.861699 0.861697 0.86169 0.861685 0.861683 0.861677 0.861667 0.861662 0.861658 0.861647 0.861638 0.861634 0.861628 0.861615 0.861608 0.861606 0.861597 0.861586 0.861583 0.861581 0.861571 0.861564 0.861566 0.861563 0.861555 0.861554 0.861558 0.861555 0.861552 0.861555 0.861561 0.861561 0.861561 0.861568 0.861575 0.861578 0.861581 0.86159 0.8616 0.861604 0.861608 0.861619 0.86163 0.861633 0.861638 
0.824333 0.824338 0.824342 0.824345 0.824348 0.82435 0.824351 0.824351 0.82435 0.824349 0.824346 0.824344 0.82434 0.824335 0.82433 0.824325 0.824319 0.824312 0.824305 0.824298 0.82429 0.824282 0.824274 0.824267 0.824258 0.82425 0.824243 0.824236 0.824228 0.824222 0.824217 0.824211 0.824206 0.824203 0.824199 0.824196 0.824194 0.824194 0.824193 0.824193 0.824195 0.824198 0.8242 0.824204 0.824209 0.824214 0.824219 0.824225 0.824233 0.82424 0.824246 0.824254 0.824263 0.824271 0.824278 0.824286 0.824294 0.824302 0.824308 0.824315 0.824323 0.824328 
0.778768 0.778768 0.778767 0.778766 0.778764 0.778762 0.778758 0.778754 0.77875 0.778745 0.778739 0.778733 0.778726 0.778719 0.778713 0.778705 0.778698 0.77869 0.778683 0.778676 0.778669 0.778662 0.778656 0.778649 0.778644 0.778639 0.778634 0.77863 0.778627 0.778625 0.778623 0.778622 0.778622 0.778622 0.778623 0.778625 0.778628 0.778631 0.778635 0.77864 0.778645 0.77865 0.778657 0.778663 0.77867 0.778677 0.778684 0.778692 0.778699 0.778706 0.778714 0.778721 0.778727 0.778734 0.77874 0.778746 0.77875 0.778755 0.778759 0.778762 0.778764 0.778766 
0.72504 0.725037 0.725034 0.72503 0.725025 0.725021 0.725015 0.72501 0.725004 0.724998 0.724992 0.724987 0.724981 0.724975 0.724969 0.724964 0.724958 0.724953 0.724949 0.724945 0.724941 0.724938 0.724935 0.724933 0.724932 0.724931 0.72493 0.724931 0.724931 0.724933 0.724935 0.724937 0.72494 0.724944 0.724948 0.724952 0.724957 0.724963 0.724968 0.724974 0.72498 0.724985 0.724991 0.724997 0.725003 0.725009 0.725014 0.725019 0.725024 0.725029 0.725033 0.725037 0.72504 0.725043 0.725045 0.725046 0.725047 0.725047 0.725047 0.725046 0.725045 0.725043 
0.663329 0.663326 0.663322 0.663318 0.663314 0.66331 0.663305 0.663301 0.663298 0.663294 0.66329 0.663287 0.663283 0.663281 0.663278 0.663276 0.663274 0.663272 0.663271 0.663271 0.66327 0.66327 0.663271 0.663272 0.663273 0.663275 0.663277 0.663279 0.663282 0.663285 0.663288 0.663292 0.663296 0.6633 0.663304 0.663308 0.663312 0.663316 0.66332 0.663324 0.663328 0.663331 0.663335 0.663338 0.663341 0.663343 0.663345 0.663347 0.663349 0.66335 0.663351 0.663351 0.663351 0.66335 0.663349 0.663348 0.663346 0.663344 0.663342 0.663339 0.663336 0.663333 
0.593909 0.593907 0.593904 0.593902 0.5939 0.593898 0.593896 0.593894 0.593893 0.593892 0.59389 0.59389 0.593889 0.593888 0.593888 0.593888 0.593888 0.593889 0.59389 0.593891 0.593892 0.593893 0.593895 0.593896 0.593898 0.5939 0.593903 0.593905 0.593907 0.593909 0.593912 0.593914 0.593917 0.593919 0.593921 0.593923 0.593925 0.593927 0.593929 0.59393 0.593932 0.593933 0.593934 0.593934 0.593935 0.593935 0.593935 0.593935 0.593934 0.593934 0.593933 0.593931 0.59393 0.593928 0.593927 0.593925 0.593923 0.593921 0.593918 0.593916 0.593914 0.593911 
0.517171 0.51717 0.51717 0.517169 0.517168 0.517168 0.517167 0.517167 0.517167 0.517167 0.517167 0.517167 0.517167 0.517168 0.517168 0.517169 0.51717 0.51717 0.517171 0.517172 0.517173 0.517174 0.517175 0.517177 0.517178 0.517179 0.51718 0.517181 0.517182 0.517183 0.517184 0.517185 0.517186 0.517187 0.517188 0.517188 0.517189 0.517189 0.517189 0.517189 0.517189 0.517189 0.517189 0.517189 0.517188 0.517188 0.517187 0.517187 0.517186 0.517185 0.517184 0.517183 0.517182 0.517181 0.51718 0.517178 0.517177 0.517176 0.517175 0.517174 0.517173 0.517172 
0.433667 0.433667 0.433667 0.433667 0.433667 0.433667 0.433667 0.433667 0.433667 0.433667 0.433668 0.433668 0.433668 0.433668 0.433669 0.433669 0.433669 0.43367 0.43367 0.433671 0.433671 0.433672 0.433672 0.433672 0.433673 0.433673 0.433674 0.433674 0.433674 0.433674 0.433675 0.433675 0.433675 0.433675 0.433675 0.433675 0.433675 0.433675 0.433675 0.433675 0.433674 0.433674 0.433674 0.433674 0.433673 0.433673 0.433672 0.433672 0.433672 0.433671 0.433671 0.43367 0.43367 0.43367 0.433669 0.433669 0.433668 0.433668 0.433668 0.433668 0.433667 0.433667 
0.34416 0.34416 0.34416 0.34416 0.34416 0.34416 0.34416 0.34416 0.34416 0.34416 0.34416 0.34416 0.34416 0.34416 0.34416 0.34416 0.344161 0.344161 0.344161 0.344161 0.344161 0.344161 0.344161 0.344161 0.344161 0.344161 0.344161 0.344161 0.344161 0.344161 0.344161 0.344161 0.344161 0.344161 0.344161 0.344161 0.344161 0.344161 0.34416 0.34416 0.34416 0.34416 0.34416 0.34416 0.34416 0.34416 0.34416 0.34416 0.34416 0.34416 0.34416 0.34416 0.34416 0.34416 0.34416 0.34416 0.34416 0.34416 0.34416 0.34416 0.34416 0.34416 
0.249648 0.249648 0.249648 0.249648 0.249648 0.249648 0.249648 0.249648 0.249648 0.249648 0.249648 0.249648 0.249648 0.249647 0.249647 0.249647 0.249647 0.249647 0.249647 0.249647 0.249647 0.249647 0.249647 0.249647 0.249646 0.249646 0.249646 0.249646 0.249646 0.249646 0.249646 0.249646 0.249646 0.249646 0.249646 0.249646 0.249646 0.249646 0.249646 0.249646 0.249647 0.249647 0.249647 0.249647 0.249647 0.249647 0.249647 0.249647 0.249647 0.249647 0.249648 0.249648 0.249648 0.249648 0.249648 0.249648 0.249648 0.249648 0.249648 0.249648 0.249648 0.249648 
0.151361 0.151361 0.151361 0.151361 0.151361 0.151361 0.151361 0.15136 0.15136 0.15136 0.15136 0.15136 0.15136 0.15136 0.151359 0.151359 0.151359 0.151359 0.151359 0.151359 0.151359 0.151359 0.151358 0.151358 0.151358 0.151358 0.151358 0.151358 0.151358 0.151358 0.151358 0.151358 0.151358 0.151358 0.151359 0.151359 0.151359 0.151359 0.151359 0.151359 0.151359 0.151359 0.15136 0.15136 0.15136 0.15136 0.15136 0.15136 0.151361 0.151361 0.151361 0.151361 0.151361 0.151361 0.151361 0.151361 0.151361 0.151361 0.151361 0.151361 0.151361 0.151361 
0.0507207 0.0507207 0.0507206 0.0507206 0.0507205 0.0507204 0.0507203 0.0507202 0.0507202 0.0507201 0.05072 0.0507199 0.0507198 0.0507197 0.0507196 0.0507195 0.0507194 0.0507193 0.0507192 0.0507191 0.050719 0.050719 0.0507189 0.0507189 0.0507188 0.0507188 0.0507188 0.0507188 0.0507188 0.0507188 0.0507188 0.0507189 0.0507189 0.050719 0.050719 0.0507191 0.0507192 0.0507193 0.0507194 0.0507195 0.0507196 0.0507197 0.0507198 0.0507199 0.05072 0.0507201 0.0507202 0.0507203 0.0507203 0.0507204 0.0507205 0.0507206 0.0507206 0.0507207 0.0507207 0.0507208 0.0507208 0.0507208 0.0507208 0.0507208 0.0507208 0.0507208 
