0.0505289 0.0505287 0.0505286 0.0505285 0.0505284 0.0505284 0.0505283 0.0505283 0.0505283 0.0505283 0.0505283 0.0505283 0.0505283 0.0505282 0.0505282 0.0505282 0.0505282 0.0505282 0.0505282 0.0505283 0.0505284 0.0505285 0.0505286 0.0505287 0.0505288 0.0505289 0.050529 0.0505291 0.0505291 0.0505292 0.0505293 0.0505294 0.0505295 0.0505296 0.0505297 0.0505299 0.0505301 0.0505303 0.0505304 0.0505306 0.0505307 0.0505307 0.0505308 0.0505308 0.0505308 0.0505308 0.0505308 0.0505308 0.0505308 0.0505308 0.0505308 0.0505308 0.0505307 0.0505306 0.0505305 0.0505304 0.0505302 0.05053 0.0505298 0.0505295 0.0505293 0.0505291 
0.1508 0.150799 0.150799 0.150799 0.150799 0.150799 0.150799 0.150799 0.150798 0.150798 0.150798 0.150798 0.150798 0.150798 0.150798 0.150798 0.150798 0.150798 0.150798 0.150798 0.150798 0.150798 0.150798 0.150798 0.150798 0.150798 0.150798 0.150798 0.150798 0.150799 0.150799 0.150799 0.150799 0.150799 0.150799 0.1508 0.1508 0.1508 0.1508 0.150801 0.150801 0.150801 0.150801 0.150801 0.150801 0.150801 0.150801 0.150801 0.150801 0.150802 0.150802 0.150802 0.150802 0.150801 0.150801 0.150801 0.150801 0.150801 0.150801 0.1508 0.1508 0.1508 
0.248749 0.248748 0.248748 0.248748 0.248748 0.248748 0.248748 0.248747 0.248747 0.248747 0.248747 0.248747 0.248747 0.248747 0.248747 0.248746 0.248746 0.248746 0.248746 0.248746 0.248746 0.248746 0.248746 0.248746 0.248746 0.248746 0.248746 0.248746 0.248746 0.248746 0.248746 0.248747 0.248747 0.248747 0.248747 0.248747 0.248748 0.248748 0.248748 0.248748 0.248749 0.248749 0.248749 0.248749 0.248749 0.248749 0.248749 0.248749 0.24875 0.24875 0.24875 0.24875 0.24875 0.24875 0.24875 0.24875 0.24875 0.24875 0.248749 0.248749 0.248749 0.248749 
0.342968 0.342968 0.342968 0.342968 0.342968 0.342968 0.342967 0.342967 0.342967 0.342967 0.342967 0.342967 0.342967 0.342967 0.342967 0.342967 0.342967 0.342967 0.342966 0.342966 0.342966 0.342966 0.342966 0.342966 0.342966 0.342966 0.342966 0.342966 0.342966 0.342966 0.342966 0.342966 0.342966 0.342967 0.342967 0.342967 0.342967 0.342967 0.342967 0.342967 0.342968 0.342968 0.342968 0.342968 0.342968 0.342968 0.342968 0.342968 0.342968 0.342968 0.342968 0.342969 0.342969 0.342969 0.342969 0.342969 0.342969 0.342968 0.342968 0.342968 0.342968 0.342968 
0.432237 0.432237 0.432237 0.432237 0.432237 0.432237 0.432237 0.432237 0.432237 0.432237 0.432237 0.432237 0.432237 0.432237 0.432237 0.432237 0.432237 0.432237 0.432237 0.432238 0.432238 0.432238 0.432238 0.432238 0.432238 0.432238 0.432238 0.432239 0.432239 0.432239 0.432239 0.432239 0.432239 0.432239 0.432239 0.432239 0.432239 0.432239 0.432239 0.432239 0.432239 0.432239 0.432239 0.432239 0.432239 0.432239 0.432239 0.432239 0.432239 0.432239 0.432239 0.432239 0.432239 0.432238 0.432238 0.432238 0.432238 0.432238 0.432238 0.432237 0.432237 0.432237 
0.515557 0.515557 0.515556 0.515556 0.515556 0.515555 0.515555 0.515555 0.515555 0.515555 0.515555 0.515555 0.515555 0.515555 0.515555 0.515556 0.515556 0.515556 0.515556 0.515557 0.515557 0.515558 0.515558 0.515559 0.515559 0.51556 0.51556 0.515561 0.515561 0.515562 0.515562 0.515563 0.515563 0.515564 0.515564 0.515564 0.515565 0.515565 0.515565 0.515565 0.515566 0.515566 0.515566 0.515565 0.515565 0.515565 0.515565 0.515565 0.515564 0.515564 0.515563 0.515563 0.515562 0.515562 0.515561 0.515561 0.51556 0.51556 0.515559 0.515559 0.515558 0.515558 
0.592157 0.592156 0.592155 0.592154 0.592153 0.592151 0.59215 0.59215 0.592149 0.592148 0.592147 0.592147 0.592146 0.592146 0.592146 0.592146 0.592146 0.592146 0.592146 0.592147 0.592147 0.592148 0.592149 0.592149 0.59215 0.592151 0.592152 0.592154 0.592155 0.592156 0.592157 0.592159 0.59216 0.592161 0.592162 0.592164 0.592165 0.592166 0.592167 0.592168 0.592169 0.592169 0.59217 0.59217 0.592171 0.592171 0.592171 0.592171 0.592171 0.59217 0.59217 0.592169 0.592168 0.592168 0.592167 0.592166 0.592165 0.592163 0.592162 0.592161 0.59216 0.592159 
0.661474 0.661472 0.66147 0.661468 0.661466 0.661463 0.661461 0.661459 0.661456 0.661454 0.661452 0.66145 0.661449 0.661447 0.661445 0.661444 0.661443 0.661442 0.661441 0.661441 0.66144 0.66144 0.661441 0.661441 0.661442 0.661443 0.661444 0.661445 0.661447 0.661448 0.66145 0.661452 0.661454 0.661456 0.661459 0.661461 0.661463 0.661466 0.661468 0.66147 0.661473 0.661475 0.661477 0.661479 0.66148 0.661482 0.661483 0.661484 0.661485 0.661486 0.661486 0.661486 0.661486 0.661486 0.661485 0.661485 0.661484 0.661483 0.661481 0.66148 0.661478 0.661476 
0.72311 0.723108 0.723106 0.723103 0.723101 0.723098 0.723095 0.723091 0.723088 0.723085 0.723081 0.723078 0.723074 0.723071 0.723068 0.723064 0.723061 0.723059 0.723056 0.723053 0.723051 0.72305 0.723048 0.723047 0.723046 0.723046 0.723045 0.723046 0.723046 0.723047 0.723048 0.72305 0.723052 0.723054 0.723057 0.72306 0.723063 0.723066 0.723069 0.723073 0.723076 0.723079 0.723083 0.723086 0.72309 0.723093 0.723096 0.723099 0.723102 0.723104 0.723107 0.723109 0.72311 0.723112 0.723113 0.723114 0.723114 0.723114 0.723114 0.723113 0.723112 0.723111 
0.77679 0.776789 0.776789 0.776789 0.776786 0.776784 0.776783 0.77678 0.776776 0.776773 0.77677 0.776766 0.776762 0.776758 0.776754 0.776749 0.776745 0.776741 0.776736 0.776732 0.776728 0.776724 0.77672 0.776718 0.776715 0.776712 0.776709 0.776708 0.776707 0.776705 0.776705 0.776705 0.776705 0.776705 0.776707 0.776709 0.77671 0.776713 0.776716 0.776719 0.776722 0.776726 0.77673 0.776734 0.776738 0.776743 0.776747 0.776751 0.776755 0.77676 0.776764 0.776767 0.776771 0.776775 0.776778 0.77678 0.776783 0.776786 0.776787 0.776788 0.776789 0.776791 
0.822341 0.822343 0.822343 0.822344 0.822346 0.822345 0.822344 0.822344 0.822343 0.82234 0.822339 0.822336 0.822333 0.82233 0.822327 0.822323 0.822319 0.822316 0.822311 0.822306 0.822302 0.822299 0.822294 0.822288 0.822285 0.822282 0.822277 0.822273 0.822272 0.822269 0.822265 0.822263 0.822263 0.822261 0.822259 0.82226 0.822261 0.822259 0.822261 0.822264 0.822265 0.822265 0.822269 0.822273 0.822275 0.822278 0.822283 0.822287 0.82229 0.822294 0.822299 0.822303 0.822307 0.82231 0.822316 0.82232 0.822323 0.822326 0.822331 0.822334 0.822335 0.822338 
0.859666 0.859661 0.85967 0.859678 0.859672 0.85967 0.859679 0.85968 0.859674 0.859676 0.859681 0.859677 0.859675 0.859677 0.859675 0.85967 0.859672 0.859671 0.859663 0.859662 0.859665 0.859659 0.85965 0.859652 0.859654 0.859644 0.859638 0.859643 0.85964 0.859629 0.859629 0.859635 0.859626 0.859618 0.859625 0.859626 0.859615 0.859614 0.859623 0.85962 0.859611 0.859617 0.859624 0.859617 0.859614 0.859623 0.859627 0.859622 0.859623 0.859632 0.859635 0.859631 0.859633 0.859643 0.859646 0.859641 0.859645 0.859656 0.859658 0.859652 0.859658 0.859669 
0.888725 0.88873 0.888722 0.888721 0.88873 0.88873 0.888727 0.888729 0.888731 0.888731 0.888735 0.888735 0.888731 0.888735 0.888741 0.888736 0.888731 0.88874 0.888743 0.888733 0.888732 0.888743 0.88874 0.888729 0.888735 0.888743 0.888733 0.888727 0.888739 0.888739 0.888725 0.888727 0.888739 0.88873 0.888718 0.888729 0.888736 0.888721 0.888716 0.888731 0.888728 0.888714 0.888718 0.888729 0.888721 0.888711 0.888719 0.888725 0.888718 0.888711 0.888718 0.888723 0.888718 0.888711 0.888717 0.888725 0.888719 0.888711 0.888719 0.888728 0.88872 0.888713 
0.90956 0.909355 0.909453 0.909627 0.909486 0.90936 0.909518 0.909579 0.909431 0.909431 0.909544 0.909497 0.909441 0.909517 0.909512 0.909439 0.909507 0.909563 0.909451 0.909438 0.909584 0.909554 0.909405 0.909492 0.909635 0.909502 0.909398 0.909579 0.909634 0.909433 0.909449 0.90966 0.909571 0.909391 0.909549 0.909683 0.909477 0.909413 0.909645 0.909632 0.90941 0.909487 0.909679 0.909551 0.909402 0.909553 0.909652 0.909495 0.909426 0.909571 0.909615 0.909474 0.909431 0.909564 0.909603 0.909452 0.909411 0.909577 0.909598 0.909403 0.909409 0.909616 
0.922059 0.922081 0.921819 0.921851 0.922089 0.92199 0.921798 0.921929 0.922046 0.921906 0.921865 0.92198 0.92195 0.921894 0.921973 0.921962 0.921868 0.92196 0.922053 0.921898 0.921851 0.922067 0.922066 0.921831 0.921914 0.922162 0.922006 0.921807 0.922046 0.922189 0.921903 0.921868 0.922188 0.922115 0.921829 0.922013 0.922249 0.921982 0.921848 0.922162 0.922193 0.921882 0.921944 0.922223 0.922084 0.921864 0.922034 0.922189 0.922007 0.921892 0.922053 0.922133 0.921982 0.921895 0.922027 0.922114 0.921961 0.921853 0.922022 0.922118 0.921897 0.92182 
0.92612 0.926058 0.926098 0.926137 0.926073 0.926041 0.92611 0.926114 0.926038 0.926052 0.926124 0.926089 0.926029 0.926083 0.926131 0.926074 0.926049 0.926119 0.926136 0.926076 0.926086 0.926154 0.926141 0.926093 0.926135 0.926186 0.926142 0.926123 0.926192 0.926202 0.926141 0.926172 0.926241 0.926192 0.926152 0.926232 0.926256 0.926169 0.926184 0.926274 0.926232 0.926156 0.926223 0.926277 0.926192 0.926161 0.926244 0.926244 0.926157 0.92617 0.926236 0.926195 0.92613 0.92617 0.926206 0.926144 0.926109 0.926162 0.926165 0.926096 0.926096 0.926152 
0.921816 0.921742 0.922097 0.922065 0.921719 0.92183 0.922125 0.921937 0.921728 0.92195 0.922059 0.921849 0.921841 0.922013 0.921949 0.921861 0.92198 0.921995 0.921874 0.921954 0.922072 0.921934 0.921873 0.922076 0.922089 0.921875 0.921948 0.922177 0.922037 0.921857 0.922078 0.922208 0.921946 0.92191 0.922205 0.922147 0.921876 0.922027 0.922257 0.922033 0.921877 0.922139 0.922211 0.921938 0.92193 0.922182 0.922125 0.921895 0.921972 0.922163 0.922058 0.921869 0.92197 0.922144 0.92201 0.921813 0.921967 0.922153 0.921932 0.921747 0.922016 0.922145 
0.909367 0.90958 0.909494 0.909304 0.909433 0.909579 0.909429 0.909346 0.9095 0.909526 0.909411 0.909443 0.909518 0.909467 0.909463 0.909533 0.90949 0.909451 0.909553 0.909572 0.909453 0.909491 0.909634 0.909559 0.90944 0.909571 0.909671 0.909512 0.909468 0.909659 0.909647 0.909461 0.909542 0.90971 0.909569 0.909447 0.909632 0.909689 0.909482 0.909485 0.909682 0.909611 0.909434 0.909536 0.909666 0.90953 0.909428 0.909554 0.909615 0.909482 0.909422 0.909536 0.909579 0.90945 0.90939 0.909522 0.909569 0.909401 0.909356 0.909544 0.909549 0.909334 
0.888663 0.888661 0.88868 0.888684 0.888677 0.888685 0.888699 0.8887 0.888702 0.888715 0.88872 0.888722 0.888734 0.888742 0.888741 0.888749 0.888763 0.888763 0.888762 0.888774 0.888783 0.888777 0.88878 0.888792 0.888791 0.888784 0.88879 0.888798 0.888789 0.888782 0.888792 0.888792 0.888776 0.888774 0.888784 0.888773 0.888756 0.888761 0.888765 0.888746 0.888734 0.888742 0.888738 0.888717 0.888712 0.888719 0.888709 0.888691 0.88869 0.888696 0.888686 0.88867 0.888672 0.88868 0.88867 0.888656 0.888663 0.888673 0.888662 0.888651 0.888666 0.888676 
0.859615 0.85963 0.85963 0.859631 0.859645 0.859657 0.859657 0.859662 0.859675 0.859681 0.859683 0.859691 0.859698 0.859701 0.859706 0.859711 0.859711 0.859713 0.859719 0.859719 0.859714 0.859716 0.85972 0.859713 0.859706 0.85971 0.859708 0.859695 0.859691 0.859693 0.859684 0.859671 0.85967 0.859669 0.859654 0.859644 0.859647 0.859639 0.859624 0.85962 0.859622 0.85961 0.859599 0.859601 0.859599 0.859588 0.859583 0.859587 0.859585 0.859577 0.859576 0.859581 0.859582 0.859577 0.859578 0.859587 0.85959 0.859586 0.859591 0.859605 0.859608 0.859605 
0.822314 0.822322 0.822331 0.822337 0.822342 0.822349 0.822356 0.82236 0.822364 0.822369 0.822372 0.822374 0.822376 0.822377 0.822377 0.822376 0.822375 0.822373 0.822369 0.822366 0.822362 0.822356 0.822351 0.822346 0.822339 0.822331 0.822325 0.822318 0.82231 0.822302 0.822296 0.822288 0.822279 0.822273 0.822268 0.822261 0.822254 0.82225 0.822246 0.82224 0.822236 0.822235 0.822233 0.82223 0.82223 0.822231 0.822231 0.822231 0.822234 0.822238 0.822241 0.822244 0.82225 0.822256 0.82226 0.822265 0.822273 0.822281 0.822286 0.822293 0.822302 0.822309 
0.776795 0.776801 0.776804 0.776807 0.776811 0.776814 0.776815 0.776816 0.776817 0.776817 0.776815 0.776814 0.776812 0.776808 0.776805 0.7768 0.776795 0.77679 0.776784 0.776778 0.776771 0.776764 0.776757 0.77675 0.776742 0.776736 0.776729 0.776721 0.776715 0.77671 0.776703 0.776698 0.776694 0.77669 0.776686 0.776683 0.776682 0.77668 0.776678 0.776679 0.77668 0.776681 0.776683 0.776686 0.77669 0.776693 0.776697 0.776703 0.776708 0.776713 0.77672 0.776726 0.776733 0.776739 0.776746 0.776753 0.77676 0.776766 0.776773 0.776779 0.776785 0.77679 
0.723134 0.723135 0.723136 0.723136 0.723135 0.723134 0.723132 0.72313 0.723127 0.723124 0.72312 0.723116 0.723111 0.723106 0.723101 0.723096 0.72309 0.723084 0.723079 0.723073 0.723067 0.723061 0.723056 0.723051 0.723046 0.723041 0.723037 0.723033 0.72303 0.723028 0.723026 0.723024 0.723023 0.723023 0.723023 0.723024 0.723026 0.723028 0.723031 0.723034 0.723037 0.723042 0.723046 0.723051 0.723056 0.723062 0.723067 0.723073 0.723078 0.723084 0.72309 0.723095 0.7231 0.723106 0.72311 0.723115 0.723119 0.723123 0.723126 0.723129 0.723131 0.723133 
0.6615 0.661498 0.661496 0.661494 0.661492 0.661489 0.661486 0.661482 0.661479 0.661475 0.661472 0.661468 0.661464 0.66146 0.661456 0.661452 0.661448 0.661445 0.661441 0.661438 0.661435 0.661432 0.66143 0.661427 0.661426 0.661424 0.661423 0.661423 0.661423 0.661423 0.661424 0.661425 0.661427 0.661429 0.661431 0.661434 0.661437 0.661441 0.661444 0.661448 0.661452 0.661456 0.66146 0.661465 0.661469 0.661473 0.661477 0.661481 0.661484 0.661488 0.661491 0.661494 0.661496 0.661498 0.6615 0.661501 0.661502 0.661503 0.661503 0.661503 0.661502 0.661501 
0.592172 0.59217 0.592168 0.592166 0.592164 0.592162 0.592159 0.592157 0.592155 0.592153 0.592151 0.592149 0.592147 0.592145 0.592143 0.592141 0.59214 0.592138 0.592137 0.592136 0.592135 0.592135 0.592134 0.592134 0.592134 0.592135 0.592135 0.592136 0.592138 0.592139 0.592141 0.592142 0.592144 0.592147 0.592149 0.592151 0.592154 0.592157 0.592159 0.592162 0.592164 0.592167 0.592169 0.592172 0.592174 0.592176 0.592177 0.592179 0.59218 0.592181 0.592182 0.592182 0.592183 0.592183 0.592182 0.592182 0.592181 0.59218 0.592179 0.592177 0.592176 0.592174 
0.515562 0.515561 0.515559 0.515558 0.515557 0.515556 0.515555 0.515555 0.515554 0.515553 0.515552 0.515552 0.515551 0.515551 0.51555 0.51555 0.51555 0.51555 0.515549 0.515549 0.515549 0.51555 0.51555 0.51555 0.515551 0.515551 0.515552 0.515553 0.515554 0.515554 0.515556 0.515557 0.515558 0.515559 0.515561 0.515562 0.515563 0.515564 0.515566 0.515567 0.515568 0.515569 0.51557 0.515571 0.515572 0.515572 0.515573 0.515573 0.515573 0.515573 0.515573 0.515572 0.515572 0.515571 0.51557 0.515569 0.515568 0.515567 0.515566 0.515565 0.515564 0.515563 
0.432237 0.432237 0.432237 0.432236 0.432236 0.432236 0.432236 0.432236 0.432236 0.432235 0.432235 0.432235 0.432235 0.432235 0.432235 0.432235 0.432235 0.432235 0.432235 0.432235 0.432235 0.432235 0.432235 0.432235 0.432235 0.432235 0.432235 0.432236 0.432236 0.432236 0.432237 0.432237 0.432237 0.432238 0.432238 0.432239 0.432239 0.43224 0.43224 0.432241 0.432241 0.432242 0.432242 0.432243 0.432243 0.432243 0.432243 0.432243 0.432243 0.432243 0.432243 0.432242 0.432242 0.432242 0.432241 0.432241 0.43224 0.43224 0.432239 0.432239 0.432238 0.432238 
0.342968 0.342968 0.342968 0.342968 0.342968 0.342968 0.342968 0.342968 0.342968 0.342968 0.342968 0.342968 0.342968 0.342968 0.342968 0.342968 0.342968 0.342968 0.342967 0.342967 0.342967 0.342966 0.342966 0.342966 0.342965 0.342965 0.342965 0.342965 0.342965 0.342965 0.342965 0.342965 0.342965 0.342965 0.342965 0.342965 0.342966 0.342966 0.342966 0.342967 0.342967 0.342967 0.342968 0.342968 0.342968 0.342969 0.342969 0.342969 0.342969 0.342969 0.342969 0.342969 0.342969 0.342969 0.342969 0.342969 0.342969 0.342969 0.342969 0.342968 0.342968 0.342968 
0.24875 0.24875 0.24875 0.24875 0.24875 0.24875 0.24875 0.24875 0.24875 0.24875 0.24875 0.24875 0.24875 0.248749 0.248749 0.248749 0.248749 0.248748 0.248748 0.248747 0.248747 0.248746 0.248746 0.248745 0.248745 0.248745 0.248744 0.248744 0.248744 0.248744 0.248744 0.248744 0.248744 0.248744 0.248744 0.248744 0.248744 0.248745 0.248745 0.248745 0.248746 0.248746 0.248747 0.248747 0.248748 0.248748 0.248749 0.248749 0.248749 0.24875 0.24875 0.24875 0.24875 0.24875 0.24875 0.24875 0.24875 0.24875 0.24875 0.24875 0.24875 0.24875 
0.150802 0.150802 0.150802 0.150802 0.150802 0.150802 0.150802 0.150802 0.150802 0.150802 0.150802 0.150801 0.150801 0.150801 0.150801 0.1508 0.1508 0.1508 0.150799 0.150799 0.150798 0.150797 0.150797 0.150796 0.150796 0.150796 0.150795 0.150795 0.150795 0.150795 0.150795 0.150795 0.150795 0.150795 0.150795 0.150795 0.150796 0.150796 0.150797 0.150797 0.150798 0.150798 0.150799 0.150799 0.1508 0.1508 0.150801 0.150801 0.150802 0.150802 0.150802 0.150802 0.150802 0.150802 0.150803 0.150803 0.150803 0.150803 0.150803 0.150803 0.150803 0.150802 
0.0505317 0.0505316 0.0505316 0.0505315 0.0505315 0.0505314 0.0505314 0.0505313 0.0505312 0.0505311 0.050531 0.0505308 0.0505307 0.0505305 0.0505303 0.05053 0.0505297 0.0505294 0.050529 0.0505285 0.0505281 0.0505276 0.0505271 0.0505267 0.0505263 0.0505259 0.0505256 0.0505254 0.0505253 0.0505252 0.0505252 0.0505252 0.0505253 0.0505255 0.0505257 0.050526 0.0505263 0.0505267 0.0505271 0.0505276 0.050528 0.0505286 0.0505291 0.0505296 0.0505301 0.0505306 0.050531 0.0505313 0.0505316 0.0505318 0.050532 0.0505321 0.0505321 0.0505321 0.0505321 0.0505321 0.0505321 0.050532 0.050532 0.0505319 0.0505318 0.0505318 
