0.0504369 0.050437 0.0504371 0.0504371 0.0504371 0.0504371 0.050437 0.0504368 0.0504367 0.0504365 0.0504363 0.050436 0.0504358 0.0504356 0.0504354 0.0504352 0.050435 0.0504349 0.0504348 0.0504347 0.0504346 0.0504346 0.0504346 0.0504346 0.0504346 0.0504346 0.0504347 0.0504347 0.0504348 0.0504348 0.0504349 0.0504349 0.0504349 0.0504348 0.0504348 0.0504347 0.0504346 0.0504345 0.0504344 0.0504343 0.0504342 0.050434 0.0504339 0.0504339 0.0504338 0.0504338 0.0504338 0.0504338 0.0504339 0.050434 0.0504342 0.0504344 0.0504346 0.0504348 0.0504351 0.0504354 0.0504356 0.0504359 0.0504362 0.0504364 0.0504366 0.0504368 
0.150525 0.150525 0.150525 0.150525 0.150525 0.150524 0.150524 0.150524 0.150524 0.150524 0.150523 0.150523 0.150523 0.150522 0.150522 0.150522 0.150522 0.150521 0.150521 0.150521 0.150521 0.150521 0.150521 0.150521 0.150521 0.150521 0.150521 0.150521 0.150521 0.150521 0.150521 0.150521 0.150521 0.150521 0.150521 0.150521 0.150521 0.150521 0.150521 0.150521 0.150521 0.150521 0.150521 0.150521 0.150521 0.150521 0.150521 0.150521 0.150521 0.150521 0.150522 0.150522 0.150522 0.150522 0.150523 0.150523 0.150523 0.150524 0.150524 0.150524 0.150524 0.150524 
0.248305 0.248305 0.248305 0.248305 0.248305 0.248305 0.248305 0.248305 0.248304 0.248304 0.248304 0.248304 0.248303 0.248303 0.248303 0.248302 0.248302 0.248302 0.248302 0.248301 0.248301 0.248301 0.248301 0.248301 0.248301 0.248301 0.248301 0.248301 0.248301 0.248301 0.248301 0.248301 0.248301 0.248301 0.248301 0.248301 0.248301 0.248301 0.248301 0.2483 0.2483 0.2483 0.2483 0.2483 0.2483 0.248301 0.248301 0.248301 0.248301 0.248301 0.248302 0.248302 0.248302 0.248302 0.248303 0.248303 0.248304 0.248304 0.248304 0.248304 0.248305 0.248305 
0.342378 0.342378 0.342378 0.342379 0.342379 0.342379 0.342378 0.342378 0.342378 0.342378 0.342378 0.342378 0.342377 0.342377 0.342377 0.342376 0.342376 0.342376 0.342376 0.342376 0.342376 0.342375 0.342375 0.342375 0.342375 0.342375 0.342375 0.342375 0.342375 0.342375 0.342375 0.342375 0.342375 0.342375 0.342375 0.342374 0.342374 0.342374 0.342374 0.342374 0.342374 0.342374 0.342374 0.342374 0.342373 0.342374 0.342374 0.342374 0.342374 0.342374 0.342374 0.342375 0.342375 0.342375 0.342376 0.342376 0.342376 0.342377 0.342377 0.342377 0.342378 0.342378 
0.431528 0.431528 0.431528 0.431528 0.431528 0.431528 0.431528 0.431528 0.431528 0.431527 0.431527 0.431527 0.431527 0.431527 0.431527 0.431527 0.431527 0.431527 0.431526 0.431526 0.431526 0.431527 0.431527 0.431527 0.431527 0.431527 0.431527 0.431527 0.431527 0.431527 0.431527 0.431527 0.431527 0.431527 0.431527 0.431527 0.431527 0.431527 0.431527 0.431526 0.431526 0.431526 0.431526 0.431526 0.431525 0.431525 0.431525 0.431525 0.431525 0.431525 0.431525 0.431525 0.431525 0.431526 0.431526 0.431526 0.431526 0.431527 0.431527 0.431527 0.431527 0.431527 
0.514756 0.514756 0.514755 0.514755 0.514755 0.514754 0.514754 0.514754 0.514753 0.514753 0.514753 0.514752 0.514752 0.514752 0.514752 0.514752 0.514752 0.514752 0.514752 0.514752 0.514752 0.514752 0.514753 0.514753 0.514754 0.514754 0.514755 0.514755 0.514756 0.514756 0.514757 0.514757 0.514757 0.514758 0.514758 0.514758 0.514758 0.514759 0.514759 0.514759 0.514759 0.514759 0.514759 0.514758 0.514758 0.514758 0.514758 0.514758 0.514758 0.514758 0.514758 0.514757 0.514757 0.514757 0.514757 0.514757 0.514757 0.514757 0.514757 0.514756 0.514756 0.514756 
0.59129 0.591289 0.591288 0.591287 0.591286 0.591285 0.591284 0.591282 0.591281 0.59128 0.591279 0.591278 0.591277 0.591276 0.591276 0.591275 0.591274 0.591274 0.591274 0.591274 0.591274 0.591274 0.591274 0.591275 0.591275 0.591276 0.591277 0.591278 0.591279 0.59128 0.591281 0.591282 0.591283 0.591284 0.591285 0.591286 0.591287 0.591288 0.591289 0.59129 0.591291 0.591292 0.591292 0.591293 0.591293 0.591294 0.591294 0.591294 0.591295 0.591295 0.591295 0.591295 0.591295 0.591295 0.591295 0.591294 0.591294 0.591293 0.591293 0.591292 0.591292 0.591291 
0.66056 0.660559 0.660557 0.660556 0.660554 0.660552 0.66055 0.660548 0.660545 0.660543 0.660541 0.660539 0.660536 0.660534 0.660532 0.66053 0.660528 0.660527 0.660525 0.660524 0.660523 0.660522 0.660522 0.660521 0.660521 0.660521 0.660522 0.660522 0.660523 0.660524 0.660525 0.660526 0.660528 0.66053 0.660531 0.660533 0.660535 0.660537 0.660539 0.660541 0.660543 0.660545 0.660547 0.660549 0.660551 0.660552 0.660554 0.660556 0.660557 0.660559 0.66056 0.660561 0.660562 0.660563 0.660563 0.660564 0.660564 0.660564 0.660563 0.660563 0.660562 0.660561 
0.722161 0.722161 0.72216 0.722159 0.722157 0.722155 0.722153 0.72215 0.722148 0.722145 0.722142 0.722138 0.722135 0.722132 0.722128 0.722125 0.722121 0.722118 0.722115 0.722112 0.722109 0.722106 0.722104 0.722102 0.7221 0.722098 0.722097 0.722097 0.722096 0.722095 0.722096 0.722096 0.722096 0.722098 0.722099 0.7221 0.722102 0.722104 0.722107 0.722109 0.722112 0.722115 0.722117 0.72212 0.722124 0.722127 0.72213 0.722133 0.722137 0.72214 0.722143 0.722145 0.722148 0.722151 0.722153 0.722155 0.722157 0.722159 0.72216 0.722161 0.722161 0.722162 
0.775815 0.775817 0.775818 0.775817 0.775818 0.775818 0.775816 0.775814 0.775814 0.775812 0.775808 0.775806 0.775803 0.775799 0.775795 0.775792 0.775788 0.775783 0.77578 0.775776 0.775771 0.775767 0.775763 0.775759 0.775755 0.775752 0.775749 0.775746 0.775742 0.775741 0.77574 0.775737 0.775736 0.775736 0.775735 0.775734 0.775735 0.775737 0.775737 0.775738 0.775741 0.775743 0.775745 0.775748 0.775752 0.775755 0.775758 0.775762 0.775767 0.77577 0.775774 0.775779 0.775784 0.775787 0.775791 0.775796 0.7758 0.775802 0.775805 0.775809 0.775812 0.775813 
0.821347 0.82135 0.821355 0.821356 0.821356 0.821359 0.821361 0.82136 0.82136 0.821361 0.82136 0.821358 0.821357 0.821355 0.821352 0.82135 0.821348 0.821344 0.821339 0.821337 0.821334 0.821328 0.821324 0.821322 0.821317 0.821311 0.821308 0.821306 0.8213 0.821296 0.821295 0.821292 0.821286 0.821284 0.821285 0.821281 0.821278 0.821279 0.821279 0.821276 0.821276 0.821279 0.821279 0.821278 0.821281 0.821285 0.821286 0.821287 0.821292 0.821297 0.821299 0.821302 0.821308 0.821313 0.821315 0.821319 0.821325 0.82133 0.821332 0.821336 0.821342 0.821346 
0.858661 0.858678 0.858675 0.858665 0.858675 0.858688 0.85868 0.858675 0.858687 0.858691 0.858682 0.858684 0.858691 0.858687 0.858684 0.858688 0.858686 0.85868 0.858683 0.858684 0.858675 0.858672 0.858679 0.858674 0.858662 0.858665 0.858671 0.858659 0.858649 0.858658 0.858658 0.858642 0.858641 0.858651 0.858642 0.858629 0.858637 0.858642 0.858628 0.858623 0.858635 0.858633 0.858619 0.858623 0.858634 0.858627 0.858619 0.858628 0.858635 0.858629 0.858626 0.858636 0.858642 0.858637 0.858635 0.858647 0.858654 0.858647 0.858647 0.858662 0.858667 0.858656 
0.887721 0.88772 0.887735 0.887734 0.887725 0.887729 0.887737 0.887733 0.887732 0.887738 0.887735 0.887734 0.887743 0.887741 0.887732 0.887739 0.88775 0.88774 0.887732 0.887747 0.887751 0.887736 0.887736 0.887752 0.887747 0.887732 0.887742 0.887754 0.887738 0.887731 0.887749 0.887749 0.887728 0.887733 0.887752 0.887737 0.887721 0.887738 0.887747 0.887724 0.88772 0.887741 0.887736 0.887716 0.887722 0.887738 0.887727 0.887713 0.887723 0.887733 0.887722 0.887713 0.887723 0.887731 0.887721 0.887713 0.887724 0.887733 0.887721 0.887714 0.887729 0.887736 
0.90834 0.908648 0.908633 0.908323 0.90841 0.908682 0.908525 0.90832 0.90851 0.908626 0.908436 0.908407 0.908561 0.908515 0.908428 0.908522 0.908532 0.908423 0.908495 0.908598 0.908457 0.908395 0.908595 0.908605 0.908379 0.908444 0.908681 0.90854 0.90834 0.90856 0.908703 0.908432 0.908383 0.908687 0.90863 0.908349 0.908508 0.908742 0.908503 0.908352 0.90864 0.908697 0.908405 0.90843 0.9087 0.908607 0.908379 0.908507 0.908688 0.908544 0.908392 0.908533 0.908666 0.90852 0.908382 0.908537 0.908676 0.908483 0.908345 0.908576 0.908684 0.9084 
0.920921 0.920731 0.92109 0.92118 0.920795 0.920793 0.921149 0.92104 0.920756 0.920923 0.9211 0.9209 0.92084 0.921019 0.920963 0.920849 0.920993 0.921019 0.920823 0.920907 0.921129 0.920935 0.920749 0.921051 0.921183 0.920806 0.92079 0.921223 0.921108 0.920706 0.920966 0.921315 0.920929 0.920728 0.921203 0.921243 0.920765 0.9209 0.921348 0.921053 0.920728 0.921121 0.92132 0.920886 0.920821 0.921248 0.921195 0.920825 0.920938 0.921247 0.921095 0.920836 0.920983 0.921208 0.921058 0.920826 0.920975 0.921211 0.92102 0.920766 0.921004 0.921233 
0.925065 0.925142 0.925186 0.925078 0.925053 0.92516 0.92514 0.925024 0.925072 0.925164 0.925083 0.925007 0.925106 0.92515 0.925042 0.925027 0.925137 0.925129 0.92503 0.925068 0.925163 0.925112 0.925043 0.925123 0.925183 0.925098 0.925081 0.925188 0.925182 0.925092 0.92515 0.92524 0.925155 0.925114 0.925237 0.925245 0.925125 0.925175 0.925296 0.925206 0.925124 0.925248 0.925298 0.92516 0.925156 0.925292 0.925256 0.925134 0.925194 0.925291 0.925202 0.925126 0.925217 0.925258 0.92515 0.925124 0.925221 0.925208 0.925101 0.925128 0.925212 0.925145 
0.920934 0.921274 0.920886 0.920628 0.921073 0.921204 0.920733 0.920718 0.921155 0.921043 0.920697 0.920876 0.921109 0.920902 0.920797 0.920987 0.920983 0.920863 0.920958 0.921002 0.920867 0.920931 0.921092 0.920943 0.920823 0.921067 0.921143 0.920857 0.920879 0.921205 0.921091 0.920803 0.921026 0.921268 0.920972 0.920838 0.921192 0.921216 0.920869 0.920958 0.921279 0.921094 0.920846 0.921087 0.921257 0.92099 0.920884 0.921144 0.921192 0.92094 0.920906 0.921143 0.921155 0.920894 0.920879 0.921161 0.921134 0.920795 0.920863 0.921229 0.92105 0.92067 
0.908628 0.908335 0.908316 0.908614 0.908551 0.90828 0.908401 0.908615 0.908456 0.908321 0.908489 0.908544 0.908414 0.908433 0.908516 0.908458 0.908458 0.908545 0.908483 0.908417 0.908557 0.908603 0.908428 0.908447 0.908664 0.90859 0.90839 0.908543 0.908726 0.908518 0.908408 0.908671 0.908702 0.908433 0.908501 0.908757 0.908599 0.908403 0.908626 0.908745 0.908486 0.908445 0.908702 0.90866 0.908424 0.908509 0.908697 0.908573 0.908414 0.908532 0.908653 0.908526 0.908401 0.908513 0.908632 0.908494 0.908351 0.908507 0.908642 0.908429 0.908302 0.908557 
0.887673 0.887682 0.887666 0.887663 0.887683 0.887686 0.887677 0.887684 0.887698 0.887698 0.8877 0.88771 0.887715 0.887719 0.88773 0.887736 0.887736 0.887747 0.887759 0.887757 0.88776 0.887774 0.88778 0.887775 0.887782 0.887795 0.887792 0.887787 0.887798 0.887804 0.887794 0.887792 0.887804 0.8878 0.887786 0.887789 0.887797 0.887783 0.88777 0.887777 0.887777 0.887759 0.88775 0.887757 0.88775 0.887732 0.887727 0.887731 0.887723 0.887706 0.887702 0.887707 0.887699 0.887682 0.887681 0.887691 0.887681 0.887663 0.88767 0.887683 0.887669 0.887655 
0.858612 0.858604 0.858613 0.858632 0.858632 0.858628 0.858643 0.858657 0.858655 0.858659 0.858674 0.85868 0.858681 0.85869 0.858698 0.8587 0.858706 0.858714 0.858713 0.858715 0.858725 0.858727 0.85872 0.858724 0.858733 0.858726 0.858717 0.858724 0.858727 0.858712 0.858706 0.858714 0.858706 0.858689 0.85869 0.858693 0.858676 0.858664 0.858669 0.858663 0.858644 0.858639 0.858644 0.858631 0.858616 0.858617 0.858618 0.858605 0.858596 0.8586 0.858599 0.85859 0.858585 0.85859 0.858593 0.858585 0.858583 0.858593 0.858598 0.858591 0.858592 0.858608 
0.821306 0.821314 0.821318 0.821326 0.821335 0.821342 0.821346 0.821354 0.821362 0.821366 0.82137 0.821376 0.821381 0.821383 0.821386 0.821388 0.821389 0.82139 0.821391 0.821389 0.821387 0.821386 0.821383 0.821379 0.821375 0.821371 0.821365 0.821358 0.821354 0.821348 0.821339 0.821332 0.821327 0.821319 0.82131 0.821304 0.821298 0.82129 0.821282 0.821278 0.821273 0.821266 0.821261 0.821258 0.821254 0.82125 0.821248 0.821248 0.821247 0.821246 0.821247 0.82125 0.821252 0.821253 0.821258 0.821264 0.821267 0.821271 0.821279 0.821286 0.821291 0.821296 
0.775802 0.775807 0.775813 0.775819 0.775824 0.775827 0.775832 0.775836 0.775838 0.775839 0.775841 0.775842 0.775842 0.775841 0.77584 0.775838 0.775835 0.775832 0.775828 0.775824 0.77582 0.775814 0.775808 0.775803 0.775797 0.77579 0.775783 0.775777 0.775771 0.775763 0.775757 0.775752 0.775745 0.775738 0.775734 0.77573 0.775724 0.77572 0.775718 0.775715 0.775711 0.77571 0.77571 0.77571 0.775709 0.775711 0.775714 0.775716 0.775718 0.775723 0.775727 0.775732 0.775737 0.775743 0.775749 0.775755 0.775761 0.775769 0.775776 0.775781 0.775788 0.775796 
0.722172 0.722175 0.722177 0.722179 0.722181 0.722181 0.722181 0.722181 0.72218 0.722179 0.722176 0.722174 0.722171 0.722168 0.722164 0.72216 0.722155 0.722151 0.722146 0.72214 0.722135 0.72213 0.722125 0.722119 0.722114 0.722109 0.722104 0.7221 0.722095 0.722092 0.722088 0.722085 0.722082 0.72208 0.722078 0.722077 0.722076 0.722076 0.722076 0.722077 0.722078 0.72208 0.722082 0.722085 0.722088 0.722092 0.722096 0.722101 0.722105 0.72211 0.722115 0.722121 0.722126 0.722131 0.722137 0.722142 0.722147 0.722152 0.722157 0.722161 0.722165 0.722169 
0.660579 0.660579 0.660579 0.660578 0.660577 0.660575 0.660573 0.660571 0.660568 0.660565 0.660562 0.660559 0.660555 0.660552 0.660548 0.660545 0.660541 0.660537 0.660534 0.66053 0.660527 0.660523 0.66052 0.660518 0.660515 0.660513 0.660511 0.66051 0.660509 0.660508 0.660507 0.660507 0.660507 0.660508 0.660509 0.66051 0.660511 0.660513 0.660516 0.660518 0.660521 0.660524 0.660527 0.66053 0.660534 0.660537 0.660541 0.660544 0.660548 0.660552 0.660555 0.660559 0.660562 0.660565 0.660568 0.66057 0.660573 0.660575 0.660576 0.660578 0.660579 0.660579 
0.591303 0.591302 0.5913 0.591299 0.591297 0.591295 0.591293 0.591291 0.591289 0.591287 0.591284 0.591282 0.59128 0.591278 0.591276 0.591274 0.591272 0.591271 0.591269 0.591268 0.591267 0.591266 0.591265 0.591264 0.591264 0.591264 0.591264 0.591265 0.591265 0.591266 0.591267 0.591268 0.59127 0.591271 0.591273 0.591274 0.591276 0.591278 0.59128 0.591282 0.591284 0.591286 0.591288 0.591291 0.591293 0.591294 0.591296 0.591298 0.5913 0.591301 0.591302 0.591304 0.591304 0.591305 0.591306 0.591306 0.591306 0.591306 0.591306 0.591306 0.591305 0.591304 
0.514759 0.514758 0.514757 0.514756 0.514755 0.514754 0.514753 0.514752 0.514751 0.51475 0.51475 0.514749 0.514748 0.514747 0.514747 0.514746 0.514746 0.514745 0.514745 0.514745 0.514745 0.514745 0.514746 0.514746 0.514747 0.514747 0.514748 0.514749 0.51475 0.514751 0.514752 0.514753 0.514754 0.514755 0.514756 0.514757 0.514758 0.514759 0.51476 0.51476 0.514761 0.514762 0.514763 0.514763 0.514764 0.514764 0.514765 0.514765 0.514765 0.514765 0.514765 0.514765 0.514765 0.514765 0.514765 0.514764 0.514764 0.514763 0.514763 0.514762 0.514761 0.51476 
0.431526 0.431525 0.431525 0.431525 0.431524 0.431524 0.431524 0.431524 0.431523 0.431523 0.431523 0.431523 0.431523 0.431523 0.431523 0.431523 0.431523 0.431523 0.431523 0.431524 0.431524 0.431524 0.431524 0.431525 0.431525 0.431526 0.431526 0.431527 0.431527 0.431528 0.431528 0.431528 0.431529 0.431529 0.431529 0.43153 0.43153 0.43153 0.43153 0.43153 0.43153 0.43153 0.43153 0.43153 0.43153 0.43153 0.43153 0.43153 0.43153 0.431529 0.431529 0.431529 0.431529 0.431528 0.431528 0.431528 0.431527 0.431527 0.431527 0.431527 0.431526 0.431526 
0.342375 0.342375 0.342375 0.342375 0.342375 0.342375 0.342375 0.342375 0.342375 0.342375 0.342375 0.342375 0.342375 0.342375 0.342376 0.342376 0.342376 0.342376 0.342376 0.342376 0.342376 0.342376 0.342376 0.342376 0.342376 0.342377 0.342377 0.342377 0.342377 0.342377 0.342377 0.342377 0.342377 0.342377 0.342377 0.342377 0.342377 0.342377 0.342377 0.342377 0.342376 0.342376 0.342376 0.342376 0.342376 0.342376 0.342375 0.342375 0.342375 0.342375 0.342375 0.342375 0.342375 0.342375 0.342375 0.342375 0.342375 0.342375 0.342375 0.342375 0.342375 0.342375 
0.248303 0.248303 0.248303 0.248303 0.248303 0.248303 0.248303 0.248303 0.248303 0.248303 0.248303 0.248303 0.248303 0.248303 0.248303 0.248303 0.248303 0.248303 0.248303 0.248303 0.248303 0.248303 0.248303 0.248303 0.248303 0.248303 0.248302 0.248302 0.248302 0.248302 0.248302 0.248302 0.248302 0.248302 0.248302 0.248302 0.248302 0.248302 0.248301 0.248301 0.248301 0.248301 0.248301 0.248301 0.248301 0.248301 0.248301 0.248301 0.248301 0.248301 0.248301 0.248301 0.248301 0.248301 0.248301 0.248302 0.248302 0.248302 0.248302 0.248302 0.248302 0.248303 
0.150523 0.150523 0.150523 0.150523 0.150523 0.150523 0.150523 0.150523 0.150523 0.150523 0.150523 0.150523 0.150523 0.150523 0.150523 0.150523 0.150523 0.150522 0.150522 0.150522 0.150522 0.150522 0.150522 0.150522 0.150522 0.150522 0.150522 0.150522 0.150522 0.150522 0.150522 0.150521 0.150521 0.150521 0.150521 0.150521 0.150521 0.150521 0.150521 0.150521 0.150521 0.150521 0.150521 0.150521 0.150521 0.150521 0.150521 0.150521 0.150521 0.150521 0.150521 0.150521 0.150522 0.150522 0.150522 0.150522 0.150522 0.150522 0.150523 0.150523 0.150523 0.150523 
0.0504357 0.0504358 0.0504359 0.0504359 0.0504359 0.0504359 0.0504359 0.0504359 0.0504359 0.0504358 0.0504358 0.0504357 0.0504356 0.0504356 0.0504355 0.0504354 0.0504353 0.0504353 0.0504352 0.0504352 0.0504351 0.0504351 0.0504351 0.0504351 0.0504351 0.0504351 0.0504351 0.0504351 0.0504351 0.0504352 0.0504352 0.0504352 0.0504351 0.0504351 0.0504351 0.0504351 0.050435 0.050435 0.0504349 0.0504348 0.0504348 0.0504347 0.0504346 0.0504346 0.0504345 0.0504345 0.0504345 0.0504345 0.0504345 0.0504345 0.0504346 0.0504346 0.0504347 0.0504348 0.0504349 0.050435 0.0504351 0.0504352 0.0504354 0.0504355 0.0504356 0.0504357 
