0.0500643 0.0500644 0.0500646 0.0500647 0.0500649 0.050065 0.0500652 0.0500653 0.0500655 0.0500656 0.0500657 0.0500657 0.0500658 0.0500658 0.0500658 0.0500657 0.0500657 0.0500656 0.0500655 0.0500653 0.0500652 0.050065 0.0500649 0.0500647 0.0500646 0.0500644 0.0500643 0.0500642 0.050064 0.050064 0.0500639 0.0500639 0.0500638 0.0500638 0.0500638 0.0500638 0.0500639 0.0500639 0.0500639 0.050064 0.050064 0.050064 0.050064 0.050064 0.050064 0.050064 0.050064 0.050064 0.050064 0.0500639 0.0500639 0.0500639 0.0500639 0.0500639 0.0500638 0.0500638 0.0500639 0.0500639 0.0500639 0.050064 0.0500641 0.0500642 
0.14943 0.14943 0.149431 0.149431 0.149431 0.149431 0.149431 0.149432 0.149432 0.149432 0.149432 0.149432 0.149432 0.149432 0.149432 0.149432 0.149432 0.149432 0.149432 0.149431 0.149431 0.149431 0.149431 0.14943 0.14943 0.14943 0.14943 0.149429 0.149429 0.149429 0.149429 0.149429 0.149429 0.149429 0.149429 0.149429 0.149429 0.149429 0.149429 0.149429 0.149429 0.149429 0.149429 0.149429 0.149429 0.149429 0.149429 0.149429 0.149429 0.149429 0.149429 0.149429 0.149429 0.149429 0.149429 0.149429 0.149429 0.149429 0.14943 0.14943 0.14943 0.14943 
0.246546 0.246546 0.246546 0.246547 0.246547 0.246547 0.246547 0.246548 0.246548 0.246548 0.246548 0.246548 0.246548 0.246548 0.246548 0.246548 0.246548 0.246548 0.246548 0.246548 0.246548 0.246547 0.246547 0.246547 0.246546 0.246546 0.246546 0.246546 0.246545 0.246545 0.246545 0.246545 0.246545 0.246544 0.246544 0.246544 0.246544 0.246544 0.246544 0.246544 0.246544 0.246544 0.246544 0.246544 0.246544 0.246544 0.246544 0.246544 0.246544 0.246544 0.246544 0.246545 0.246545 0.246545 0.246545 0.246545 0.246545 0.246545 0.246545 0.246545 0.246545 0.246546 
0.340039 0.34004 0.34004 0.34004 0.340041 0.340041 0.340041 0.340041 0.340042 0.340042 0.340042 0.340042 0.340043 0.340043 0.340043 0.340043 0.340043 0.340043 0.340043 0.340042 0.340042 0.340042 0.340042 0.340042 0.340041 0.340041 0.340041 0.34004 0.34004 0.34004 0.34004 0.34004 0.340039 0.340039 0.340039 0.340039 0.340039 0.340039 0.340039 0.340039 0.340039 0.340039 0.340039 0.340039 0.340039 0.340039 0.340039 0.340039 0.340039 0.340039 0.340039 0.340039 0.340039 0.340039 0.340039 0.340039 0.340039 0.340039 0.340039 0.340039 0.340039 0.340039 
0.428712 0.428712 0.428712 0.428712 0.428713 0.428713 0.428713 0.428713 0.428713 0.428714 0.428714 0.428714 0.428714 0.428714 0.428714 0.428714 0.428714 0.428714 0.428714 0.428714 0.428714 0.428714 0.428713 0.428713 0.428713 0.428713 0.428713 0.428712 0.428712 0.428712 0.428712 0.428712 0.428712 0.428712 0.428712 0.428712 0.428712 0.428712 0.428712 0.428712 0.428712 0.428712 0.428713 0.428713 0.428713 0.428713 0.428713 0.428713 0.428712 0.428712 0.428712 0.428712 0.428712 0.428712 0.428712 0.428712 0.428712 0.428712 0.428712 0.428712 0.428712 0.428712 
0.511569 0.511569 0.511569 0.511569 0.511569 0.511569 0.511569 0.511569 0.511569 0.511569 0.511569 0.511569 0.511568 0.511568 0.511568 0.511568 0.511567 0.511567 0.511567 0.511566 0.511566 0.511566 0.511565 0.511565 0.511564 0.511564 0.511564 0.511564 0.511563 0.511563 0.511563 0.511563 0.511563 0.511564 0.511564 0.511564 0.511564 0.511565 0.511565 0.511566 0.511566 0.511566 0.511567 0.511567 0.511567 0.511568 0.511568 0.511568 0.511569 0.511569 0.511569 0.511569 0.511569 0.511569 0.511569 0.511569 0.511569 0.511569 0.511569 0.511569 0.511569 0.511569 
0.587827 0.587827 0.587827 0.587827 0.587827 0.587827 0.587827 0.587827 0.587827 0.587826 0.587826 0.587826 0.587825 0.587824 0.587824 0.587823 0.587822 0.587821 0.58782 0.587819 0.587818 0.587817 0.587815 0.587814 0.587813 0.587812 0.587811 0.587811 0.58781 0.587809 0.587809 0.587808 0.587808 0.587808 0.587808 0.587809 0.587809 0.587809 0.58781 0.587811 0.587811 0.587812 0.587813 0.587814 0.587815 0.587816 0.587817 0.587818 0.587818 0.587819 0.58782 0.587821 0.587822 0.587823 0.587823 0.587824 0.587824 0.587825 0.587825 0.587826 0.587826 0.587826 
0.656892 0.656894 0.656895 0.656896 0.656897 0.656898 0.656898 0.656899 0.656899 0.656899 0.656899 0.656898 0.656898 0.656897 0.656896 0.656895 0.656894 0.656892 0.65689 0.656888 0.656887 0.656885 0.656882 0.65688 0.656878 0.656876 0.656874 0.656872 0.65687 0.656868 0.656867 0.656866 0.656864 0.656863 0.656863 0.656862 0.656861 0.656861 0.656862 0.656861 0.656862 0.656863 0.656863 0.656864 0.656865 0.656866 0.656867 0.656869 0.65687 0.656872 0.656873 0.656875 0.656877 0.656879 0.65688 0.656882 0.656884 0.656886 0.656887 0.656888 0.65689 0.656892 
0.718342 0.718344 0.718347 0.71835 0.718352 0.718354 0.718356 0.718359 0.71836 0.718361 0.718363 0.718364 0.718364 0.718364 0.718364 0.718364 0.718363 0.718361 0.71836 0.718359 0.718356 0.718354 0.718351 0.718349 0.718346 0.718342 0.718339 0.718336 0.718333 0.71833 0.718327 0.718324 0.718321 0.718318 0.718316 0.718314 0.718312 0.718311 0.718309 0.718308 0.718307 0.718307 0.718306 0.718306 0.718306 0.718307 0.718307 0.718308 0.718309 0.718311 0.718312 0.718314 0.718316 0.718318 0.718321 0.718323 0.718325 0.718328 0.718331 0.718333 0.718336 0.718339 
0.771889 0.771893 0.771901 0.771903 0.771902 0.77191 0.771916 0.771916 0.771917 0.771924 0.771928 0.771927 0.771929 0.771934 0.771935 0.771933 0.771936 0.771937 0.771936 0.771934 0.771935 0.771932 0.77193 0.77193 0.771926 0.771922 0.771921 0.771919 0.771913 0.771908 0.771908 0.771904 0.771897 0.771894 0.771895 0.771889 0.771882 0.771883 0.771881 0.771876 0.771871 0.771874 0.77187 0.771865 0.771865 0.771867 0.771864 0.771861 0.771864 0.771864 0.771863 0.771862 0.771866 0.771868 0.771868 0.771869 0.771874 0.771877 0.771877 0.771879 0.771886 0.771889 
0.81737 0.817369 0.817372 0.817381 0.817383 0.817383 0.817388 0.817397 0.817398 0.817399 0.817405 0.817413 0.817413 0.817413 0.81742 0.817424 0.817424 0.817423 0.817428 0.81743 0.817428 0.817427 0.817429 0.817429 0.817425 0.817424 0.817423 0.817421 0.817417 0.817414 0.817412 0.817409 0.817406 0.817402 0.817399 0.817396 0.817393 0.817389 0.817385 0.817384 0.81738 0.817376 0.817372 0.817372 0.817368 0.817364 0.817363 0.817361 0.817359 0.817356 0.817357 0.817356 0.817354 0.817354 0.817356 0.817356 0.817355 0.817357 0.817361 0.81736 0.81736 0.817366 
0.854653 0.854658 0.854711 0.85469 0.85465 0.854682 0.854722 0.854687 0.854661 0.854712 0.854722 0.854688 0.854686 0.854728 0.85472 0.854698 0.854714 0.854729 0.854719 0.854716 0.85473 0.85472 0.85472 0.854736 0.854728 0.854708 0.854727 0.854748 0.854712 0.854698 0.85474 0.85474 0.854694 0.8547 0.854748 0.854717 0.85468 0.854713 0.854736 0.854693 0.854677 0.854722 0.854711 0.854674 0.854683 0.854715 0.854688 0.854663 0.854688 0.8547 0.854674 0.85466 0.854684 0.854691 0.854667 0.854655 0.854682 0.854692 0.854661 0.85465 0.854692 0.854694 
0.883735 0.883719 0.883778 0.883773 0.883717 0.883739 0.883782 0.883761 0.883717 0.883764 0.883773 0.88375 0.883742 0.88377 0.883761 0.883751 0.883772 0.883758 0.88375 0.883771 0.883783 0.88374 0.88375 0.883795 0.88377 0.883728 0.883766 0.883804 0.883747 0.883728 0.883793 0.883789 0.88373 0.883746 0.88381 0.883764 0.883724 0.883779 0.8838 0.883746 0.883735 0.883801 0.883778 0.883737 0.883758 0.883795 0.883762 0.883738 0.88377 0.883779 0.883756 0.883742 0.883764 0.883772 0.883755 0.883736 0.883757 0.883775 0.88375 0.883722 0.883764 0.883775 
0.904324 0.903999 0.904954 0.905027 0.90403 0.90416 0.905184 0.904748 0.903884 0.904485 0.90516 0.904443 0.903982 0.904738 0.904924 0.90428 0.904252 0.904771 0.904632 0.904328 0.904528 0.904592 0.904416 0.904569 0.904656 0.904299 0.904387 0.90488 0.904552 0.904051 0.904592 0.905041 0.904283 0.904021 0.904912 0.904911 0.904041 0.904269 0.905091 0.90459 0.903998 0.904642 0.905 0.904305 0.904175 0.904878 0.904778 0.904196 0.904402 0.904904 0.904631 0.904216 0.904499 0.904893 0.904602 0.904188 0.904521 0.904987 0.904539 0.90406 0.904663 0.905101 
0.918094 0.917454 0.915867 0.916871 0.918368 0.916818 0.915773 0.917566 0.918113 0.916248 0.916111 0.918018 0.917535 0.915993 0.916701 0.917992 0.916969 0.91612 0.917219 0.917599 0.916596 0.916574 0.917433 0.91703 0.916544 0.917181 0.917227 0.916508 0.916913 0.917594 0.916694 0.916313 0.917559 0.917495 0.916162 0.91663 0.918001 0.916987 0.915975 0.91728 0.917898 0.91647 0.916264 0.917756 0.917454 0.916237 0.916774 0.917825 0.917068 0.916279 0.917119 0.917751 0.916868 0.916335 0.917305 0.917784 0.916658 0.916296 0.917621 0.917789 0.916264 0.916407 
0.921287 0.921503 0.921064 0.920953 0.921444 0.921359 0.920919 0.921111 0.921484 0.921172 0.920868 0.921275 0.921422 0.921 0.920906 0.921373 0.921329 0.92086 0.920983 0.921438 0.921204 0.920757 0.921107 0.921481 0.921011 0.920746 0.921295 0.921407 0.920812 0.920899 0.921458 0.92117 0.920761 0.921178 0.921438 0.920913 0.920922 0.921421 0.921217 0.920825 0.9212 0.921476 0.920971 0.920928 0.921444 0.921348 0.920852 0.921125 0.921552 0.921169 0.920865 0.921324 0.921526 0.921026 0.920957 0.921472 0.921414 0.920929 0.921104 0.921542 0.921248 0.920891 
0.916394 0.916878 0.917853 0.917025 0.916212 0.917221 0.917834 0.916647 0.916293 0.917557 0.917518 0.916402 0.916628 0.91761 0.9171 0.91644 0.917011 0.917323 0.916795 0.916792 0.91717 0.916835 0.916787 0.917303 0.91693 0.916412 0.91718 0.917594 0.916409 0.91634 0.917787 0.917369 0.915974 0.916762 0.918105 0.916803 0.915942 0.917452 0.91783 0.916327 0.916398 0.917877 0.917233 0.91621 0.917067 0.917783 0.916764 0.916451 0.917473 0.917463 0.916617 0.916758 0.917501 0.917294 0.916665 0.916837 0.91747 0.917324 0.916612 0.916779 0.917631 0.917287 
0.904879 0.905074 0.904087 0.904096 0.905138 0.904825 0.903872 0.904376 0.90519 0.904477 0.903884 0.904679 0.904991 0.904226 0.904116 0.904805 0.904673 0.90418 0.904436 0.904702 0.904378 0.904367 0.904682 0.904418 0.904233 0.90473 0.904706 0.904079 0.904361 0.905063 0.904467 0.903894 0.904741 0.905108 0.904126 0.90404 0.905111 0.904828 0.903927 0.90447 0.905189 0.904442 0.904016 0.904882 0.90499 0.904191 0.9043 0.905039 0.904745 0.90415 0.904522 0.905017 0.904617 0.904174 0.904592 0.905025 0.90455 0.904108 0.904667 0.905102 0.904373 0.90402 
0.883785 0.883773 0.883687 0.883707 0.883776 0.883728 0.883663 0.883724 0.883752 0.88369 0.883673 0.883736 0.883719 0.883674 0.883706 0.883732 0.883694 0.883688 0.883739 0.883721 0.883685 0.883725 0.88376 0.88371 0.8837 0.883769 0.883766 0.883705 0.883743 0.883803 0.88376 0.88372 0.883801 0.883818 0.883747 0.883768 0.883843 0.883812 0.883749 0.883824 0.883859 0.883792 0.883775 0.883855 0.88385 0.883776 0.883801 0.883858 0.883827 0.883769 0.883807 0.883845 0.883802 0.883757 0.883796 0.883828 0.883772 0.883731 0.883786 0.883807 0.883731 0.88371 
0.85468 0.854663 0.85461 0.85463 0.854678 0.854639 0.8546 0.854648 0.854671 0.854626 0.854614 0.854668 0.854665 0.854631 0.854647 0.854681 0.854667 0.854655 0.854683 0.85469 0.854679 0.854694 0.854711 0.854696 0.854702 0.854736 0.854724 0.854703 0.854737 0.854764 0.854728 0.854718 0.854775 0.854771 0.854726 0.854745 0.854794 0.85476 0.854726 0.854773 0.854786 0.85474 0.854733 0.85478 0.85476 0.854719 0.854737 0.854761 0.85473 0.8547 0.854725 0.854734 0.854701 0.854678 0.854702 0.85471 0.854671 0.854651 0.854685 0.854688 0.854638 0.85463 
0.817327 0.817328 0.817326 0.817326 0.81733 0.817335 0.817335 0.817339 0.817345 0.817351 0.817354 0.81736 0.817368 0.817374 0.81738 0.817386 0.817393 0.817399 0.817406 0.817411 0.817417 0.817423 0.817429 0.817432 0.817435 0.817441 0.817446 0.817445 0.817446 0.817451 0.817453 0.817449 0.81745 0.817454 0.817451 0.817446 0.817446 0.817446 0.817439 0.817435 0.817433 0.817429 0.81742 0.817416 0.817413 0.817404 0.817396 0.817393 0.817388 0.817377 0.817371 0.817368 0.817362 0.817353 0.817348 0.817347 0.817341 0.817334 0.817332 0.817332 0.817329 0.817325 
0.77185 0.771852 0.771851 0.771858 0.771866 0.771868 0.77187 0.771881 0.771888 0.77189 0.771895 0.771906 0.771911 0.771913 0.771921 0.771929 0.771932 0.771935 0.771942 0.771946 0.771947 0.771951 0.771954 0.771954 0.771955 0.771958 0.771956 0.771953 0.771954 0.771954 0.771948 0.771944 0.771946 0.771942 0.771933 0.771931 0.77193 0.771922 0.771913 0.771913 0.771908 0.771898 0.771892 0.771891 0.771884 0.771875 0.771872 0.771869 0.771862 0.771855 0.771854 0.771852 0.771846 0.771842 0.771843 0.771843 0.771839 0.771838 0.771842 0.771843 0.771841 0.771842 
0.718313 0.718317 0.718321 0.718326 0.718331 0.718336 0.718341 0.718346 0.718351 0.718355 0.718359 0.718364 0.718368 0.718371 0.718374 0.718377 0.718379 0.718381 0.718382 0.718382 0.718382 0.718382 0.718381 0.718379 0.718377 0.718375 0.718372 0.718369 0.718365 0.718362 0.718358 0.718353 0.718349 0.718345 0.71834 0.718335 0.718331 0.718327 0.718322 0.718318 0.718314 0.71831 0.718306 0.718303 0.7183 0.718297 0.718294 0.718292 0.718291 0.718289 0.718288 0.718288 0.718288 0.718289 0.71829 0.718292 0.718293 0.718295 0.718298 0.718302 0.718305 0.718308 
0.656884 0.656887 0.65689 0.656893 0.656897 0.656899 0.656902 0.656905 0.656907 0.656909 0.65691 0.656912 0.656913 0.656913 0.656914 0.656914 0.656914 0.656912 0.656912 0.65691 0.656908 0.656906 0.656904 0.656901 0.656898 0.656895 0.656891 0.656888 0.656885 0.656881 0.656878 0.656874 0.656872 0.656868 0.656865 0.656863 0.65686 0.656858 0.656855 0.656854 0.656852 0.656851 0.65685 0.656849 0.656849 0.656848 0.656848 0.656849 0.65685 0.65685 0.656852 0.656854 0.656855 0.656857 0.65686 0.656863 0.656865 0.656868 0.656871 0.656874 0.656877 0.656881 
0.587831 0.587832 0.587833 0.587835 0.587836 0.587837 0.587837 0.587838 0.587838 0.587838 0.587838 0.587838 0.587838 0.587837 0.587836 0.587835 0.587834 0.587832 0.58783 0.587829 0.587827 0.587825 0.587823 0.58782 0.587818 0.587816 0.587814 0.587812 0.58781 0.587808 0.587806 0.587805 0.587803 0.587802 0.587801 0.5878 0.5878 0.587799 0.587799 0.587799 0.5878 0.5878 0.5878 0.587801 0.587802 0.587803 0.587804 0.587806 0.587807 0.587809 0.58781 0.587812 0.587814 0.587816 0.587817 0.587819 0.587821 0.587823 0.587824 0.587826 0.587828 0.587829 
0.511576 0.511576 0.511576 0.511576 0.511576 0.511576 0.511576 0.511576 0.511575 0.511575 0.511574 0.511574 0.511573 0.511572 0.511572 0.511571 0.51157 0.511569 0.511568 0.511567 0.511566 0.511565 0.511564 0.511563 0.511562 0.511561 0.51156 0.511559 0.511558 0.511558 0.511557 0.511557 0.511557 0.511557 0.511557 0.511557 0.511558 0.511558 0.511559 0.511559 0.51156 0.511561 0.511561 0.511562 0.511563 0.511564 0.511565 0.511566 0.511567 0.511568 0.511569 0.511569 0.51157 0.511571 0.511572 0.511572 0.511573 0.511574 0.511574 0.511575 0.511575 0.511575 
0.428715 0.428715 0.428715 0.428715 0.428715 0.428715 0.428714 0.428714 0.428714 0.428714 0.428714 0.428714 0.428714 0.428713 0.428713 0.428713 0.428712 0.428712 0.428712 0.428711 0.428711 0.428711 0.42871 0.42871 0.42871 0.428709 0.428709 0.428709 0.428709 0.428709 0.428709 0.428709 0.428709 0.428709 0.428709 0.42871 0.42871 0.428711 0.428711 0.428711 0.428712 0.428712 0.428713 0.428713 0.428713 0.428714 0.428714 0.428714 0.428715 0.428715 0.428715 0.428715 0.428715 0.428715 0.428715 0.428715 0.428715 0.428715 0.428715 0.428715 0.428715 0.428715 
0.34004 0.34004 0.34004 0.34004 0.34004 0.34004 0.34004 0.34004 0.34004 0.340041 0.340041 0.340041 0.340041 0.340041 0.340041 0.340041 0.340041 0.340041 0.340041 0.340041 0.340041 0.34004 0.34004 0.34004 0.34004 0.34004 0.34004 0.34004 0.34004 0.340039 0.340039 0.340039 0.34004 0.34004 0.34004 0.34004 0.34004 0.34004 0.34004 0.34004 0.34004 0.34004 0.34004 0.34004 0.340041 0.34004 0.340041 0.34004 0.34004 0.34004 0.34004 0.34004 0.34004 0.34004 0.34004 0.34004 0.34004 0.34004 0.34004 0.340039 0.340039 0.340039 
0.246545 0.246545 0.246545 0.246546 0.246546 0.246546 0.246546 0.246547 0.246547 0.246547 0.246547 0.246547 0.246548 0.246548 0.246548 0.246548 0.246548 0.246548 0.246548 0.246548 0.246547 0.246547 0.246547 0.246547 0.246547 0.246546 0.246546 0.246546 0.246546 0.246546 0.246546 0.246545 0.246545 0.246545 0.246545 0.246545 0.246545 0.246545 0.246545 0.246545 0.246545 0.246545 0.246545 0.246545 0.246545 0.246545 0.246545 0.246545 0.246545 0.246545 0.246545 0.246545 0.246544 0.246544 0.246544 0.246544 0.246544 0.246544 0.246544 0.246544 0.246545 0.246545 
0.14943 0.14943 0.14943 0.14943 0.149431 0.149431 0.149431 0.149431 0.149432 0.149432 0.149432 0.149432 0.149432 0.149432 0.149432 0.149432 0.149432 0.149432 0.149432 0.149432 0.149431 0.149431 0.149431 0.149431 0.149431 0.14943 0.14943 0.14943 0.14943 0.14943 0.149429 0.149429 0.149429 0.149429 0.149429 0.149429 0.149429 0.149429 0.149429 0.149429 0.149429 0.149429 0.149429 0.149429 0.149429 0.149429 0.149429 0.149429 0.149429 0.149429 0.149429 0.149429 0.149429 0.149429 0.149429 0.149429 0.149429 0.149429 0.149429 0.149429 0.149429 0.149429 
0.0500643 0.0500644 0.0500646 0.0500647 0.0500649 0.0500651 0.0500652 0.0500654 0.0500655 0.0500656 0.0500657 0.0500658 0.0500659 0.0500659 0.0500659 0.0500658 0.0500658 0.0500657 0.0500655 0.0500654 0.0500653 0.0500651 0.0500649 0.0500648 0.0500646 0.0500645 0.0500643 0.0500642 0.0500641 0.050064 0.0500639 0.0500639 0.0500638 0.0500638 0.0500638 0.0500638 0.0500638 0.0500638 0.0500638 0.0500638 0.0500638 0.0500638 0.0500638 0.0500638 0.0500638 0.0500638 0.0500638 0.0500638 0.0500637 0.0500637 0.0500637 0.0500637 0.0500636 0.0500636 0.0500636 0.0500637 0.0500637 0.0500637 0.0500638 0.0500639 0.050064 0.0500641 
