0.0603224 0.0603181 0.0603133 0.0603078 0.0603019 0.0602955 0.0602888 0.0602817 0.0602743 0.0602668 0.0602592 0.0602516 0.060244 0.0602365 0.0602293 0.0602223 0.0602157 0.0602095 0.0602038 0.0601987 0.0601941 0.0601902 0.060187 0.0601845 0.0601827 0.0601817 0.0601815 0.060182 0.0601833 0.0601854 0.0601882 0.0601917 0.0601959 0.0602007 0.060206 0.0602119 0.0602183 0.060225 0.0602321 0.0602395 0.060247 0.0602546 0.0602622 0.0602698 0.0602772 0.0602845 0.0602914 0.060298 0.0603042 0.0603099 0.060315 0.0603196 0.0603235 0.0603267 0.0603292 0.060331 0.060332 0.0603323 0.0603318 0.0603306 0.0603286 0.0603258 
0.178327 0.178319 0.178309 0.178297 0.178283 0.178269 0.178252 0.178235 0.178217 0.178198 0.178178 0.178158 0.178138 0.178118 0.178098 0.178078 0.178059 0.178041 0.178024 0.178008 0.177993 0.17798 0.177969 0.177959 0.177951 0.177945 0.177941 0.177939 0.177939 0.177941 0.177945 0.177951 0.177959 0.177969 0.177981 0.177994 0.178009 0.178025 0.178042 0.17806 0.178079 0.178099 0.178119 0.178139 0.178159 0.178179 0.178199 0.178218 0.178236 0.178253 0.178269 0.178283 0.178297 0.178308 0.178318 0.178326 0.178332 0.178336 0.178338 0.178338 0.178336 0.178332 
0.290053 0.290052 0.290048 0.290041 0.290032 0.29002 0.290005 0.289989 0.28997 0.28995 0.289927 0.289904 0.289879 0.289853 0.289827 0.2898 0.289773 0.289746 0.289719 0.289693 0.289668 0.289645 0.289622 0.289602 0.289583 0.289567 0.289552 0.28954 0.289531 0.289524 0.28952 0.289519 0.28952 0.289524 0.289531 0.28954 0.289552 0.289567 0.289583 0.289602 0.289622 0.289644 0.289668 0.289693 0.289719 0.289745 0.289772 0.289799 0.289826 0.289852 0.289878 0.289903 0.289926 0.289949 0.289969 0.289988 0.290004 0.290019 0.29003 0.29004 0.290047 0.290051 
0.393965 0.393976 0.393984 0.393988 0.39399 0.393988 0.393984 0.393976 0.393965 0.393951 0.393935 0.393916 0.393895 0.393871 0.393846 0.393819 0.393791 0.393761 0.393731 0.3937 0.393669 0.393639 0.393608 0.393579 0.393551 0.393524 0.393499 0.393475 0.393454 0.393435 0.393419 0.393406 0.393395 0.393388 0.393383 0.393382 0.393384 0.393388 0.393396 0.393407 0.393421 0.393437 0.393456 0.393478 0.393501 0.393526 0.393553 0.393582 0.393611 0.393641 0.393672 0.393702 0.393733 0.393763 0.393792 0.39382 0.393847 0.393872 0.393896 0.393917 0.393935 0.393951 
0.489618 0.48964 0.489659 0.489676 0.48969 0.489701 0.489709 0.489713 0.489714 0.489711 0.489705 0.489696 0.489684 0.489669 0.489651 0.48963 0.489606 0.489581 0.489553 0.489524 0.489493 0.489461 0.489428 0.489395 0.489362 0.489329 0.489297 0.489266 0.489236 0.489207 0.489181 0.489156 0.489134 0.489115 0.489098 0.489085 0.489074 0.489067 0.489063 0.489062 0.489065 0.489071 0.48908 0.489093 0.489108 0.489126 0.489147 0.489171 0.489196 0.489224 0.489253 0.489284 0.489316 0.489348 0.489381 0.489414 0.489446 0.489478 0.489509 0.489539 0.489567 0.489594 
0.576927 0.576957 0.576984 0.57701 0.577034 0.577056 0.577074 0.57709 0.577102 0.577112 0.577118 0.577121 0.57712 0.577116 0.577108 0.577097 0.577083 0.577066 0.577046 0.577024 0.576999 0.576971 0.576942 0.576911 0.576879 0.576846 0.576813 0.576779 0.576745 0.576712 0.57668 0.576649 0.576619 0.576591 0.576565 0.576541 0.57652 0.576502 0.576486 0.576474 0.576465 0.576459 0.576457 0.576458 0.576462 0.57647 0.576481 0.576495 0.576512 0.576532 0.576555 0.57658 0.576607 0.576636 0.576667 0.576699 0.576731 0.576765 0.576798 0.576831 0.576864 0.576896 
0.655898 0.65593 0.655961 0.655991 0.65602 0.656048 0.656074 0.656098 0.656119 0.656138 0.656154 0.656167 0.656178 0.656185 0.656188 0.656189 0.656186 0.65618 0.656171 0.656158 0.656143 0.656124 0.656103 0.65608 0.656054 0.656027 0.655998 0.655967 0.655936 0.655903 0.655871 0.655838 0.655806 0.655775 0.655744 0.655715 0.655687 0.655661 0.655638 0.655616 0.655598 0.655582 0.655569 0.655559 0.655552 0.655549 0.655549 0.655552 0.655558 0.655568 0.655581 0.655596 0.655615 0.655636 0.655659 0.655685 0.655712 0.655741 0.655771 0.655802 0.655834 0.655866 
0.72655 0.726579 0.726608 0.726637 0.726667 0.726696 0.726724 0.726751 0.726777 0.726801 0.726824 0.726844 0.726862 0.726878 0.726892 0.726902 0.72691 0.726915 0.726916 0.726915 0.726911 0.726904 0.726894 0.726881 0.726866 0.726848 0.726827 0.726805 0.72678 0.726755 0.726727 0.726699 0.72667 0.726641 0.726611 0.726582 0.726553 0.726525 0.726497 0.726472 0.726447 0.726425 0.726405 0.726386 0.726371 0.726358 0.726348 0.72634 0.726336 0.726334 0.726336 0.72634 0.726347 0.726358 0.726371 0.726386 0.726404 0.726424 0.726447 0.726471 0.726496 0.726523 
0.788904 0.788924 0.788946 0.788969 0.788993 0.789018 0.789043 0.789069 0.789094 0.789119 0.789143 0.789166 0.789188 0.789209 0.789229 0.789246 0.789262 0.789276 0.789287 0.789296 0.789302 0.789307 0.789308 0.789307 0.789303 0.789297 0.789288 0.789277 0.789263 0.789248 0.78923 0.789211 0.78919 0.789167 0.789144 0.78912 0.789095 0.78907 0.789044 0.789019 0.788994 0.78897 0.788947 0.788924 0.788904 0.788884 0.788867 0.788851 0.788838 0.788827 0.788818 0.788812 0.788808 0.788807 0.788808 0.788812 0.788819 0.788827 0.788839 0.788852 0.788867 0.788885 
0.842967 0.842977 0.842988 0.843001 0.843016 0.843032 0.84305 0.843069 0.843088 0.843109 0.84313 0.843152 0.843173 0.843195 0.843216 0.843237 0.843257 0.843276 0.843294 0.843311 0.843326 0.843339 0.843351 0.843361 0.843369 0.843375 0.843378 0.843379 0.843378 0.843375 0.84337 0.843362 0.843352 0.843341 0.843328 0.843313 0.843296 0.843279 0.84326 0.84324 0.843219 0.843198 0.843176 0.843154 0.843133 0.843111 0.843091 0.843071 0.843052 0.843034 0.843017 0.843002 0.842989 0.842977 0.842968 0.84296 0.842955 0.842952 0.84295 0.842951 0.842955 0.84296 
0.888743 0.88874 0.888739 0.888739 0.888742 0.888747 0.888754 0.888763 0.888774 0.888787 0.888801 0.888817 0.888834 0.888852 0.888872 0.888892 0.888912 0.888933 0.888954 0.888975 0.888996 0.889016 0.889036 0.889055 0.889072 0.889089 0.889104 0.889117 0.889128 0.889138 0.889145 0.889151 0.889154 0.889155 0.889154 0.889151 0.889146 0.889139 0.88913 0.889119 0.889106 0.889092 0.889076 0.889059 0.88904 0.889021 0.889001 0.88898 0.888959 0.888938 0.888917 0.888896 0.888876 0.888857 0.888838 0.888821 0.888805 0.88879 0.888777 0.888766 0.888756 0.888749 
0.926225 0.926209 0.926195 0.926183 0.926173 0.926166 0.926161 0.926158 0.926159 0.926161 0.926166 0.926174 0.926184 0.926196 0.92621 0.926226 0.926244 0.926264 0.926285 0.926308 0.926331 0.926355 0.92638 0.926405 0.92643 0.926455 0.926479 0.926502 0.926525 0.926546 0.926566 0.926584 0.9266 0.926614 0.926626 0.926635 0.926643 0.926648 0.92665 0.92665 0.926647 0.926642 0.926634 0.926624 0.926612 0.926598 0.926581 0.926563 0.926543 0.926522 0.926499 0.926476 0.926452 0.926427 0.926402 0.926377 0.926353 0.926328 0.926305 0.926283 0.926262 0.926243 
0.9554 0.955373 0.955347 0.955324 0.955302 0.955283 0.955267 0.955253 0.955243 0.955235 0.95523 0.955229 0.95523 0.955235 0.955243 0.955254 0.955267 0.955284 0.955303 0.955324 0.955348 0.955374 0.955401 0.95543 0.95546 0.95549 0.955521 0.955553 0.955584 0.955615 0.955645 0.955673 0.9557 0.955726 0.95575 0.955771 0.95579 0.955806 0.95582 0.955831 0.955838 0.955843 0.955844 0.955843 0.955838 0.95583 0.955819 0.955805 0.955788 0.955769 0.955747 0.955723 0.955698 0.95567 0.955641 0.955612 0.955581 0.95555 0.955519 0.955488 0.955457 0.955428 
0.976253 0.976217 0.976183 0.976151 0.97612 0.976092 0.976066 0.976043 0.976023 0.976006 0.975993 0.975983 0.975978 0.975975 0.975977 0.975983 0.975992 0.976005 0.976021 0.97604 0.976063 0.976089 0.976117 0.976147 0.97618 0.976214 0.97625 0.976287 0.976324 0.976362 0.976399 0.976436 0.976472 0.976506 0.976539 0.97657 0.976598 0.976624 0.976647 0.976667 0.976683 0.976696 0.976706 0.976711 0.976713 0.976711 0.976706 0.976697 0.976684 0.976667 0.976647 0.976625 0.976599 0.97657 0.97654 0.976507 0.976473 0.976437 0.976401 0.976364 0.976326 0.976289 
0.988772 0.988731 0.988691 0.988653 0.988616 0.988581 0.988549 0.98852 0.988494 0.988471 0.988453 0.988437 0.988426 0.988419 0.988417 0.988418 0.988424 0.988434 0.988448 0.988465 0.988487 0.988512 0.98854 0.988572 0.988605 0.988642 0.98868 0.98872 0.98876 0.988802 0.988844 0.988886 0.988927 0.988967 0.989006 0.989043 0.989077 0.989109 0.989138 0.989164 0.989187 0.989206 0.989221 0.989232 0.989238 0.989241 0.989239 0.989233 0.989223 0.989209 0.989191 0.98917 0.989144 0.989116 0.989085 0.989051 0.989014 0.988976 0.988937 0.988896 0.988855 0.988813 
0.992946 0.992904 0.992862 0.992821 0.992782 0.992746 0.992711 0.99268 0.992652 0.992627 0.992606 0.992589 0.992576 0.992567 0.992562 0.992562 0.992567 0.992576 0.992589 0.992606 0.992627 0.992652 0.99268 0.992711 0.992746 0.992782 0.992821 0.992862 0.992904 0.992947 0.992991 0.993034 0.993077 0.99312 0.99316 0.993199 0.993236 0.99327 0.993302 0.99333 0.993355 0.993375 0.993392 0.993405 0.993414 0.993418 0.993418 0.993413 0.993404 0.993391 0.993374 0.993353 0.993328 0.9933 0.993268 0.993234 0.993197 0.993158 0.993117 0.993075 0.993032 0.992989 
0.988773 0.988732 0.988692 0.988653 0.988616 0.988581 0.988549 0.988519 0.988493 0.98847 0.988451 0.988436 0.988424 0.988417 0.988415 0.988416 0.988422 0.988431 0.988445 0.988463 0.988485 0.98851 0.988538 0.988569 0.988604 0.98864 0.988678 0.988718 0.988759 0.988801 0.988843 0.988885 0.988927 0.988967 0.989006 0.989043 0.989078 0.98911 0.989139 0.989166 0.989188 0.989207 0.989222 0.989233 0.98924 0.989243 0.989242 0.989236 0.989226 0.989212 0.989194 0.989172 0.989147 0.989118 0.989087 0.989053 0.989016 0.988978 0.988938 0.988898 0.988856 0.988814 
0.976254 0.976218 0.976183 0.97615 0.976119 0.97609 0.976064 0.97604 0.97602 0.976003 0.975989 0.975979 0.975973 0.975971 0.975972 0.975978 0.975987 0.976 0.976016 0.976036 0.976058 0.976084 0.976113 0.976144 0.976177 0.976211 0.976247 0.976284 0.976322 0.97636 0.976398 0.976435 0.976472 0.976507 0.97654 0.976571 0.9766 0.976626 0.97665 0.97667 0.976687 0.9767 0.97671 0.976716 0.976718 0.976716 0.976711 0.976702 0.976689 0.976672 0.976652 0.976629 0.976603 0.976575 0.976544 0.976511 0.976476 0.97644 0.976403 0.976366 0.976328 0.976291 
0.955399 0.955371 0.955345 0.95532 0.955298 0.955279 0.955262 0.955247 0.955236 0.955228 0.955223 0.955221 0.955222 0.955227 0.955235 0.955246 0.95526 0.955276 0.955296 0.955318 0.955342 0.955368 0.955396 0.955425 0.955455 0.955487 0.955519 0.955551 0.955583 0.955614 0.955645 0.955675 0.955703 0.955729 0.955753 0.955775 0.955795 0.955812 0.955826 0.955837 0.955845 0.95585 0.955852 0.95585 0.955846 0.955838 0.955827 0.955813 0.955796 0.955776 0.955754 0.95573 0.955704 0.955676 0.955647 0.955616 0.955585 0.955553 0.955521 0.955489 0.955458 0.955428 
0.92622 0.926203 0.926188 0.926175 0.926164 0.926156 0.926151 0.926148 0.926147 0.926149 0.926154 0.926162 0.926172 0.926184 0.926198 0.926215 0.926234 0.926254 0.926276 0.926299 0.926324 0.926349 0.926374 0.926401 0.926427 0.926453 0.926478 0.926503 0.926527 0.926549 0.92657 0.926589 0.926606 0.926621 0.926634 0.926644 0.926652 0.926658 0.926661 0.926661 0.926659 0.926654 0.926646 0.926636 0.926624 0.926609 0.926592 0.926573 0.926553 0.926531 0.926508 0.926483 0.926458 0.926433 0.926407 0.926381 0.926355 0.92633 0.926305 0.926282 0.92626 0.926239 
0.888732 0.888727 0.888725 0.888725 0.888727 0.888731 0.888738 0.888746 0.888757 0.88877 0.888784 0.888801 0.888818 0.888837 0.888857 0.888878 0.8889 0.888922 0.888945 0.888967 0.88899 0.889011 0.889033 0.889053 0.889072 0.889091 0.889107 0.889122 0.889135 0.889146 0.889155 0.889162 0.889167 0.889169 0.889169 0.889167 0.889162 0.889156 0.889147 0.889136 0.889123 0.889109 0.889092 0.889075 0.889056 0.889035 0.889014 0.888993 0.88897 0.888948 0.888925 0.888903 0.888881 0.88886 0.88884 0.888821 0.888803 0.888787 0.888772 0.888759 0.888748 0.888739 
0.842948 0.842956 0.842967 0.842979 0.842993 0.843009 0.843027 0.843046 0.843066 0.843087 0.843109 0.843132 0.843155 0.843178 0.843201 0.843223 0.843245 0.843267 0.843287 0.843305 0.843323 0.843339 0.843353 0.843365 0.843375 0.843383 0.843389 0.843392 0.843393 0.843391 0.843387 0.843381 0.843372 0.843362 0.843349 0.843335 0.843319 0.843301 0.843282 0.843262 0.84324 0.843218 0.843196 0.843173 0.84315 0.843127 0.843104 0.843082 0.843061 0.843041 0.843023 0.843005 0.84299 0.842976 0.842964 0.842954 0.842947 0.842941 0.842938 0.842937 0.842939 0.842942 
0.788876 0.788896 0.788918 0.788941 0.788965 0.78899 0.789016 0.789042 0.789068 0.789095 0.789121 0.789146 0.78917 0.789194 0.789215 0.789236 0.789254 0.78927 0.789285 0.789297 0.789306 0.789313 0.789317 0.789319 0.789318 0.789314 0.789307 0.789298 0.789286 0.789272 0.789256 0.789237 0.789217 0.789196 0.789172 0.789148 0.789123 0.789097 0.789071 0.789044 0.789018 0.788992 0.788967 0.788942 0.788919 0.788898 0.788877 0.788859 0.788843 0.788829 0.788817 0.788808 0.788802 0.788798 0.788796 0.788797 0.788802 0.788808 0.788817 0.788829 0.788843 0.788858 
0.726517 0.726545 0.726575 0.726605 0.726635 0.726665 0.726695 0.726724 0.726752 0.726779 0.726804 0.726827 0.726849 0.726868 0.726884 0.726898 0.726909 0.726917 0.726923 0.726925 0.726924 0.72692 0.726913 0.726903 0.72689 0.726874 0.726855 0.726834 0.726812 0.726787 0.72676 0.726732 0.726703 0.726674 0.726644 0.726613 0.726583 0.726553 0.726524 0.726496 0.72647 0.726444 0.726421 0.7264 0.726381 0.726365 0.726351 0.726341 0.726333 0.726328 0.726326 0.726327 0.726331 0.726339 0.726349 0.726362 0.726378 0.726396 0.726416 0.726439 0.726463 0.726489 
0.655861 0.655894 0.655927 0.655959 0.65599 0.65602 0.656049 0.656076 0.6561 0.656122 0.656142 0.656159 0.656173 0.656183 0.656191 0.656195 0.656196 0.656193 0.656187 0.656178 0.656166 0.65615 0.656132 0.656111 0.656087 0.656061 0.656033 0.656003 0.655972 0.65594 0.655908 0.655874 0.655841 0.655808 0.655776 0.655745 0.655715 0.655686 0.65566 0.655636 0.655614 0.655594 0.655578 0.655564 0.655554 0.655546 0.655542 0.655542 0.655545 0.655551 0.65556 0.655573 0.655588 0.655607 0.655628 0.655651 0.655677 0.655705 0.655734 0.655765 0.655797 0.655829 
0.576893 0.576925 0.576956 0.576984 0.577011 0.577036 0.577058 0.577077 0.577094 0.577107 0.577117 0.577124 0.577127 0.577126 0.577123 0.577115 0.577105 0.577091 0.577074 0.577054 0.577031 0.577006 0.576978 0.576949 0.576918 0.576885 0.576852 0.576818 0.576783 0.576749 0.576715 0.576682 0.57665 0.57662 0.576591 0.576564 0.57654 0.576518 0.576499 0.576482 0.576469 0.57646 0.576453 0.576451 0.576451 0.576455 0.576463 0.576473 0.576487 0.576504 0.576525 0.576547 0.576572 0.5766 0.576629 0.57666 0.576692 0.576725 0.576759 0.576793 0.576827 0.576861 
0.489594 0.489619 0.489642 0.489662 0.48968 0.489694 0.489706 0.489714 0.489719 0.48972 0.489718 0.489713 0.489704 0.489692 0.489677 0.489659 0.489638 0.489614 0.489588 0.48956 0.489531 0.489499 0.489467 0.489434 0.4894 0.489366 0.489333 0.4893 0.489268 0.489237 0.489208 0.48918 0.489155 0.489132 0.489112 0.489095 0.48908 0.489069 0.489061 0.489057 0.489056 0.489058 0.489063 0.489072 0.489084 0.4891 0.489118 0.489139 0.489162 0.489188 0.489216 0.489246 0.489277 0.489309 0.489342 0.489376 0.489409 0.489442 0.489475 0.489507 0.489538 0.489567 
0.393955 0.39397 0.393981 0.39399 0.393995 0.393997 0.393996 0.393992 0.393985 0.393974 0.39396 0.393944 0.393925 0.393904 0.39388 0.393854 0.393827 0.393798 0.393768 0.393737 0.393705 0.393674 0.393642 0.393611 0.393581 0.393552 0.393524 0.393498 0.393474 0.393452 0.393432 0.393415 0.393401 0.39339 0.393381 0.393376 0.393374 0.393376 0.39338 0.393388 0.393398 0.393412 0.393428 0.393447 0.393469 0.393492 0.393518 0.393545 0.393574 0.393604 0.393635 0.393666 0.393698 0.393729 0.39376 0.39379 0.393819 0.393847 0.393873 0.393897 0.393919 0.393938 
0.29006 0.290062 0.290061 0.290057 0.290051 0.290042 0.29003 0.290015 0.289998 0.289979 0.289959 0.289936 0.289912 0.289886 0.28986 0.289832 0.289805 0.289777 0.289749 0.289721 0.289694 0.289669 0.289644 0.289621 0.289599 0.28958 0.289562 0.289547 0.289534 0.289524 0.289517 0.289512 0.28951 0.289511 0.289515 0.289521 0.289531 0.289542 0.289557 0.289574 0.289592 0.289613 0.289636 0.28966 0.289685 0.289712 0.289739 0.289767 0.289795 0.289822 0.28985 0.289877 0.289902 0.289927 0.28995 0.289972 0.289991 0.290009 0.290024 0.290037 0.290047 0.290054 
0.178342 0.178336 0.178328 0.178318 0.178306 0.178292 0.178277 0.17826 0.178242 0.178223 0.178203 0.178183 0.178162 0.178141 0.17812 0.178099 0.178078 0.178058 0.178039 0.178021 0.178004 0.177988 0.177974 0.177962 0.177952 0.177943 0.177937 0.177932 0.17793 0.177929 0.177931 0.177935 0.177942 0.17795 0.17796 0.177972 0.177985 0.178001 0.178017 0.178035 0.178054 0.178074 0.178094 0.178115 0.178136 0.178157 0.178178 0.178199 0.178219 0.178238 0.178256 0.178273 0.178288 0.178302 0.178314 0.178325 0.178334 0.17834 0.178345 0.178347 0.178348 0.178346 
0.0603314 0.0603274 0.0603227 0.0603173 0.0603113 0.0603048 0.0602978 0.0602904 0.0602827 0.0602747 0.0602665 0.0602582 0.0602499 0.0602417 0.0602336 0.0602258 0.0602183 0.0602112 0.0602046 0.0601985 0.060193 0.0601881 0.060184 0.0601806 0.060178 0.0601762 0.0601753 0.0601751 0.0601758 0.0601774 0.0601797 0.0601829 0.0601868 0.0601914 0.0601967 0.0602026 0.0602091 0.060216 0.0602234 0.0602311 0.0602391 0.0602473 0.0602555 0.0602638 0.060272 0.0602801 0.0602879 0.0602954 0.0603025 0.0603091 0.0603152 0.0603207 0.0603255 0.0603297 0.060333 0.0603357 0.0603375 0.0603385 0.0603387 0.0603381 0.0603367 0.0603344 
