0.0497089 0.0497065 0.0497042 0.0497019 0.0496996 0.0496975 0.0496955 0.0496937 0.049692 0.0496906 0.0496892 0.049688 0.0496868 0.0496858 0.0496848 0.0496841 0.0496835 0.0496832 0.0496831 0.049683 0.0496832 0.0496835 0.0496839 0.0496845 0.0496852 0.049686 0.049687 0.0496879 0.049689 0.0496901 0.0496914 0.049693 0.0496949 0.0496971 0.0496994 0.0497018 0.0497043 0.049707 0.0497096 0.0497124 0.0497152 0.0497179 0.0497204 0.0497227 0.0497247 0.0497264 0.0497278 0.049729 0.0497298 0.0497302 0.0497302 0.0497297 0.0497288 0.0497275 0.0497261 0.0497244 0.0497226 0.0497206 0.0497185 0.0497162 0.0497138 0.0497114 
0.148368 0.148365 0.148363 0.14836 0.148358 0.148356 0.148355 0.148353 0.148352 0.148351 0.14835 0.14835 0.14835 0.148349 0.148349 0.148348 0.148348 0.148348 0.148348 0.148348 0.148348 0.148349 0.148349 0.14835 0.14835 0.148351 0.148352 0.148352 0.148353 0.148354 0.148355 0.148357 0.148358 0.14836 0.148363 0.148365 0.148367 0.14837 0.148373 0.148375 0.148378 0.148381 0.148383 0.148386 0.148388 0.148389 0.148391 0.148392 0.148392 0.148393 0.148393 0.148392 0.148391 0.148389 0.148387 0.148385 0.148383 0.148381 0.148378 0.148376 0.148373 0.14837 
0.244832 0.244829 0.244826 0.244824 0.244821 0.244819 0.244817 0.244816 0.244815 0.244814 0.244813 0.244813 0.244813 0.244813 0.244814 0.244814 0.244814 0.244815 0.244815 0.244815 0.244816 0.244816 0.244817 0.244817 0.244818 0.244818 0.244819 0.244819 0.24482 0.244821 0.244822 0.244823 0.244825 0.244826 0.244828 0.24483 0.244833 0.244835 0.244838 0.24484 0.244843 0.244846 0.244848 0.244851 0.244853 0.244855 0.244856 0.244857 0.244858 0.244859 0.244859 0.244858 0.244857 0.244856 0.244854 0.244851 0.244849 0.244846 0.244844 0.244841 0.244838 0.244835 
0.337755 0.337752 0.337749 0.337746 0.337744 0.337742 0.33774 0.337738 0.337737 0.337736 0.337735 0.337735 0.337735 0.337735 0.337736 0.337737 0.337737 0.337738 0.337739 0.337739 0.33774 0.33774 0.337741 0.337741 0.337742 0.337742 0.337743 0.337743 0.337744 0.337745 0.337746 0.337747 0.337748 0.33775 0.337752 0.337754 0.337756 0.337759 0.337762 0.337764 0.337767 0.33777 0.337772 0.337775 0.337777 0.337779 0.337781 0.337781 0.337782 0.337782 0.337782 0.337782 0.337781 0.337779 0.337778 0.337775 0.337773 0.33777 0.337767 0.337764 0.337761 0.337758 
0.425951 0.425948 0.425945 0.425942 0.425939 0.425937 0.425935 0.425934 0.425932 0.425931 0.425931 0.425931 0.425931 0.425931 0.425932 0.425933 0.425934 0.425936 0.425937 0.425938 0.425939 0.425939 0.42594 0.42594 0.425941 0.425941 0.425941 0.425941 0.425941 0.425942 0.425942 0.425943 0.425944 0.425945 0.425947 0.425949 0.425951 0.425953 0.425956 0.425959 0.425962 0.425965 0.425968 0.425971 0.425974 0.425976 0.425978 0.425979 0.42598 0.42598 0.42598 0.42598 0.425979 0.425978 0.425976 0.425973 0.425971 0.425968 0.425965 0.425962 0.425958 0.425955 
0.50843 0.508427 0.508424 0.508422 0.508419 0.508417 0.508416 0.508414 0.508413 0.508412 0.508412 0.508412 0.508411 0.508412 0.508413 0.508413 0.508414 0.508415 0.508417 0.508417 0.508418 0.508419 0.508419 0.508419 0.508419 0.508419 0.508419 0.508418 0.508418 0.508418 0.508418 0.508419 0.50842 0.50842 0.508422 0.508424 0.508426 0.508428 0.508431 0.508434 0.508437 0.50844 0.508443 0.508446 0.508449 0.508451 0.508454 0.508455 0.508456 0.508456 0.508456 0.508456 0.508455 0.508454 0.508452 0.50845 0.508448 0.508445 0.508442 0.508439 0.508437 0.508433 
0.584395 0.584392 0.584389 0.584387 0.584385 0.584384 0.584383 0.584382 0.584382 0.584382 0.584382 0.584384 0.584384 0.584386 0.584386 0.584389 0.584389 0.584392 0.584393 0.584394 0.584395 0.584396 0.584397 0.584396 0.584396 0.584395 0.584394 0.584392 0.584391 0.58439 0.584389 0.584388 0.584387 0.584387 0.584387 0.584388 0.584389 0.584391 0.584393 0.584396 0.584399 0.584402 0.584405 0.584409 0.584411 0.584414 0.584416 0.584419 0.58442 0.584421 0.58442 0.58442 0.584419 0.584418 0.584416 0.584414 0.584412 0.584409 0.584406 0.584403 0.5844 0.584398 
0.653245 0.653242 0.653242 0.65324 0.65324 0.653237 0.65324 0.65324 0.65324 0.653241 0.653244 0.653246 0.653246 0.65325 0.653252 0.653255 0.653254 0.653259 0.65326 0.653261 0.653262 0.653264 0.653265 0.653263 0.653264 0.653263 0.653262 0.653259 0.653259 0.653256 0.653254 0.653254 0.653252 0.65325 0.653251 0.653251 0.653252 0.653251 0.653255 0.653256 0.653258 0.65326 0.653263 0.653266 0.653265 0.653269 0.65327 0.653271 0.65327 0.653271 0.65327 0.653269 0.653267 0.653265 0.653264 0.653261 0.653259 0.653257 0.653255 0.653251 0.653249 0.653247 
0.714543 0.71454 0.714541 0.714538 0.714538 0.714537 0.714541 0.71454 0.714543 0.714545 0.71455 0.714552 0.714556 0.714563 0.714565 0.714571 0.714573 0.714581 0.714581 0.714587 0.714589 0.714593 0.714593 0.714594 0.714596 0.714594 0.714594 0.714591 0.714591 0.714587 0.714584 0.714582 0.714579 0.714577 0.714575 0.714574 0.714574 0.714573 0.714575 0.714575 0.714579 0.71458 0.714583 0.714585 0.714586 0.714589 0.714588 0.71459 0.714588 0.714589 0.714585 0.714583 0.71458 0.714577 0.714573 0.714569 0.714566 0.714562 0.714558 0.714553 0.71455 0.714547 
0.76801 0.767997 0.768002 0.768011 0.768002 0.76799 0.768009 0.76801 0.768005 0.767997 0.768024 0.76802 0.768015 0.768021 0.76804 0.76804 0.76803 0.76805 0.768054 0.768057 0.76805 0.768069 0.768067 0.768064 0.768068 0.768072 0.76807 0.768066 0.768073 0.768066 0.768061 0.768069 0.768065 0.768056 0.768058 0.768069 0.768063 0.76805 0.76807 0.76807 0.768067 0.768058 0.768081 0.768077 0.768067 0.768073 0.768078 0.768077 0.768061 0.768072 0.768067 0.768061 0.768049 0.768054 0.76805 0.768038 0.768031 0.768035 0.76803 0.768016 0.768011 0.768019 
0.813431 0.813432 0.813441 0.813434 0.813417 0.813425 0.813443 0.813418 0.813425 0.813432 0.813453 0.813425 0.813446 0.813459 0.813462 0.813455 0.813468 0.813492 0.813474 0.813488 0.813492 0.81351 0.813492 0.813504 0.813512 0.813509 0.813504 0.813506 0.813513 0.813501 0.8135 0.813503 0.813497 0.813494 0.813494 0.813494 0.813493 0.813493 0.813504 0.813493 0.813509 0.813508 0.813519 0.813512 0.813522 0.813532 0.813522 0.813527 0.813522 0.813533 0.813516 0.813514 0.813507 0.813511 0.813496 0.813484 0.813482 0.813484 0.813465 0.813453 0.813456 0.813457 
0.850731 0.850653 0.850716 0.850827 0.850682 0.850636 0.850763 0.850795 0.850663 0.850638 0.850825 0.850746 0.850669 0.850682 0.850847 0.85073 0.850673 0.850763 0.850816 0.850742 0.850694 0.850819 0.850775 0.850747 0.850754 0.850798 0.850753 0.850757 0.850803 0.85074 0.850731 0.850811 0.850777 0.850706 0.850733 0.850862 0.850735 0.850688 0.850809 0.850843 0.850743 0.8507 0.850889 0.850808 0.85075 0.85077 0.850881 0.850802 0.85074 0.850826 0.850838 0.850782 0.850738 0.850823 0.850812 0.850739 0.850727 0.850813 0.850784 0.850692 0.850708 0.850818 
0.879705 0.879477 0.879901 0.880104 0.879511 0.879528 0.880077 0.879941 0.879435 0.87966 0.880191 0.879718 0.879487 0.879851 0.88013 0.879599 0.879595 0.88003 0.879927 0.879608 0.879754 0.880061 0.879733 0.879691 0.879931 0.879893 0.879643 0.879841 0.879976 0.879662 0.879664 0.880019 0.879813 0.879532 0.87981 0.88006 0.879618 0.879541 0.880036 0.879909 0.879557 0.879696 0.880141 0.879761 0.879589 0.879921 0.880056 0.879718 0.879658 0.88003 0.879956 0.879692 0.879716 0.880024 0.879916 0.879628 0.879731 0.880048 0.879856 0.879529 0.879776 0.880111 
0.901926 0.899481 0.899278 0.902199 0.901491 0.898841 0.899868 0.90276 0.900648 0.898527 0.900933 0.902565 0.899824 0.898759 0.901905 0.901778 0.899254 0.899627 0.902168 0.900814 0.899203 0.900779 0.901521 0.90006 0.899979 0.901351 0.900389 0.899904 0.901306 0.900811 0.89941 0.90072 0.902057 0.899681 0.899071 0.902142 0.901586 0.898728 0.899769 0.902877 0.900565 0.898387 0.901092 0.902392 0.899747 0.898938 0.901851 0.901497 0.89938 0.899896 0.901799 0.900864 0.899421 0.900465 0.901672 0.900518 0.899425 0.900768 0.901829 0.900126 0.899248 0.901357 
0.911638 0.91456 0.914229 0.911252 0.911933 0.915828 0.913299 0.910436 0.913268 0.916027 0.912143 0.910278 0.914932 0.915024 0.911273 0.91121 0.915554 0.913755 0.911 0.912748 0.914713 0.912985 0.911712 0.913459 0.913378 0.912971 0.913081 0.912651 0.912523 0.913985 0.913651 0.911296 0.91244 0.915623 0.912713 0.910386 0.913501 0.916206 0.911408 0.910182 0.915295 0.915035 0.910718 0.911133 0.915976 0.913539 0.910703 0.912759 0.915053 0.91278 0.911411 0.913498 0.914052 0.912686 0.91209 0.913352 0.913906 0.912729 0.911994 0.913516 0.9143 0.912171 
0.918379 0.916852 0.916054 0.917981 0.91799 0.916492 0.916484 0.918302 0.917563 0.916228 0.917128 0.918291 0.91718 0.91606 0.917827 0.918167 0.916571 0.916219 0.918543 0.917778 0.915753 0.917023 0.919021 0.916813 0.915326 0.918395 0.918695 0.915556 0.915949 0.919489 0.917471 0.91482 0.917483 0.919424 0.916015 0.915268 0.918823 0.918303 0.915193 0.916619 0.919128 0.916886 0.915459 0.917879 0.918483 0.915958 0.916398 0.918477 0.917437 0.915799 0.917361 0.918409 0.916586 0.916112 0.918076 0.917944 0.916109 0.916653 0.918439 0.917365 0.915935 0.917344 
0.915617 0.910443 0.910635 0.917135 0.914099 0.909329 0.91228 0.9179 0.912236 0.908786 0.914884 0.916905 0.910671 0.909349 0.917108 0.914876 0.909486 0.911411 0.917676 0.912692 0.909076 0.914455 0.916045 0.910998 0.910426 0.916376 0.913326 0.910228 0.91372 0.915284 0.911164 0.911437 0.916222 0.912551 0.910067 0.914854 0.915419 0.910364 0.910955 0.917316 0.91305 0.909154 0.913804 0.916671 0.911293 0.909588 0.915829 0.914895 0.910367 0.9113 0.915975 0.913657 0.910228 0.912638 0.915801 0.912796 0.910276 0.913626 0.915969 0.911734 0.910218 0.915254 
0.899232 0.901475 0.901901 0.899452 0.899354 0.902401 0.901286 0.89886 0.900138 0.902702 0.900471 0.898645 0.901206 0.902257 0.8998 0.898999 0.901887 0.901482 0.899428 0.899825 0.901806 0.900785 0.899517 0.900647 0.901084 0.900404 0.900202 0.900792 0.90028 0.900481 0.901127 0.900138 0.89981 0.901198 0.901382 0.899374 0.899815 0.902132 0.900775 0.898979 0.900471 0.902283 0.90009 0.899049 0.9013 0.901637 0.899766 0.89961 0.901526 0.901038 0.899745 0.900162 0.901395 0.900803 0.899762 0.900386 0.901536 0.900637 0.899526 0.900693 0.901904 0.900127 
0.879873 0.880103 0.879604 0.879634 0.880019 0.879996 0.879524 0.87968 0.880166 0.879764 0.879563 0.879788 0.880159 0.879591 0.879652 0.879938 0.879951 0.879601 0.879745 0.880016 0.879685 0.879752 0.879848 0.879884 0.87959 0.879901 0.879928 0.879583 0.879721 0.880001 0.87981 0.879421 0.879875 0.880076 0.879494 0.879537 0.879993 0.879965 0.879353 0.879712 0.880133 0.879682 0.87951 0.87987 0.880123 0.879554 0.879693 0.880023 0.879952 0.879627 0.87979 0.880061 0.87985 0.879689 0.879829 0.88004 0.879828 0.879672 0.879837 0.880075 0.879747 0.87963 
0.850744 0.850851 0.850731 0.850698 0.850755 0.850833 0.850698 0.850668 0.850808 0.85077 0.850694 0.850659 0.850838 0.850719 0.850688 0.8507 0.850809 0.850717 0.850676 0.850757 0.850748 0.850743 0.850688 0.850768 0.850718 0.850756 0.850737 0.850713 0.850737 0.850768 0.850756 0.850667 0.850751 0.850813 0.850703 0.850684 0.850766 0.850837 0.850675 0.85071 0.850835 0.850793 0.850723 0.850742 0.850884 0.850766 0.850763 0.850807 0.850857 0.850783 0.850775 0.850843 0.850825 0.850787 0.850779 0.850839 0.850813 0.850762 0.850762 0.850838 0.850784 0.850729 
0.813464 0.813448 0.813431 0.813444 0.81345 0.813418 0.813429 0.813432 0.813446 0.813404 0.813437 0.813437 0.813439 0.81342 0.813447 0.81346 0.813433 0.813456 0.813462 0.813478 0.813445 0.81349 0.813487 0.81348 0.81348 0.813508 0.813506 0.813475 0.813511 0.813513 0.813494 0.813486 0.813512 0.81351 0.81347 0.813501 0.81351 0.813491 0.813483 0.813508 0.813524 0.813482 0.813518 0.813526 0.813529 0.813506 0.813535 0.813548 0.81352 0.813527 0.813534 0.813542 0.813509 0.813518 0.813519 0.813514 0.813487 0.813492 0.813492 0.813482 0.813455 0.813465 
0.767993 0.768 0.767991 0.76798 0.76799 0.767992 0.76799 0.767977 0.768002 0.767995 0.767997 0.767992 0.768016 0.768014 0.76801 0.768023 0.768032 0.76804 0.76803 0.768054 0.768053 0.768063 0.76806 0.768074 0.768076 0.768078 0.768086 0.768081 0.768089 0.768088 0.768091 0.768082 0.768085 0.768094 0.76808 0.768077 0.768082 0.768087 0.768076 0.768069 0.768088 0.768077 0.768075 0.768069 0.768085 0.768074 0.768067 0.768072 0.768069 0.768066 0.768053 0.76806 0.76805 0.768045 0.768034 0.768036 0.768028 0.768019 0.768011 0.768014 0.768006 0.767996 
0.714513 0.714511 0.714512 0.714512 0.714517 0.714515 0.714521 0.714524 0.714531 0.714533 0.714542 0.714549 0.714554 0.714563 0.714569 0.71458 0.714582 0.714594 0.714599 0.714608 0.714611 0.71462 0.714625 0.714627 0.714632 0.714634 0.714636 0.714631 0.714634 0.714631 0.714626 0.714622 0.714618 0.714614 0.714605 0.714602 0.714599 0.714591 0.714588 0.714585 0.714584 0.714577 0.714578 0.714576 0.714573 0.714571 0.714569 0.71457 0.714562 0.714562 0.714557 0.714555 0.714547 0.714544 0.71454 0.714535 0.714529 0.714525 0.714523 0.714518 0.714515 0.714513 
0.65321 0.653212 0.653215 0.653216 0.653222 0.653226 0.653231 0.653234 0.653242 0.653247 0.653252 0.653259 0.653266 0.653273 0.653277 0.653285 0.65329 0.653297 0.653299 0.653306 0.65331 0.653312 0.653315 0.653316 0.653318 0.653315 0.653315 0.653311 0.653309 0.653304 0.653299 0.653293 0.653287 0.653283 0.653275 0.653269 0.653265 0.653259 0.653255 0.653249 0.653248 0.653243 0.653239 0.653237 0.653235 0.653233 0.653229 0.653229 0.653225 0.653224 0.65322 0.653219 0.653216 0.653213 0.653211 0.65321 0.653209 0.653207 0.653207 0.653207 0.653208 0.653207 
0.584366 0.584368 0.584371 0.584374 0.584378 0.584382 0.584387 0.584392 0.584397 0.584402 0.584408 0.584414 0.584418 0.584425 0.584429 0.584435 0.584439 0.584444 0.584447 0.58445 0.584453 0.584454 0.584455 0.584454 0.584453 0.584451 0.584448 0.584443 0.584438 0.584432 0.584425 0.584419 0.584412 0.584406 0.584399 0.584393 0.584388 0.584383 0.584378 0.584375 0.584372 0.58437 0.584368 0.584367 0.584366 0.584366 0.584365 0.584365 0.584363 0.584363 0.584362 0.584361 0.58436 0.58436 0.584359 0.584359 0.584359 0.584359 0.58436 0.584361 0.584362 0.584363 
0.508407 0.50841 0.508413 0.508415 0.508419 0.508423 0.508426 0.508431 0.508435 0.50844 0.508444 0.508449 0.508453 0.508457 0.508461 0.508465 0.508468 0.508471 0.508474 0.508475 0.508476 0.508476 0.508476 0.508474 0.508473 0.508469 0.508466 0.508461 0.508456 0.508451 0.508445 0.50844 0.508435 0.508429 0.508424 0.508419 0.508416 0.508412 0.508409 0.508406 0.508405 0.508403 0.508402 0.508401 0.508401 0.5084 0.5084 0.5084 0.508399 0.508399 0.508399 0.508398 0.508398 0.508398 0.508398 0.508398 0.508399 0.508399 0.508401 0.508402 0.508404 0.508405 
0.425929 0.425931 0.425934 0.425936 0.425939 0.425943 0.425946 0.425951 0.425955 0.425959 0.425963 0.425968 0.425972 0.425977 0.425981 0.425985 0.425988 0.425991 0.425993 0.425995 0.425996 0.425996 0.425995 0.425993 0.425991 0.425988 0.425984 0.42598 0.425976 0.425971 0.425966 0.425961 0.425956 0.425951 0.425946 0.425942 0.425939 0.425936 0.425934 0.425932 0.42593 0.425929 0.425929 0.425928 0.425928 0.425927 0.425927 0.425927 0.425926 0.425926 0.425925 0.425925 0.425924 0.425924 0.425924 0.425923 0.425924 0.425924 0.425925 0.425925 0.425926 0.425928 
0.33773 0.337733 0.337735 0.337738 0.337742 0.337745 0.337749 0.337753 0.337758 0.337763 0.337767 0.337772 0.337776 0.33778 0.337784 0.337788 0.337791 0.337794 0.337796 0.337797 0.337798 0.337797 0.337797 0.337795 0.337793 0.33779 0.337786 0.337782 0.337778 0.337774 0.33777 0.337765 0.337761 0.337757 0.337753 0.33775 0.337747 0.337744 0.337742 0.33774 0.337739 0.337737 0.337736 0.337735 0.337733 0.337732 0.337731 0.33773 0.337729 0.337728 0.337727 0.337726 0.337725 0.337724 0.337724 0.337724 0.337724 0.337724 0.337725 0.337726 0.337727 0.337728 
0.244805 0.244807 0.24481 0.244814 0.244817 0.244821 0.244826 0.24483 0.244835 0.24484 0.244845 0.24485 0.244855 0.244859 0.244863 0.244867 0.24487 0.244873 0.244875 0.244876 0.244876 0.244876 0.244875 0.244873 0.24487 0.244868 0.244864 0.24486 0.244856 0.244852 0.244848 0.244843 0.244839 0.244835 0.244832 0.244828 0.244825 0.244823 0.24482 0.244818 0.244816 0.244815 0.244813 0.244811 0.244809 0.244808 0.244807 0.244805 0.244804 0.244802 0.2448 0.244799 0.244798 0.244797 0.244797 0.244797 0.244797 0.244797 0.244798 0.244799 0.2448 0.244802 
0.14834 0.148343 0.148346 0.14835 0.148354 0.148358 0.148363 0.148368 0.148373 0.148378 0.148383 0.148388 0.148392 0.148396 0.1484 0.148404 0.148406 0.148408 0.14841 0.148411 0.148411 0.14841 0.148409 0.148407 0.148405 0.148402 0.148398 0.148394 0.148391 0.148387 0.148383 0.148379 0.148375 0.148371 0.148367 0.148364 0.148361 0.148359 0.148356 0.148354 0.148351 0.148349 0.148347 0.148345 0.148343 0.148341 0.148339 0.148337 0.148335 0.148333 0.148331 0.14833 0.148329 0.148329 0.148329 0.148329 0.148329 0.14833 0.148331 0.148332 0.148334 0.148337 
0.049681 0.0496842 0.0496878 0.0496917 0.0496959 0.0497003 0.0497049 0.0497095 0.0497141 0.0497187 0.0497232 0.0497276 0.0497317 0.0497355 0.0497388 0.0497416 0.0497438 0.0497454 0.0497465 0.049747 0.049747 0.0497463 0.049745 0.049743 0.0497406 0.0497377 0.0497346 0.0497311 0.0497275 0.0497237 0.0497198 0.0497159 0.049712 0.0497082 0.0497046 0.0497014 0.0496984 0.0496955 0.0496926 0.0496898 0.0496871 0.0496845 0.0496821 0.0496798 0.0496777 0.0496757 0.0496737 0.0496717 0.04967 0.0496686 0.0496675 0.0496668 0.0496664 0.0496663 0.0496665 0.049667 0.0496679 0.0496691 0.0496708 0.0496728 0.0496753 0.049678 
