0.0533381 0.0532741 0.0535543 0.053919 0.0541185 0.0539961 0.0535866 0.053 0.0523761 0.0517531 0.0511447 0.0505361 0.0499999 0.0496142 0.0494703 0.0495454 0.0497639 0.0499633 0.0500207 0.0498056 0.0492687 0.0483664 0.0471721 0.0458085 0.0445253 0.0435362 0.04301 0.0429085 0.0430768 0.0432496 0.0432398 0.0429542 0.0424602 0.0418867 0.0413983 0.0411127 0.041118 0.0414452 0.0421054 0.043052 0.0442285 0.0455215 0.0468439 0.0480685 0.0491346 0.0499565 0.0505612 0.0509771 0.0513588 0.051813 0.0524718 0.0533164 0.0542973 0.0552583 0.0560931 0.0566809 0.056966 0.0568791 0.0564141 0.0556204 0.0546794 0.0538364 
0.151159 0.15108 0.151318 0.151705 0.151902 0.151828 0.151415 0.150856 0.150202 0.149585 0.148931 0.148319 0.147732 0.147349 0.147176 0.147288 0.147508 0.147759 0.147804 0.147612 0.147034 0.14615 0.144937 0.143632 0.142363 0.141438 0.140904 0.140823 0.140949 0.141128 0.141095 0.140843 0.140351 0.139808 0.139296 0.13901 0.138975 0.139315 0.13996 0.140944 0.1421 0.143408 0.144679 0.145916 0.14695 0.14782 0.148409 0.148857 0.149185 0.149638 0.150248 0.151128 0.152116 0.153139 0.153973 0.15458 0.154827 0.154745 0.154262 0.153496 0.152543 0.151706 
0.246907 0.24675 0.246955 0.247257 0.247492 0.24742 0.2471 0.246539 0.245936 0.245271 0.244644 0.243985 0.243433 0.24301 0.242876 0.242954 0.243219 0.243429 0.243492 0.243212 0.242623 0.241664 0.240516 0.23924 0.238115 0.237223 0.236749 0.236576 0.236655 0.236718 0.236694 0.236444 0.236064 0.235578 0.235166 0.234883 0.234892 0.235198 0.235877 0.236812 0.237983 0.2392 0.240459 0.241598 0.242664 0.243493 0.244164 0.244583 0.244965 0.245355 0.245997 0.246832 0.247868 0.248847 0.249672 0.250162 0.250343 0.250169 0.249721 0.249004 0.248188 0.247403 
0.339182 0.339021 0.339097 0.339378 0.339563 0.339594 0.339302 0.338841 0.338197 0.337551 0.336844 0.336214 0.335628 0.335276 0.335133 0.335282 0.335516 0.335752 0.335717 0.335405 0.334687 0.333738 0.33256 0.331424 0.330357 0.329603 0.329089 0.3289 0.328818 0.328828 0.328726 0.328564 0.328258 0.327942 0.327607 0.327423 0.327409 0.32773 0.328332 0.329276 0.330371 0.331611 0.332786 0.333954 0.334936 0.335815 0.336422 0.336905 0.33723 0.337679 0.338274 0.339173 0.340167 0.341165 0.341874 0.342278 0.342292 0.342065 0.341589 0.341006 0.340302 0.339675 
0.426847 0.426586 0.426614 0.426764 0.427 0.427038 0.426888 0.426426 0.425839 0.425105 0.424422 0.423743 0.423249 0.422902 0.422852 0.422963 0.423224 0.423353 0.423298 0.422854 0.422141 0.42113 0.420074 0.418992 0.418116 0.417396 0.416958 0.416647 0.416501 0.416347 0.41624 0.416065 0.415918 0.415712 0.415567 0.415433 0.415492 0.415736 0.416328 0.41716 0.418264 0.419412 0.420615 0.421676 0.422675 0.423442 0.424094 0.424516 0.424934 0.425356 0.426038 0.426889 0.427913 0.428797 0.42944 0.429657 0.42957 0.429219 0.428797 0.428286 0.427786 0.427248 
0.508835 0.508583 0.508452 0.508588 0.508754 0.508923 0.508796 0.508458 0.507817 0.507131 0.506389 0.505814 0.505346 0.505128 0.505054 0.505179 0.505301 0.505366 0.505152 0.504685 0.503892 0.502969 0.501935 0.501027 0.500197 0.499611 0.499107 0.498795 0.49847 0.498264 0.498024 0.497909 0.497796 0.497794 0.497777 0.497841 0.497943 0.498252 0.498758 0.499585 0.500579 0.501751 0.50285 0.503926 0.504781 0.50555 0.506091 0.506592 0.507 0.507553 0.50822 0.509114 0.510017 0.510829 0.511278 0.511384 0.511129 0.510761 0.510328 0.509983 0.509596 0.509244 
0.584421 0.584065 0.583908 0.583898 0.584114 0.584259 0.58426 0.583904 0.583334 0.58259 0.581933 0.581397 0.581097 0.580917 0.580906 0.580901 0.580938 0.58079 0.580532 0.579962 0.579278 0.578372 0.577544 0.576688 0.576035 0.575438 0.575018 0.57461 0.574278 0.573944 0.573693 0.573503 0.573473 0.573527 0.573713 0.573887 0.574171 0.574471 0.575008 0.575693 0.576662 0.577688 0.578778 0.579709 0.580536 0.581145 0.581699 0.582156 0.582713 0.583307 0.584102 0.584922 0.585774 0.586361 0.586682 0.586582 0.586275 0.585823 0.585491 0.585207 0.585019 0.584722 
0.652907 0.6526 0.652328 0.65232 0.652434 0.652668 0.652635 0.652388 0.651762 0.651141 0.650484 0.650156 0.649921 0.649926 0.649833 0.649782 0.649561 0.649286 0.648835 0.648273 0.647601 0.646838 0.646083 0.645345 0.644705 0.644152 0.64366 0.643283 0.642851 0.642557 0.642176 0.642041 0.64192 0.64212 0.642372 0.642801 0.643214 0.643691 0.644218 0.644898 0.645734 0.646735 0.647682 0.648606 0.649262 0.64987 0.650279 0.650834 0.651404 0.652185 0.652981 0.653816 0.654476 0.654893 0.654958 0.654738 0.654318 0.653908 0.653598 0.653466 0.653355 0.653213 
0.71394 0.713561 0.713339 0.713169 0.713345 0.713464 0.713473 0.713167 0.712649 0.71205 0.711514 0.711333 0.711271 0.711336 0.711207 0.711038 0.710644 0.710116 0.709602 0.708992 0.708504 0.707755 0.707302 0.706566 0.706117 0.70545 0.70511 0.704649 0.704297 0.703973 0.70363 0.70342 0.703267 0.70347 0.703827 0.704347 0.704999 0.705538 0.706155 0.706672 0.707481 0.70826 0.709136 0.709912 0.710534 0.711 0.711385 0.711947 0.712653 0.713487 0.714398 0.715159 0.715724 0.715837 0.715762 0.715349 0.714948 0.714472 0.71432 0.714209 0.71426 0.714086 
0.76714 0.7668 0.766628 0.766406 0.766504 0.766554 0.766572 0.766236 0.765738 0.765343 0.764948 0.765 0.764942 0.765285 0.76491 0.764756 0.763929 0.763499 0.7626 0.762107 0.761545 0.761009 0.760586 0.759864 0.75959 0.758775 0.758524 0.757907 0.757687 0.757311 0.756913 0.75678 0.756421 0.756818 0.757058 0.757948 0.758638 0.759494 0.760181 0.760655 0.761384 0.762044 0.762855 0.76351 0.764038 0.764574 0.764788 0.765477 0.766105 0.767204 0.767946 0.768748 0.769045 0.769058 0.768679 0.768204 0.767751 0.767387 0.767241 0.767218 0.767335 0.767261 
0.812387 0.812018 0.811965 0.81131 0.811831 0.811569 0.811537 0.810905 0.810929 0.810516 0.810118 0.810481 0.81064 0.811013 0.810084 0.810349 0.80912 0.808606 0.807314 0.807323 0.80672 0.805937 0.806027 0.805308 0.805465 0.804076 0.804647 0.803632 0.803591 0.803087 0.802923 0.802688 0.802001 0.80276 0.802805 0.803764 0.804641 0.805698 0.806407 0.806493 0.80753 0.807723 0.808362 0.80889 0.809571 0.80996 0.809911 0.810974 0.811588 0.812669 0.813251 0.814256 0.814391 0.814034 0.813562 0.813151 0.81275 0.81215 0.812221 0.812266 0.812481 0.812093 
0.84932 0.849078 0.849231 0.848552 0.848995 0.848279 0.848834 0.847582 0.84809 0.847398 0.848069 0.847835 0.848383 0.848751 0.84789 0.847865 0.846039 0.846501 0.844057 0.844859 0.843094 0.84381 0.842601 0.842557 0.842633 0.841355 0.842116 0.84023 0.841434 0.839721 0.840378 0.839453 0.839183 0.839887 0.839625 0.841446 0.841643 0.843718 0.844048 0.844388 0.845175 0.845236 0.846254 0.845955 0.847196 0.847357 0.84755 0.848245 0.848961 0.850385 0.850413 0.851532 0.851225 0.851313 0.850153 0.850026 0.849337 0.849325 0.84892 0.849204 0.849221 0.849324 
0.876937 0.879486 0.879288 0.874678 0.878147 0.878528 0.878146 0.872544 0.878751 0.87763 0.876379 0.874141 0.880112 0.87947 0.873791 0.876668 0.876373 0.876913 0.868203 0.876103 0.872791 0.872323 0.869119 0.873419 0.873834 0.867608 0.873414 0.869859 0.872244 0.867046 0.872159 0.869383 0.867018 0.871058 0.869445 0.870756 0.869855 0.875914 0.873824 0.871315 0.876412 0.875551 0.874682 0.872501 0.878774 0.877218 0.874043 0.877178 0.879664 0.88002 0.876526 0.88131 0.881263 0.879873 0.87664 0.879718 0.87919 0.877312 0.875797 0.879128 0.87901 0.8764 
0.896734 0.896371 0.899648 0.901543 0.895507 0.895198 0.902609 0.897004 0.894347 0.895421 0.905648 0.894964 0.896015 0.899994 0.90489 0.893257 0.892357 0.90155 0.895881 0.891658 0.887909 0.901673 0.889491 0.890413 0.890338 0.896581 0.890915 0.886286 0.894482 0.888489 0.891913 0.885666 0.890849 0.888528 0.890593 0.892212 0.888396 0.896522 0.896502 0.895172 0.891716 0.898507 0.900742 0.892004 0.895775 0.900632 0.9011 0.893409 0.898562 0.9038 0.901007 0.897392 0.899732 0.90342 0.899042 0.896662 0.896936 0.901589 0.897318 0.896161 0.896852 0.90246 
0.901009 0.935226 0.905489 0.894111 0.913802 0.928718 0.902871 0.888082 0.931454 0.914364 0.90375 0.89048 0.947595 0.903513 0.898106 0.907562 0.936484 0.900248 0.878463 0.937701 0.903973 0.901375 0.877324 0.946075 0.892098 0.884346 0.914564 0.912879 0.900786 0.873116 0.936426 0.891029 0.890219 0.90438 0.913725 0.899593 0.886084 0.933808 0.900628 0.897268 0.915539 0.920342 0.903497 0.891497 0.936803 0.906963 0.898355 0.907595 0.932588 0.906662 0.893611 0.922658 0.924931 0.902869 0.893634 0.92636 0.917491 0.897842 0.895299 0.931242 0.910635 0.896539 
0.905824 0.923147 0.917921 0.908533 0.910452 0.922102 0.915097 0.905395 0.914664 0.919689 0.914537 0.906544 0.922049 0.919347 0.912114 0.908523 0.922401 0.91322 0.903116 0.914595 0.915947 0.907943 0.898081 0.924197 0.908134 0.902148 0.90724 0.922172 0.904509 0.893146 0.922197 0.908948 0.899686 0.897447 0.926127 0.905093 0.895724 0.918094 0.922001 0.90624 0.899521 0.928451 0.914761 0.901954 0.910021 0.928374 0.910732 0.902125 0.921586 0.924667 0.909197 0.906652 0.928143 0.917907 0.905674 0.911385 0.925378 0.912075 0.903203 0.918337 0.920747 0.909978 
0.910548 0.905353 0.911075 0.918571 0.908487 0.902049 0.917205 0.913932 0.906051 0.900075 0.926722 0.909158 0.905073 0.908532 0.926645 0.90695 0.895367 0.917755 0.913394 0.904668 0.890746 0.920243 0.906786 0.898925 0.899164 0.91296 0.90892 0.894508 0.905714 0.905033 0.906644 0.89759 0.90049 0.904276 0.907137 0.902708 0.899578 0.907942 0.918682 0.900982 0.901952 0.913729 0.9185 0.89935 0.899576 0.924958 0.91029 0.9019 0.904854 0.926172 0.909419 0.902369 0.913381 0.918463 0.909457 0.90311 0.911721 0.913971 0.909464 0.905131 0.909334 0.916067 
0.899705 0.903153 0.895045 0.893272 0.903728 0.90009 0.893033 0.893964 0.906051 0.895936 0.892456 0.899114 0.907758 0.895224 0.891984 0.904123 0.900356 0.890992 0.888845 0.904356 0.892009 0.887506 0.89241 0.899548 0.889568 0.886514 0.898371 0.89244 0.888802 0.889673 0.895626 0.887893 0.887973 0.895094 0.890401 0.889196 0.896007 0.898257 0.891874 0.893541 0.904057 0.895112 0.890644 0.898377 0.903187 0.893866 0.890552 0.903836 0.901286 0.894177 0.894543 0.905486 0.900949 0.893017 0.895798 0.9031 0.89759 0.891366 0.896156 0.902935 0.895958 0.892225 
0.878277 0.875689 0.876199 0.878561 0.878273 0.874526 0.877146 0.878286 0.876752 0.87367 0.878317 0.879325 0.876374 0.876462 0.879082 0.878667 0.87224 0.875054 0.875421 0.874308 0.869756 0.873722 0.874313 0.871012 0.871103 0.873043 0.873858 0.86985 0.872169 0.871943 0.870962 0.869887 0.87125 0.871006 0.8706 0.872976 0.873627 0.873211 0.875235 0.876665 0.874821 0.874209 0.876222 0.876946 0.873649 0.875601 0.877031 0.877074 0.875102 0.877351 0.879452 0.878003 0.877183 0.877443 0.878522 0.876151 0.875008 0.87595 0.8773 0.875609 0.875052 0.877368 
0.847999 0.847955 0.848099 0.847932 0.848592 0.848187 0.848292 0.84796 0.848222 0.847699 0.847832 0.84858 0.848805 0.849068 0.848129 0.848433 0.846467 0.846142 0.844803 0.845186 0.844001 0.843703 0.843807 0.843283 0.843294 0.842626 0.843522 0.842561 0.842482 0.842139 0.842029 0.841726 0.841451 0.842255 0.842458 0.843265 0.844369 0.845264 0.845941 0.846118 0.846579 0.846512 0.846265 0.846881 0.846479 0.846917 0.846311 0.847336 0.847235 0.8479 0.848369 0.848896 0.848802 0.848003 0.84772 0.847164 0.846769 0.846324 0.84675 0.847051 0.847302 0.847325 
0.810489 0.810392 0.810697 0.810818 0.811099 0.811042 0.811395 0.81121 0.810892 0.81058 0.81067 0.810933 0.810905 0.811367 0.811011 0.810583 0.809311 0.808913 0.808131 0.807602 0.807193 0.806941 0.806826 0.806082 0.806279 0.805931 0.80614 0.805605 0.805713 0.805386 0.805159 0.805039 0.805042 0.805368 0.805777 0.806547 0.807285 0.807963 0.808573 0.808787 0.808896 0.809084 0.809218 0.809289 0.809126 0.809254 0.809135 0.809165 0.809555 0.810154 0.810846 0.810995 0.811176 0.810735 0.810314 0.809596 0.809328 0.809175 0.809373 0.809502 0.809922 0.810212 
0.764947 0.765104 0.765194 0.765456 0.765804 0.766146 0.766287 0.766312 0.765991 0.765642 0.765279 0.765437 0.765485 0.765726 0.765466 0.765223 0.764378 0.763729 0.763079 0.762695 0.762256 0.761799 0.76149 0.761021 0.760766 0.760534 0.760518 0.760371 0.760177 0.760093 0.759873 0.759865 0.759856 0.76025 0.760644 0.761304 0.761948 0.762525 0.762869 0.763195 0.763377 0.763654 0.763745 0.764025 0.763871 0.763765 0.763487 0.763549 0.763755 0.764208 0.764812 0.765196 0.765303 0.76499 0.764602 0.764143 0.763793 0.763663 0.763794 0.764105 0.764398 0.764711 
0.711436 0.711537 0.71177 0.712018 0.712469 0.712871 0.713223 0.713208 0.71289 0.712389 0.711964 0.711765 0.711764 0.711895 0.711868 0.711581 0.711098 0.710537 0.710098 0.709599 0.709279 0.708749 0.708366 0.707795 0.707583 0.707334 0.707339 0.707229 0.707207 0.70708 0.70699 0.706957 0.707077 0.707336 0.707764 0.708221 0.708711 0.709038 0.709336 0.709497 0.709744 0.710002 0.710304 0.710445 0.710428 0.71019 0.70994 0.709738 0.709913 0.710257 0.710831 0.711196 0.711454 0.711323 0.711088 0.710685 0.710446 0.710286 0.71039 0.710563 0.710914 0.711171 
0.650126 0.650378 0.65057 0.650974 0.651429 0.652009 0.652346 0.652451 0.652081 0.651553 0.650929 0.650612 0.650457 0.650546 0.650522 0.650426 0.650083 0.649728 0.649316 0.64895 0.64847 0.647943 0.647324 0.646807 0.646388 0.646239 0.646151 0.646198 0.646125 0.646134 0.646042 0.646118 0.646208 0.646505 0.646797 0.647184 0.647463 0.647727 0.647863 0.648081 0.648293 0.64867 0.648972 0.649247 0.649203 0.649 0.648616 0.648373 0.64831 0.648568 0.648975 0.649437 0.649717 0.649835 0.649713 0.649539 0.649288 0.649198 0.649177 0.649379 0.649593 0.649919 
0.581415 0.581635 0.581984 0.582374 0.58297 0.583519 0.583977 0.584009 0.583698 0.583037 0.582395 0.581872 0.581679 0.581629 0.581695 0.581619 0.581518 0.581271 0.581064 0.580682 0.580263 0.579594 0.578955 0.578285 0.577909 0.577677 0.577706 0.577733 0.577832 0.57784 0.577912 0.57796 0.578124 0.578268 0.578495 0.578642 0.578821 0.578893 0.579031 0.579149 0.57944 0.57976 0.580177 0.580407 0.580487 0.580226 0.579881 0.579464 0.579322 0.579372 0.579743 0.580154 0.580607 0.580856 0.58099 0.580913 0.580811 0.580655 0.580639 0.580682 0.580903 0.581119 
0.505655 0.506013 0.506371 0.506927 0.507511 0.508168 0.508548 0.508634 0.508226 0.507599 0.506844 0.506321 0.505987 0.505929 0.505906 0.505947 0.505892 0.505866 0.505709 0.505478 0.504959 0.504302 0.503463 0.502778 0.502231 0.50205 0.502007 0.502176 0.502295 0.502489 0.50259 0.502751 0.50282 0.50292 0.502924 0.502972 0.502963 0.503042 0.503105 0.503314 0.503554 0.503961 0.504317 0.504658 0.504703 0.504555 0.504117 0.5037 0.503341 0.503317 0.503511 0.503979 0.504453 0.50493 0.505195 0.505341 0.505275 0.505195 0.505067 0.505093 0.505171 0.505417 
0.423544 0.423883 0.424404 0.424979 0.425695 0.42628 0.426694 0.42665 0.426275 0.425566 0.424879 0.424275 0.423961 0.423777 0.423768 0.423752 0.423837 0.423871 0.423915 0.42371 0.423297 0.422531 0.42169 0.420832 0.420288 0.419989 0.420046 0.420215 0.420529 0.420781 0.421048 0.421169 0.421234 0.421128 0.421009 0.420834 0.420783 0.420771 0.420917 0.421086 0.421403 0.421719 0.422133 0.422399 0.422553 0.422362 0.422009 0.421467 0.421083 0.42087 0.421041 0.421425 0.422025 0.42258 0.42307 0.42332 0.423414 0.423312 0.423202 0.423086 0.423131 0.423249 
0.335773 0.33622 0.336776 0.337515 0.338219 0.338862 0.339147 0.339103 0.338627 0.337996 0.337286 0.336771 0.336383 0.336204 0.33607 0.336079 0.336124 0.336299 0.336381 0.336337 0.335901 0.335197 0.334223 0.33335 0.332649 0.332373 0.332364 0.332664 0.333019 0.333446 0.333732 0.333912 0.333841 0.333643 0.333309 0.333064 0.332904 0.332963 0.333101 0.333378 0.333642 0.334011 0.334326 0.334656 0.334746 0.334658 0.334237 0.333746 0.333224 0.332995 0.333025 0.333435 0.334005 0.334703 0.335278 0.335722 0.335891 0.335896 0.335726 0.335582 0.335472 0.33556 
0.243417 0.243856 0.244554 0.245333 0.246139 0.246703 0.246976 0.246802 0.24635 0.245683 0.245081 0.24456 0.244234 0.243969 0.243828 0.243741 0.243837 0.244007 0.244227 0.24421 0.243894 0.243147 0.242209 0.241217 0.240515 0.240133 0.240182 0.240474 0.240971 0.24144 0.241832 0.241959 0.241849 0.24148 0.241055 0.240672 0.240519 0.240547 0.240772 0.241028 0.241357 0.241652 0.242009 0.242258 0.242415 0.242262 0.241915 0.241346 0.240861 0.240525 0.240566 0.24089 0.24151 0.24221 0.242922 0.24345 0.243772 0.243811 0.243677 0.243425 0.243245 0.243196 
0.147607 0.148117 0.148854 0.149754 0.150555 0.151143 0.151309 0.151114 0.150583 0.149971 0.149364 0.148925 0.148568 0.148329 0.148118 0.148059 0.148124 0.148378 0.148603 0.148678 0.148341 0.147645 0.146638 0.145653 0.144852 0.144472 0.144461 0.144823 0.145342 0.145924 0.146328 0.146487 0.146285 0.145859 0.145309 0.144896 0.144678 0.14474 0.144933 0.145242 0.145535 0.145892 0.146213 0.146531 0.146639 0.146535 0.146111 0.145571 0.145009 0.144706 0.144687 0.145047 0.145633 0.146394 0.147126 0.147763 0.148139 0.148265 0.148109 0.147835 0.147542 0.147449 
0.049781 0.0503 0.051087 0.0519905 0.0528063 0.053343 0.0534886 0.0532443 0.0527359 0.0521327 0.0515919 0.0511684 0.050853 0.050594 0.0503999 0.0503131 0.0503989 0.0506245 0.0508663 0.0509075 0.0505912 0.0498701 0.0488864 0.0478649 0.0470608 0.0466232 0.0466052 0.0469341 0.0474787 0.0480548 0.0484797 0.0486123 0.0484075 0.0479495 0.0474108 0.0469884 0.0467963 0.046844 0.047052 0.0473325 0.0476458 0.047983 0.0483423 0.0486424 0.0487854 0.0486539 0.0482634 0.0477037 0.0471879 0.0468772 0.0468981 0.0472349 0.0478266 0.0485449 0.0492732 0.0498862 0.0502852 0.0504149 0.0502863 0.0500023 0.0497143 0.0496007 
