0.0582336 0.0584265 0.0585027 0.058436 0.0582261 0.0578681 0.0573853 0.0567925 0.0561258 0.055404 0.0546599 0.0539021 0.0531499 0.0523964 0.0516464 0.0508822 0.0501023 0.0492863 0.0484303 0.0475136 0.046535 0.0454867 0.044388 0.0432613 0.0421533 0.0411052 0.0401664 0.0393675 0.0387395 0.0382946 0.0380516 0.0380126 0.0381868 0.0385581 0.0391146 0.0398161 0.0406341 0.0415207 0.0424494 0.0433816 0.0443045 0.0451982 0.0460676 0.0469083 0.0477317 0.0485327 0.0493175 0.0500777 0.0508182 0.051531 0.0522211 0.0528807 0.053516 0.0541211 0.0547028 0.0552536 0.0557793 0.0562725 0.0567415 0.0571788 0.0575864 0.0579426 
0.155804 0.155977 0.156013 0.155947 0.155719 0.155383 0.154899 0.154335 0.153663 0.152958 0.152195 0.151445 0.150674 0.149936 0.149179 0.148444 0.147671 0.146897 0.146059 0.145189 0.144227 0.14322 0.14213 0.141038 0.139933 0.138916 0.137976 0.137205 0.136576 0.136162 0.135919 0.135905 0.136065 0.136441 0.136963 0.137652 0.138426 0.139298 0.140185 0.141109 0.142002 0.142903 0.14376 0.144624 0.145447 0.146278 0.147065 0.147852 0.148585 0.149312 0.149987 0.150659 0.151282 0.151905 0.152477 0.153041 0.153545 0.154037 0.154467 0.154885 0.155239 0.155568 
0.251403 0.251519 0.251547 0.251429 0.251203 0.25083 0.250364 0.249779 0.249137 0.248415 0.247677 0.246899 0.246139 0.245364 0.24462 0.243857 0.243113 0.242328 0.241535 0.240668 0.239762 0.238763 0.237731 0.236645 0.23559 0.234569 0.233667 0.232883 0.232286 0.231861 0.231654 0.231629 0.231819 0.232169 0.232702 0.233347 0.234121 0.234939 0.235819 0.236687 0.237573 0.238423 0.239283 0.240109 0.240946 0.241751 0.242559 0.243325 0.244086 0.244799 0.245507 0.246172 0.246837 0.247458 0.248072 0.248631 0.249173 0.249654 0.250116 0.250514 0.250884 0.25117 
0.343569 0.343683 0.343651 0.343534 0.343255 0.34289 0.342378 0.341815 0.341148 0.340471 0.339723 0.338988 0.338206 0.337454 0.336675 0.335932 0.335161 0.334406 0.333598 0.332771 0.331862 0.330917 0.329894 0.328867 0.327813 0.326836 0.325912 0.325154 0.32452 0.324117 0.323873 0.323873 0.324027 0.324397 0.324886 0.32554 0.326266 0.327092 0.327926 0.328801 0.329642 0.330503 0.331324 0.332173 0.33298 0.33381 0.334589 0.335378 0.336111 0.336853 0.337548 0.338257 0.338923 0.339597 0.340211 0.340817 0.34135 0.341871 0.342319 0.342751 0.343091 0.343391 
0.431106 0.431153 0.431117 0.430939 0.430665 0.43025 0.429749 0.429145 0.428499 0.427801 0.427095 0.426354 0.425614 0.424845 0.424097 0.423328 0.422595 0.421825 0.421072 0.420238 0.419399 0.418466 0.417536 0.416539 0.415584 0.414627 0.41377 0.413003 0.412404 0.411969 0.411737 0.411694 0.411852 0.412171 0.412661 0.413257 0.413978 0.414734 0.41556 0.416363 0.417196 0.41799 0.418811 0.419605 0.42042 0.421207 0.422001 0.422753 0.423507 0.424221 0.42495 0.425645 0.426362 0.427034 0.427712 0.428316 0.428906 0.429414 0.429904 0.430307 0.430673 0.430924 
0.513057 0.513099 0.512995 0.512809 0.512474 0.512071 0.511527 0.510956 0.510278 0.509627 0.5089 0.508225 0.507476 0.506772 0.506006 0.505286 0.50453 0.503801 0.503039 0.502248 0.501411 0.500519 0.499607 0.498664 0.497736 0.496834 0.495983 0.49525 0.49461 0.494186 0.493876 0.49383 0.493898 0.49422 0.494637 0.495247 0.495915 0.496684 0.497467 0.498279 0.499076 0.499883 0.500669 0.501479 0.502254 0.503058 0.503811 0.50459 0.505314 0.506063 0.506773 0.507507 0.508211 0.508929 0.509607 0.510269 0.510865 0.511424 0.511904 0.512334 0.512665 0.512926 
0.588574 0.588543 0.588442 0.588173 0.587825 0.587352 0.586822 0.586226 0.585574 0.584914 0.584215 0.583544 0.582826 0.582147 0.581423 0.580714 0.57999 0.579266 0.578563 0.577779 0.577039 0.576167 0.575379 0.574452 0.573666 0.57279 0.572062 0.571339 0.570775 0.570332 0.570023 0.569925 0.569948 0.570199 0.570562 0.571102 0.571734 0.572426 0.573191 0.573926 0.574714 0.575446 0.576227 0.576964 0.577722 0.578462 0.579205 0.579939 0.580675 0.581408 0.582158 0.58288 0.583632 0.584341 0.585078 0.585733 0.586397 0.58695 0.587482 0.587871 0.588227 0.588429 
0.657128 0.657078 0.656937 0.65663 0.656242 0.655725 0.655165 0.65458 0.653934 0.653316 0.652606 0.652016 0.651281 0.650705 0.649956 0.649378 0.6486 0.64797 0.647211 0.646518 0.64575 0.644935 0.644179 0.643272 0.642537 0.641638 0.640982 0.640215 0.639677 0.639197 0.638845 0.638726 0.638633 0.638895 0.639112 0.639684 0.640206 0.640936 0.641643 0.642414 0.643204 0.643947 0.644735 0.645481 0.64622 0.646955 0.647657 0.648418 0.6491 0.649874 0.650588 0.651374 0.652093 0.652858 0.653584 0.654299 0.654952 0.655553 0.656079 0.656494 0.656817 0.657011 
0.718145 0.717965 0.717883 0.71748 0.717117 0.716455 0.715975 0.715314 0.714693 0.714037 0.713397 0.712827 0.71205 0.711569 0.710818 0.710348 0.709489 0.709026 0.708243 0.707621 0.70688 0.706175 0.705569 0.704633 0.704161 0.703231 0.702819 0.701938 0.701634 0.701077 0.700779 0.700621 0.700492 0.700718 0.700773 0.701331 0.701698 0.702348 0.702975 0.703674 0.704426 0.705061 0.705873 0.70652 0.707223 0.7079 0.708593 0.709308 0.709948 0.710738 0.711466 0.712241 0.712981 0.713786 0.714571 0.71527 0.71597 0.716584 0.717154 0.717503 0.717861 0.718009 
0.771464 0.771313 0.771131 0.770661 0.770385 0.769591 0.769164 0.768362 0.767964 0.767114 0.766615 0.766008 0.765423 0.764876 0.76416 0.763899 0.76295 0.762675 0.761664 0.761474 0.760341 0.759933 0.759067 0.758422 0.757776 0.756835 0.756592 0.755438 0.75538 0.754429 0.754463 0.753938 0.75395 0.754074 0.754 0.754651 0.754775 0.75565 0.755979 0.756927 0.757601 0.758275 0.759104 0.759775 0.760605 0.761117 0.761922 0.762626 0.763265 0.763983 0.7647 0.765581 0.766204 0.767082 0.767813 0.768691 0.76925 0.769979 0.770468 0.770973 0.771176 0.77138 
0.816692 0.816188 0.816192 0.81579 0.815558 0.814146 0.814416 0.813295 0.813086 0.811601 0.811962 0.810954 0.810306 0.80972 0.809372 0.809157 0.807502 0.808198 0.806744 0.807096 0.805074 0.805928 0.804586 0.804007 0.803615 0.802882 0.803123 0.801072 0.80227 0.800593 0.801134 0.800082 0.8006 0.800504 0.799994 0.801068 0.800673 0.801596 0.801574 0.802713 0.803091 0.803438 0.804607 0.804975 0.805718 0.80611 0.807183 0.807734 0.808075 0.809096 0.809823 0.810664 0.811031 0.812301 0.813034 0.813817 0.814204 0.815335 0.815744 0.816094 0.816177 0.816749 
0.853559 0.853984 0.852943 0.853004 0.852476 0.851585 0.851237 0.850187 0.850548 0.848582 0.849147 0.847669 0.848392 0.846484 0.847029 0.846191 0.845777 0.845278 0.844356 0.845221 0.842596 0.843918 0.841293 0.842877 0.840179 0.841057 0.839961 0.838952 0.839416 0.837363 0.83905 0.836295 0.838411 0.836704 0.837574 0.837506 0.837725 0.838803 0.837956 0.840155 0.839745 0.84095 0.841094 0.842483 0.84312 0.843118 0.844497 0.844977 0.845827 0.845791 0.847308 0.847863 0.848515 0.849109 0.850314 0.851205 0.851405 0.852456 0.852781 0.853795 0.853163 0.85411 
0.883433 0.88136 0.878527 0.885065 0.882116 0.876835 0.8794 0.881737 0.880239 0.871774 0.88093 0.877767 0.877114 0.869521 0.880845 0.87571 0.871345 0.872372 0.876369 0.876298 0.864598 0.877259 0.870499 0.873556 0.864268 0.875243 0.871027 0.865505 0.871293 0.86759 0.871549 0.862363 0.872782 0.866154 0.86638 0.868838 0.868345 0.868132 0.865281 0.873277 0.868299 0.867204 0.871592 0.873176 0.870893 0.868587 0.876617 0.874508 0.871953 0.873281 0.878807 0.877136 0.874073 0.878012 0.881353 0.880075 0.876904 0.882327 0.883357 0.882297 0.878258 0.885386 
0.902936 0.908419 0.898173 0.900256 0.903282 0.905275 0.894375 0.898575 0.905521 0.89845 0.892626 0.897601 0.906958 0.891484 0.892797 0.898277 0.904604 0.887233 0.892958 0.900871 0.896674 0.888284 0.889266 0.902363 0.886426 0.891142 0.887128 0.89607 0.88496 0.887772 0.890126 0.884377 0.890922 0.884029 0.888779 0.882247 0.89406 0.886918 0.883252 0.890555 0.895215 0.889094 0.883018 0.898944 0.897105 0.888874 0.888944 0.902724 0.89802 0.889087 0.895981 0.902824 0.899699 0.891877 0.90114 0.90361 0.901943 0.896414 0.903134 0.90662 0.901757 0.899819 
0.926964 0.904127 0.887914 0.94965 0.911075 0.899381 0.895977 0.949476 0.903566 0.887331 0.920237 0.931377 0.905287 0.87339 0.954269 0.902426 0.905716 0.878251 0.965122 0.892149 0.88022 0.925866 0.91976 0.907032 0.851482 0.967508 0.881461 0.892911 0.886673 0.932713 0.895124 0.857449 0.937288 0.888125 0.895023 0.879591 0.926377 0.892953 0.87752 0.922599 0.900138 0.895889 0.894881 0.926675 0.899495 0.88892 0.923471 0.915219 0.898413 0.894161 0.934437 0.909718 0.8947 0.904598 0.938818 0.905652 0.893822 0.917058 0.938351 0.903894 0.891001 0.935071 
0.933327 0.920292 0.904374 0.918169 0.928215 0.915723 0.902952 0.920557 0.925157 0.908756 0.905333 0.920815 0.922592 0.902046 0.910263 0.922314 0.915555 0.899455 0.918262 0.920783 0.905243 0.90301 0.923957 0.91264 0.8946 0.916472 0.918302 0.903519 0.890206 0.92942 0.906088 0.892138 0.902883 0.925071 0.899115 0.883551 0.923881 0.911004 0.895547 0.89008 0.933846 0.901518 0.891825 0.910097 0.928018 0.900917 0.890661 0.930666 0.914845 0.901753 0.899133 0.937363 0.909107 0.898987 0.918172 0.930423 0.91029 0.900263 0.932616 0.9235 0.908664 0.909737 
0.913295 0.929058 0.909547 0.904174 0.914746 0.928715 0.905237 0.897617 0.926789 0.916687 0.905739 0.889503 0.943486 0.899656 0.902874 0.898329 0.93815 0.899438 0.886162 0.925922 0.910041 0.907511 0.878859 0.934075 0.897546 0.898597 0.899437 0.910747 0.904938 0.890062 0.911986 0.894526 0.903044 0.906039 0.896856 0.896359 0.906949 0.911949 0.890828 0.890341 0.933555 0.892997 0.895056 0.898564 0.936835 0.891321 0.883623 0.929424 0.912641 0.89865 0.884498 0.938456 0.905785 0.895048 0.903604 0.928667 0.910929 0.897058 0.913559 0.926126 0.912455 0.90343 
0.90132 0.895097 0.901595 0.908949 0.897177 0.893192 0.905467 0.902937 0.894076 0.891955 0.909382 0.895618 0.891909 0.894381 0.909093 0.891133 0.888357 0.902331 0.901216 0.890623 0.885329 0.908121 0.891241 0.887879 0.889714 0.902335 0.887749 0.883197 0.897203 0.890717 0.886461 0.885521 0.895373 0.885765 0.885422 0.892679 0.889004 0.8852 0.891965 0.892797 0.888062 0.886233 0.900274 0.890784 0.887579 0.893897 0.900245 0.892834 0.885936 0.901098 0.899079 0.893525 0.889523 0.903385 0.902196 0.893267 0.895019 0.906543 0.903749 0.894785 0.89854 0.910165 
0.878882 0.881641 0.881773 0.877439 0.878359 0.880426 0.879713 0.873608 0.878737 0.878284 0.877084 0.871513 0.878813 0.87739 0.87299 0.8734 0.876871 0.877909 0.868955 0.876369 0.874907 0.875581 0.86869 0.875242 0.874964 0.870327 0.871554 0.871829 0.873431 0.867549 0.871499 0.869863 0.869099 0.869039 0.869441 0.868244 0.868306 0.870093 0.869388 0.866448 0.871488 0.871116 0.869011 0.869429 0.872808 0.874318 0.868134 0.874398 0.873953 0.875645 0.871374 0.876258 0.87779 0.876232 0.876364 0.877999 0.881155 0.878611 0.87875 0.880587 0.882467 0.87962 
0.851329 0.850745 0.851103 0.850484 0.850379 0.849094 0.849796 0.848414 0.848704 0.847418 0.848283 0.847045 0.847114 0.846951 0.846724 0.84685 0.84553 0.847155 0.845138 0.846337 0.844337 0.845846 0.844039 0.843904 0.84383 0.842915 0.84312 0.841139 0.842493 0.840506 0.840855 0.839912 0.840192 0.839818 0.839289 0.839939 0.83974 0.839833 0.840305 0.840458 0.841269 0.841107 0.842056 0.842449 0.842436 0.843657 0.843135 0.844693 0.84371 0.845552 0.845176 0.846198 0.846409 0.847347 0.848236 0.848351 0.849343 0.849908 0.850586 0.8505 0.851055 0.851381 
0.813523 0.813416 0.813286 0.812626 0.812646 0.812058 0.811793 0.810942 0.811097 0.81052 0.810136 0.809862 0.80979 0.80981 0.808897 0.809536 0.808796 0.809249 0.808084 0.808813 0.808056 0.807788 0.807392 0.807012 0.807054 0.805785 0.806168 0.805034 0.805115 0.804081 0.804057 0.803564 0.803174 0.803205 0.802816 0.802927 0.802935 0.80317 0.803272 0.803514 0.804122 0.804395 0.804442 0.80526 0.805394 0.80607 0.805835 0.806961 0.807064 0.807519 0.808025 0.808661 0.809491 0.809625 0.81071 0.81112 0.811976 0.81213 0.812803 0.813127 0.813447 0.813352 
0.767731 0.767604 0.767593 0.76729 0.767042 0.766616 0.766388 0.765945 0.7656 0.765337 0.765074 0.764926 0.764553 0.764667 0.764223 0.764316 0.763803 0.764008 0.763459 0.76334 0.762916 0.7626 0.762236 0.761544 0.761402 0.760563 0.760301 0.759454 0.759215 0.758576 0.758166 0.757912 0.757577 0.757564 0.757356 0.757579 0.757635 0.757926 0.758263 0.75862 0.758982 0.759403 0.7597 0.760178 0.760316 0.760908 0.761005 0.761505 0.761708 0.762208 0.762641 0.763022 0.76368 0.764118 0.764849 0.765227 0.765926 0.766354 0.766857 0.767116 0.767481 0.767638 
0.713866 0.71384 0.713766 0.71354 0.713344 0.713042 0.71273 0.712408 0.712122 0.711904 0.711603 0.711508 0.71126 0.71121 0.710904 0.710897 0.710648 0.710537 0.710271 0.710043 0.709801 0.709337 0.70909 0.708504 0.708196 0.707483 0.70711 0.706472 0.706032 0.705545 0.705139 0.704873 0.704577 0.704532 0.704439 0.704561 0.704723 0.704983 0.705274 0.705589 0.705926 0.706241 0.706496 0.706865 0.707121 0.707445 0.707698 0.708041 0.708396 0.708699 0.709198 0.70958 0.710167 0.710558 0.711177 0.711625 0.712176 0.712571 0.71301 0.713323 0.713602 0.713743 
0.65228 0.652349 0.65231 0.652222 0.652032 0.651846 0.651584 0.65137 0.651091 0.650938 0.650704 0.650605 0.650387 0.65032 0.650111 0.650027 0.649827 0.649689 0.649449 0.64917 0.648879 0.648459 0.648066 0.647494 0.646999 0.646359 0.645794 0.645213 0.644678 0.644237 0.643796 0.643566 0.643328 0.643325 0.643334 0.64354 0.643766 0.644096 0.64442 0.64477 0.645071 0.645403 0.645662 0.645977 0.646209 0.646508 0.646743 0.647019 0.647309 0.647609 0.647982 0.648327 0.64877 0.649174 0.64964 0.650075 0.650526 0.650953 0.651323 0.651666 0.651932 0.652161 
0.58326 0.583342 0.583374 0.583319 0.583223 0.583069 0.582889 0.582697 0.582504 0.582334 0.582164 0.582029 0.581889 0.581769 0.581647 0.581528 0.58141 0.581229 0.581057 0.580774 0.580512 0.580086 0.579684 0.579112 0.578573 0.577931 0.577352 0.57676 0.576232 0.575768 0.575387 0.575133 0.574984 0.574972 0.575071 0.57526 0.575535 0.575822 0.576145 0.576432 0.576728 0.576982 0.577241 0.57748 0.57773 0.577957 0.578219 0.578451 0.578743 0.578991 0.57933 0.579629 0.580019 0.580367 0.580787 0.581165 0.581576 0.581936 0.5823 0.582601 0.582882 0.583087 
0.507282 0.507457 0.507527 0.507575 0.507518 0.507458 0.507317 0.507203 0.507031 0.506912 0.506749 0.506648 0.50651 0.50643 0.50631 0.506222 0.506084 0.505938 0.505731 0.505479 0.50515 0.50474 0.504233 0.503655 0.503006 0.502355 0.501679 0.50108 0.500495 0.500054 0.499669 0.499474 0.499357 0.499421 0.499552 0.499811 0.50009 0.500428 0.500735 0.50106 0.501331 0.501615 0.501845 0.502095 0.502307 0.502547 0.502762 0.502996 0.503213 0.503449 0.503686 0.503962 0.504249 0.504579 0.5049 0.505261 0.505588 0.505948 0.506251 0.506576 0.506833 0.507099 
0.424984 0.425167 0.425322 0.425386 0.425417 0.425372 0.425312 0.425202 0.425098 0.424964 0.424857 0.424738 0.424657 0.42456 0.424494 0.42439 0.424303 0.424151 0.423992 0.423729 0.423422 0.422976 0.42247 0.42184 0.421185 0.420473 0.419799 0.419148 0.418597 0.418135 0.417817 0.417613 0.417565 0.417616 0.417798 0.41803 0.418339 0.418639 0.418969 0.419255 0.419548 0.419789 0.420034 0.420239 0.420466 0.420663 0.420889 0.421077 0.421291 0.42147 0.421695 0.421908 0.422176 0.422434 0.422736 0.423017 0.423329 0.423612 0.423918 0.42419 0.424481 0.424731 
0.337138 0.337397 0.337569 0.337719 0.337773 0.337811 0.337766 0.337723 0.337619 0.33754 0.337427 0.337358 0.337265 0.337215 0.337136 0.337083 0.336983 0.336881 0.336694 0.336457 0.336091 0.335645 0.335059 0.334416 0.333678 0.332955 0.332214 0.331573 0.330988 0.330563 0.33023 0.330073 0.330011 0.330108 0.330273 0.330551 0.330845 0.331197 0.331517 0.331853 0.332129 0.332407 0.332625 0.332857 0.333047 0.333261 0.333435 0.333628 0.333781 0.33396 0.334117 0.334319 0.334508 0.334746 0.334965 0.335229 0.335467 0.335748 0.336001 0.336301 0.336573 0.336881 
0.244759 0.245021 0.245264 0.24543 0.24556 0.245607 0.245622 0.245571 0.245514 0.245422 0.245352 0.245271 0.245226 0.245171 0.245146 0.245098 0.245053 0.244945 0.244793 0.244526 0.244171 0.243675 0.24309 0.242392 0.241657 0.240885 0.240161 0.239486 0.238931 0.238478 0.238176 0.237988 0.237952 0.238015 0.238207 0.238459 0.23879 0.239126 0.239484 0.239799 0.240104 0.240353 0.240597 0.240798 0.241007 0.241182 0.241366 0.241517 0.241678 0.241814 0.24197 0.242113 0.242289 0.242459 0.242663 0.242862 0.243095 0.243323 0.243589 0.243855 0.244159 0.244451 
0.14899 0.149314 0.149579 0.149813 0.149958 0.150057 0.150071 0.150058 0.149993 0.149939 0.149868 0.149833 0.149794 0.149791 0.149773 0.149767 0.149712 0.149628 0.149443 0.14918 0.148777 0.148276 0.147638 0.146934 0.146153 0.145383 0.144622 0.143956 0.143367 0.142922 0.142583 0.142401 0.142328 0.142405 0.142575 0.142861 0.143189 0.14357 0.143927 0.144282 0.144579 0.144864 0.145095 0.145322 0.145504 0.145687 0.145833 0.145986 0.146107 0.146241 0.14635 0.146484 0.146605 0.146763 0.146916 0.147108 0.147296 0.147528 0.147764 0.148051 0.148343 0.148675 
0.0515209 0.0518759 0.0521847 0.0524287 0.0525923 0.0526775 0.0526922 0.0526571 0.0525919 0.0525204 0.0524563 0.0524101 0.0523784 0.0523565 0.0523296 0.0522859 0.0522043 0.0520669 0.0518468 0.0515267 0.0510876 0.0505312 0.0498632 0.0491135 0.0483122 0.0475068 0.0467336 0.0460353 0.0454352 0.0449579 0.0446115 0.0444069 0.0443434 0.044421 0.0446242 0.0449317 0.0453059 0.0457109 0.0461091 0.0464804 0.0468108 0.0471017 0.0473514 0.0475673 0.0477515 0.0479157 0.0480639 0.0482056 0.0483384 0.0484681 0.0485931 0.0487241 0.0488621 0.0490163 0.0491846 0.049375 0.0495885 0.0498351 0.0501153 0.0504327 0.05078 0.0511492 
