7636.13 7634.34 7633.22 7632.31 7630.88 7628.61 7625.75 7622.98 7620.64 7618.8 7616.96 7614.96 7612.69 7610.65 7608.99 7607.93 7607.05 7606.3 7605.41 7604.74 7604.32 7604.47 7604.91 7605.74 7606.7 7608 7609.5 7611.29 7613.04 7614.72 7616.25 7618 7620.26 7623.22 7626.48 7629.41 7631.47 7632.67 7633.61 7634.96 7637.04 7639.43 7641.56 7642.91 7643.68 7644.16 7644.83 7645.54 7646.21 7646.53 7646.71 7646.76 7646.82 7646.52 7645.79 7644.59 7643.48 7642.7 7642.32 7641.71 7640.43 7638.37 
7636.24 7634.52 7633.31 7632.25 7630.72 7628.45 7625.77 7623.16 7621.03 7619.16 7617.31 7615.1 7612.8 7610.63 7609.09 7607.99 7607.3 7606.54 7605.83 7605.1 7604.76 7604.73 7605.17 7605.8 7606.75 7607.86 7609.35 7611.06 7613.01 7614.88 7616.68 7618.45 7620.51 7623 7625.83 7628.56 7630.74 7632.31 7633.57 7635.1 7637.07 7639.31 7641.23 7642.58 7643.35 7644 7644.69 7645.53 7646.16 7646.57 7646.69 7646.84 7646.86 7646.66 7645.87 7644.69 7643.42 7642.58 7642.05 7641.47 7640.24 7638.36 
7636.51 7634.93 7633.71 7632.43 7630.67 7628.31 7625.68 7623.31 7621.33 7619.61 7617.69 7615.48 7613.07 7610.99 7609.41 7608.46 7607.72 7607.11 7606.36 7605.78 7605.36 7605.37 7605.63 7606.23 7606.96 7607.95 7609.16 7610.79 7612.73 7614.94 7617.07 7619.04 7620.86 7622.79 7625 7627.43 7629.8 7631.83 7633.55 7635.15 7636.94 7638.79 7640.57 7641.94 7643.02 7643.87 7644.77 7645.53 7646.13 7646.36 7646.52 7646.63 7646.82 7646.65 7646.01 7644.77 7643.49 7642.42 7641.79 7641.09 7640 7638.32 
7636.88 7635.54 7634.24 7632.71 7630.68 7628.22 7625.75 7623.61 7621.89 7620.23 7618.36 7616.1 7613.81 7611.77 7610.33 7609.28 7608.54 7607.78 7607.11 7606.51 7606.24 7606.18 7606.46 7606.91 7607.58 7608.31 7609.28 7610.55 7612.39 7614.71 7617.25 7619.53 7621.34 7622.81 7624.37 7626.38 7628.79 7631.27 7633.41 7635.16 7636.63 7638.14 7639.65 7641.19 7642.53 7643.77 7644.74 7645.51 7645.88 7646.06 7646.1 7646.33 7646.54 7646.57 7645.96 7644.86 7643.48 7642.35 7641.47 7640.73 7639.69 7638.37 
7637.28 7636.08 7634.73 7632.94 7630.73 7628.3 7626.07 7624.25 7622.7 7621.12 7619.2 7617.05 7614.89 7613.1 7611.69 7610.62 7609.6 7608.68 7607.86 7607.38 7607.13 7607.18 7607.38 7607.82 7608.39 7609.1 7609.8 7610.73 7612.14 7614.29 7616.96 7619.62 7621.69 7623.05 7624.21 7625.75 7628.02 7630.65 7633.11 7634.91 7636.23 7637.35 7638.74 7640.33 7642.04 7643.48 7644.61 7645.23 7645.54 7645.56 7645.69 7645.89 7646.24 7646.27 7645.85 7644.78 7643.51 7642.25 7641.29 7640.39 7639.49 7638.39 
7637.45 7636.39 7634.95 7633.05 7630.78 7628.53 7626.61 7625.05 7623.64 7622.01 7620.09 7618 7616.11 7614.54 7613.3 7612.08 7610.85 7609.6 7608.7 7608.19 7608.08 7608.09 7608.25 7608.57 7609.21 7609.99 7610.76 7611.43 7612.35 7613.93 7616.33 7619.13 7621.61 7623.33 7624.48 7625.75 7627.64 7630.12 7632.52 7634.39 7635.57 7636.6 7637.87 7639.62 7641.47 7643.15 7644.25 7644.89 7645.06 7645.17 7645.27 7645.61 7645.9 7646.02 7645.58 7644.69 7643.44 7642.25 7641.14 7640.22 7639.29 7638.4 
7637.39 7636.31 7634.86 7632.93 7630.79 7628.79 7627.16 7625.82 7624.42 7622.72 7620.72 7618.74 7617.04 7615.75 7614.6 7613.39 7611.95 7610.58 7609.56 7609.1 7608.96 7608.95 7608.89 7609.08 7609.7 7610.75 7611.83 7612.63 7613.2 7614.07 7615.76 7618.28 7621.07 7623.37 7624.96 7626.18 7627.68 7629.62 7631.76 7633.5 7634.8 7635.85 7637.23 7638.97 7640.97 7642.65 7643.86 7644.45 7644.75 7644.86 7645.13 7645.42 7645.76 7645.77 7645.41 7644.52 7643.42 7642.21 7641.13 7640.08 7639.16 7638.25 
7637.08 7636 7634.51 7632.67 7630.7 7628.98 7627.6 7626.35 7624.9 7623.07 7621.04 7619.13 7617.62 7616.46 7615.42 7614.18 7612.78 7611.42 7610.48 7609.99 7609.84 7609.65 7609.41 7609.35 7609.9 7611.12 7612.66 7613.9 7614.53 7614.88 7615.72 7617.59 7620.29 7623.12 7625.3 7626.77 7627.89 7629.23 7630.81 7632.5 7633.95 7635.33 7636.77 7638.56 7640.4 7642.12 7643.34 7644.14 7644.53 7644.84 7645.1 7645.46 7645.68 7645.71 7645.27 7644.48 7643.36 7642.23 7641.07 7640 7638.94 7638.02 
7636.76 7635.6 7634.14 7632.36 7630.6 7629.09 7627.86 7626.6 7625.01 7623.09 7621.11 7619.4 7618.02 7616.88 7615.71 7614.47 7613.2 7612.13 7611.33 7610.85 7610.53 7610.25 7609.94 7609.78 7610.11 7611.24 7612.99 7614.76 7615.87 7616.21 7616.43 7617.45 7619.7 7622.68 7625.45 7627.25 7628.21 7628.9 7630 7631.52 7633.32 7635 7636.65 7638.22 7639.9 7641.45 7642.84 7643.8 7644.49 7644.84 7645.17 7645.43 7645.7 7645.65 7645.28 7644.43 7643.37 7642.17 7641.01 7639.82 7638.74 7637.72 
7636.52 7635.34 7633.81 7632.11 7630.49 7629.16 7627.96 7626.57 7624.81 7622.89 7621.16 7619.75 7618.52 7617.17 7615.71 7614.34 7613.35 7612.69 7612.14 7611.51 7610.96 7610.65 7610.61 7610.6 7610.72 7611.36 7612.88 7614.96 7616.77 7617.61 7617.67 7617.99 7619.5 7622.31 7625.36 7627.6 7628.51 7628.84 7629.43 7630.9 7632.9 7634.99 7636.65 7638.06 7639.34 7640.8 7642.23 7643.51 7644.32 7644.8 7645.02 7645.3 7645.55 7645.65 7645.26 7644.46 7643.31 7642.11 7640.84 7639.66 7638.52 7637.54 
7636.47 7635.17 7633.6 7631.9 7630.4 7629.13 7627.88 7626.29 7624.43 7622.68 7621.31 7620.27 7619.02 7617.34 7615.44 7614.06 7613.46 7613.33 7612.91 7611.99 7611.07 7610.85 7611.36 7611.78 7611.76 7611.73 7612.68 7614.72 7617.14 7618.7 7619.02 7618.92 7619.75 7622.06 7625.2 7627.75 7628.89 7629.01 7629.35 7630.63 7632.81 7635.03 7636.76 7637.88 7638.93 7640.18 7641.74 7643.13 7644.09 7644.48 7644.69 7644.92 7645.35 7645.54 7645.29 7644.41 7643.26 7641.94 7640.7 7639.49 7638.44 7637.46 
7636.4 7635.08 7633.39 7631.71 7630.23 7628.96 7627.56 7625.83 7624.05 7622.58 7621.58 7620.66 7619.26 7617.12 7615 7613.78 7613.76 7614.09 7613.66 7612.29 7611.02 7610.98 7612.02 7612.93 7612.85 7612.36 7612.73 7614.58 7617.29 7619.38 7620.08 7619.84 7620.19 7621.98 7624.95 7627.74 7629.17 7629.43 7629.59 7630.77 7632.8 7635.07 7636.66 7637.75 7638.6 7639.86 7641.37 7642.86 7643.73 7644.07 7644.2 7644.54 7645.1 7645.45 7645.19 7644.3 7643.06 7641.79 7640.54 7639.44 7638.38 7637.46 
7636.28 7634.9 7633.27 7631.49 7630.04 7628.6 7627.11 7625.31 7623.82 7622.63 7621.8 7620.75 7618.95 7616.58 7614.41 7613.72 7614.21 7614.97 7614.29 7612.59 7610.96 7611.19 7612.49 7613.68 7613.76 7612.99 7613.22 7614.74 7617.64 7619.73 7620.79 7620.42 7620.66 7622 7624.71 7627.52 7629.27 7629.76 7630 7631.03 7632.89 7634.88 7636.39 7637.41 7638.45 7639.74 7641.26 7642.64 7643.42 7643.61 7643.78 7644.24 7644.96 7645.31 7645.01 7643.95 7642.75 7641.58 7640.5 7639.41 7638.4 7637.33 
7635.94 7634.73 7633.14 7631.45 7629.76 7628.31 7626.49 7624.97 7623.66 7622.76 7621.79 7620.47 7618.38 7615.94 7614.12 7613.79 7614.92 7615.46 7614.9 7612.77 7611.2 7611.53 7612.9 7614.08 7614.35 7613.65 7613.69 7615.51 7618.02 7620.12 7620.99 7620.84 7620.96 7622.12 7624.55 7627.09 7629.12 7629.75 7630.25 7631.22 7632.93 7634.61 7635.87 7637.02 7638.13 7639.79 7641.07 7642.51 7642.99 7643.27 7643.37 7644.07 7644.87 7645.04 7644.66 7643.37 7642.35 7641.33 7640.61 7639.46 7638.35 7637.06 
7635.4 7634.67 7633.18 7631.52 7629.6 7627.83 7626.29 7624.72 7623.96 7622.48 7621.84 7619.76 7618.2 7615.78 7614.45 7614.16 7615.2 7615.87 7615.06 7613.67 7611.33 7612.63 7612.86 7614.81 7614.37 7614.65 7614.28 7616.31 7618.67 7620.03 7621.56 7620.58 7621.68 7621.9 7624.74 7626.43 7628.85 7629.38 7630.21 7631.11 7632.87 7634.18 7635.47 7636.56 7637.78 7639.45 7640.83 7642.14 7642.49 7642.88 7643.06 7643.82 7644.57 7644.6 7644.01 7642.74 7641.84 7641.23 7640.61 7639.64 7637.99 7636.81 
7635.7 7634.37 7633.81 7631.12 7629.49 7627.38 7626.7 7625.24 7624.13 7622.34 7621.31 7619.85 7618.68 7616.99 7614.89 7614.65 7615.1 7616.39 7615.88 7615.04 7612.52 7612.66 7613.41 7614.74 7615.71 7615.68 7615.58 7616.37 7618.73 7620.27 7621.36 7621.46 7621.05 7622.52 7623.84 7626.62 7627.84 7629.24 7629.75 7630.69 7632.72 7633.58 7635.57 7635.61 7637.61 7638.26 7640.84 7641.2 7641.98 7642.47 7642.41 7643.68 7643.38 7644.5 7642.68 7642.51 7641.32 7640.76 7640.74 7639.26 7638.08 7635.9 
7635.96 7634.19 7634.68 7630.89 7629.82 7626.72 7627.68 7625.65 7625.32 7622.27 7621.65 7620.1 7619.66 7618.84 7615.78 7616.28 7614.69 7617.83 7616.12 7617.33 7613.67 7613.85 7614.3 7615.28 7617.09 7616.38 7617.07 7615.87 7619.26 7619.73 7621.68 7621.57 7621.1 7622.59 7623.4 7626.23 7627.1 7628.63 7629.47 7630 7632.57 7632.72 7635.22 7634.76 7637.12 7637.91 7639.78 7640.86 7640.34 7642.33 7641.03 7643.48 7642.37 7643.63 7641.91 7641.43 7641.24 7640.07 7641.03 7638.7 7637.95 7635.09 
7635.13 7634.92 7634.51 7631.96 7629.36 7627.27 7627.15 7627.04 7626.21 7624.37 7622.47 7620.95 7620.16 7619.57 7618.13 7617.12 7616.68 7617.5 7617.92 7617.89 7616.42 7615.37 7615.43 7615.88 7616.83 7617.45 7617.53 7617.58 7618.88 7619.85 7620.86 7621.21 7621.42 7622.26 7623.53 7625.2 7626.54 7627.83 7628.86 7629.87 7631.38 7632.35 7633.64 7634.75 7636.44 7637.78 7638.97 7639.72 7639.76 7640.52 7640.95 7642.13 7642.32 7642.38 7641.24 7640.58 7640.49 7640.37 7640.23 7638.69 7636.91 7635.29 
7634.96 7635.02 7634.58 7632.33 7629.66 7627.65 7627.29 7627.62 7627.3 7625.96 7623.76 7622.17 7620.97 7620.65 7619.57 7618.89 7618.04 7618.28 7618.51 7618.56 7617.97 7616.86 7616.67 7616.61 7617.47 7617.77 7618.21 7618.33 7619.02 7619.77 7620.38 7620.98 7621.33 7622.21 7623.17 7624.45 7625.76 7627.01 7628.25 7629.2 7630.47 7631.47 7632.76 7634.21 7635.82 7637.37 7638.17 7638.94 7638.95 7639.61 7640.24 7641.28 7641.77 7641.52 7640.91 7639.99 7640 7639.78 7639.67 7638.23 7636.61 7635.1 
7634.83 7634.87 7634.34 7632.55 7630.14 7628.27 7627.69 7627.98 7628 7627.03 7625.22 7623.51 7622.22 7621.55 7620.9 7620.27 7619.57 7619.29 7619.22 7619.16 7618.83 7618.15 7617.72 7617.64 7618.02 7618.29 7618.61 7618.82 7619.22 7619.71 7620.14 7620.6 7621.08 7621.81 7622.59 7623.68 7624.91 7626.24 7627.39 7628.36 7629.37 7630.56 7631.93 7633.49 7635.07 7636.53 7637.49 7638.15 7638.35 7638.78 7639.38 7640.31 7640.88 7641 7640.52 7639.72 7639.25 7639.05 7638.8 7637.81 7636.41 7635.17 
7634.84 7634.54 7633.97 7632.65 7630.78 7629.11 7628.26 7628.23 7628.26 7627.78 7626.54 7625.07 7623.67 7622.69 7621.95 7621.42 7620.97 7620.61 7620.37 7620.05 7619.68 7619.1 7618.71 7618.55 7618.73 7618.9 7619.1 7619.26 7619.44 7619.69 7619.91 7620.2 7620.58 7621.15 7621.94 7623 7624.27 7625.46 7626.49 7627.3 7628.31 7629.61 7631.18 7632.74 7634.25 7635.61 7636.72 7637.45 7637.79 7637.97 7638.41 7639.12 7640 7640.44 7640.27 7639.41 7638.6 7638.07 7637.83 7637.28 7636.39 7635.41 
7634.88 7634.2 7633.54 7632.7 7631.46 7630.1 7628.95 7628.34 7628.12 7627.97 7627.48 7626.57 7625.3 7624 7622.93 7622.31 7622.05 7621.91 7621.64 7621.08 7620.39 7619.78 7619.48 7619.44 7619.53 7619.53 7619.48 7619.47 7619.52 7619.62 7619.66 7619.74 7619.93 7620.49 7621.42 7622.65 7623.83 7624.79 7625.48 7626.26 7627.36 7628.89 7630.53 7632.09 7633.4 7634.72 7635.89 7636.83 7637.2 7637.25 7637.34 7637.96 7638.99 7639.88 7639.96 7639.15 7637.94 7637.1 7636.78 7636.73 7636.4 7635.72 
7634.94 7633.88 7633.18 7632.73 7632.15 7631.11 7629.74 7628.49 7627.83 7627.8 7627.97 7627.78 7626.88 7625.45 7624.03 7623.16 7622.92 7622.92 7622.64 7621.89 7620.95 7620.28 7620.11 7620.23 7620.26 7620.03 7619.68 7619.46 7619.44 7619.47 7619.42 7619.33 7619.48 7620.13 7621.29 7622.56 7623.58 7624.16 7624.63 7625.4 7626.77 7628.47 7630.17 7631.51 7632.68 7633.85 7635.15 7636.19 7636.68 7636.56 7636.46 7636.89 7638.04 7639.19 7639.6 7638.82 7637.44 7636.26 7635.94 7636.2 7636.4 7635.93 
7634.89 7633.6 7632.78 7632.64 7632.57 7631.93 7630.48 7628.79 7627.65 7627.51 7628.03 7628.41 7627.95 7626.63 7625.05 7623.93 7623.54 7623.46 7623.12 7622.27 7621.25 7620.6 7620.52 7620.67 7620.62 7620.2 7619.66 7619.36 7619.32 7619.35 7619.24 7619.14 7619.35 7620.16 7621.39 7622.59 7623.32 7623.66 7624.03 7624.97 7626.51 7628.36 7629.93 7631.1 7632.03 7633.15 7634.44 7635.63 7636.16 7636.08 7635.81 7636.12 7637.16 7638.47 7639.07 7638.52 7637.07 7635.79 7635.35 7635.8 7636.26 7636.01 
7634.78 7633.3 7632.35 7632.23 7632.5 7632.25 7631.04 7629.23 7627.78 7627.33 7627.8 7628.38 7628.24 7627.15 7625.63 7624.41 7623.82 7623.59 7623.16 7622.31 7621.33 7620.72 7620.6 7620.68 7620.54 7620.1 7619.6 7619.35 7619.35 7619.38 7619.3 7619.23 7619.54 7620.38 7621.53 7622.51 7623.07 7623.33 7623.82 7624.89 7626.57 7628.33 7629.78 7630.75 7631.6 7632.61 7633.91 7635.09 7635.78 7635.77 7635.55 7635.66 7636.52 7637.69 7638.46 7638.13 7636.93 7635.61 7635.1 7635.43 7636.01 7635.85 
7634.55 7633.07 7631.85 7631.53 7631.81 7631.94 7631.19 7629.69 7628.16 7627.37 7627.45 7627.82 7627.73 7626.86 7625.54 7624.37 7623.72 7623.38 7622.94 7622.16 7621.27 7620.63 7620.4 7620.35 7620.22 7619.91 7619.62 7619.49 7619.55 7619.6 7619.56 7619.56 7619.86 7620.56 7621.49 7622.31 7622.85 7623.29 7623.94 7625.1 7626.64 7628.26 7629.57 7630.56 7631.37 7632.32 7633.44 7634.6 7635.39 7635.68 7635.56 7635.59 7636.06 7636.97 7637.7 7637.74 7636.88 7635.75 7635.02 7635.11 7635.52 7635.51 
7634.32 7632.93 7631.51 7630.73 7630.79 7631.08 7630.91 7629.95 7628.63 7627.58 7627.15 7627.08 7626.82 7626.07 7624.95 7623.95 7623.32 7623 7622.58 7621.92 7621.07 7620.4 7620.04 7619.96 7619.92 7619.84 7619.72 7619.71 7619.78 7619.89 7619.94 7620.01 7620.21 7620.66 7621.33 7622.09 7622.83 7623.54 7624.35 7625.36 7626.63 7628.02 7629.38 7630.51 7631.43 7632.21 7633.09 7634.05 7635 7635.61 7635.84 7635.78 7635.9 7636.33 7636.99 7637.3 7636.96 7636.01 7635.11 7634.72 7634.89 7634.94 
7634.03 7633 7631.44 7630.22 7629.81 7630.09 7630.31 7629.94 7628.95 7627.81 7626.98 7626.47 7626.01 7625.29 7624.35 7623.45 7622.86 7622.49 7622.13 7621.5 7620.73 7620.01 7619.66 7619.61 7619.76 7619.82 7619.82 7619.78 7619.88 7620.09 7620.34 7620.49 7620.59 7620.76 7621.22 7622.02 7623.03 7624.02 7624.84 7625.59 7626.49 7627.75 7629.25 7630.69 7631.71 7632.3 7632.76 7633.48 7634.51 7635.59 7636.19 7636.22 7635.94 7635.94 7636.37 7636.98 7637.07 7636.39 7635.22 7634.35 7634.12 7634.28 
7633.8 7633.14 7631.68 7630.11 7629.27 7629.29 7629.67 7629.67 7629.01 7627.93 7626.89 7626.15 7625.55 7624.87 7624 7623.15 7622.47 7622.03 7621.58 7620.99 7620.21 7619.58 7619.27 7619.39 7619.64 7619.82 7619.75 7619.68 7619.78 7620.19 7620.66 7620.98 7621 7620.99 7621.31 7622.18 7623.41 7624.56 7625.31 7625.76 7626.39 7627.6 7629.33 7631.03 7632.13 7632.46 7632.52 7632.96 7634.09 7635.52 7636.56 7636.69 7636.2 7635.78 7636.04 7636.77 7637.25 7636.74 7635.42 7634.05 7633.48 7633.63 
7633.6 7633.35 7632.04 7630.32 7629.1 7628.83 7629.13 7629.28 7628.82 7627.85 7626.83 7626.02 7625.43 7624.78 7623.99 7623.06 7622.28 7621.63 7621.09 7620.42 7619.73 7619.14 7619.01 7619.21 7619.59 7619.71 7619.61 7619.44 7619.63 7620.19 7620.94 7621.39 7621.44 7621.32 7621.59 7622.49 7623.85 7625.02 7625.65 7625.87 7626.35 7627.58 7629.51 7631.42 7632.53 7632.66 7632.39 7632.61 7633.77 7635.47 7636.78 7637.05 7636.43 7635.81 7635.9 7636.74 7637.4 7637.05 7635.56 7633.89 7632.99 7633.16 
7633.6 7633.63 7632.47 7630.63 7629.13 7628.55 7628.7 7628.85 7628.48 7627.63 7626.66 7625.95 7625.43 7624.9 7624.1 7623.16 7622.19 7621.43 7620.71 7620.05 7619.35 7618.94 7618.88 7619.23 7619.57 7619.67 7619.41 7619.23 7619.42 7620.17 7621.06 7621.67 7621.72 7621.62 7621.87 7622.85 7624.22 7625.37 7625.82 7625.87 7626.23 7627.54 7629.66 7631.75 7632.89 7632.88 7632.39 7632.46 7633.59 7635.37 7636.8 7637.1 7636.45 7635.75 7635.9 7636.82 7637.63 7637.26 7635.65 7633.7 7632.67 7632.88 
