0.0644913 0.064463 0.064435 0.0644078 0.0643816 0.0643566 0.0643331 0.0643114 0.0642916 0.064274 0.0642588 0.064246 0.064236 0.0642286 0.0642241 0.0642225 0.0642237 0.0642278 0.0642347 0.0642444 0.0642568 0.0642717 0.0642889 0.0643084 0.0643299 0.0643531 0.0643779 0.064404 0.0644311 0.0644589 0.0644872 0.0645157 0.064544 0.0645719 0.0645992 0.0646254 0.0646504 0.0646739 0.0646956 0.0647154 0.064733 0.0647482 0.0647609 0.064771 0.0647783 0.0647829 0.0647845 0.0647833 0.0647792 0.0647722 0.0647625 0.0647502 0.0647353 0.064718 0.0646986 0.0646771 0.0646539 0.0646291 0.064603 0.0645759 0.0645481 0.0645198 
0.185194 0.185166 0.185138 0.185111 0.185085 0.18506 0.185037 0.185016 0.184996 0.184979 0.184964 0.184951 0.184941 0.184934 0.184929 0.184928 0.184929 0.184933 0.18494 0.184949 0.184962 0.184976 0.184993 0.185013 0.185034 0.185057 0.185081 0.185107 0.185134 0.185162 0.18519 0.185218 0.185246 0.185274 0.185301 0.185327 0.185351 0.185375 0.185396 0.185416 0.185433 0.185448 0.185461 0.185471 0.185478 0.185483 0.185484 0.185483 0.185479 0.185472 0.185462 0.18545 0.185436 0.185418 0.185399 0.185378 0.185355 0.18533 0.185304 0.185278 0.18525 0.185222 
0.297572 0.297544 0.297517 0.297491 0.297465 0.297441 0.297418 0.297397 0.297378 0.297361 0.297346 0.297333 0.297324 0.297316 0.297312 0.29731 0.297312 0.297316 0.297322 0.297332 0.297344 0.297358 0.297375 0.297394 0.297415 0.297437 0.297461 0.297487 0.297513 0.29754 0.297568 0.297595 0.297623 0.29765 0.297677 0.297702 0.297727 0.297749 0.297771 0.29779 0.297807 0.297822 0.297834 0.297844 0.297851 0.297855 0.297857 0.297856 0.297852 0.297845 0.297836 0.297824 0.297809 0.297792 0.297774 0.297753 0.29773 0.297706 0.297681 0.297654 0.297627 0.2976 
0.401625 0.401599 0.401573 0.401547 0.401522 0.401499 0.401477 0.401457 0.401438 0.401422 0.401407 0.401395 0.401386 0.401379 0.401375 0.401373 0.401374 0.401378 0.401385 0.401394 0.401405 0.401419 0.401435 0.401454 0.401474 0.401496 0.401519 0.401543 0.401569 0.401595 0.401621 0.401648 0.401674 0.401701 0.401726 0.401751 0.401774 0.401796 0.401816 0.401835 0.401851 0.401866 0.401878 0.401887 0.401894 0.401898 0.4019 0.401899 0.401895 0.401888 0.401879 0.401868 0.401854 0.401838 0.401819 0.401799 0.401777 0.401754 0.40173 0.401704 0.401678 0.401652 
0.497355 0.497331 0.497306 0.497283 0.49726 0.497238 0.497217 0.497198 0.497181 0.497166 0.497153 0.497142 0.497133 0.497126 0.497122 0.497121 0.497122 0.497126 0.497132 0.49714 0.497151 0.497164 0.497179 0.497196 0.497214 0.497235 0.497256 0.497279 0.497302 0.497327 0.497351 0.497376 0.497401 0.497425 0.497449 0.497472 0.497493 0.497514 0.497533 0.49755 0.497565 0.497579 0.49759 0.497598 0.497605 0.497609 0.49761 0.497609 0.497606 0.4976 0.497591 0.497581 0.497568 0.497553 0.497536 0.497517 0.497497 0.497475 0.497452 0.497429 0.497405 0.49738 
0.584761 0.58474 0.584718 0.584698 0.584678 0.584659 0.584641 0.584624 0.584609 0.584596 0.584584 0.584574 0.584566 0.584561 0.584557 0.584556 0.584557 0.58456 0.584565 0.584573 0.584582 0.584593 0.584607 0.584621 0.584638 0.584655 0.584674 0.584694 0.584715 0.584736 0.584758 0.584779 0.584801 0.584822 0.584843 0.584863 0.584882 0.5849 0.584917 0.584932 0.584945 0.584957 0.584966 0.584974 0.58498 0.584983 0.584984 0.584984 0.58498 0.584975 0.584968 0.584958 0.584947 0.584934 0.584919 0.584903 0.584885 0.584866 0.584846 0.584826 0.584805 0.584783 
0.663845 0.663828 0.663811 0.663795 0.663779 0.663764 0.66375 0.663737 0.663725 0.663714 0.663705 0.663697 0.663691 0.663687 0.663684 0.663683 0.663684 0.663686 0.66369 0.663696 0.663704 0.663712 0.663723 0.663734 0.663747 0.663761 0.663776 0.663792 0.663808 0.663825 0.663842 0.663859 0.663876 0.663892 0.663909 0.663925 0.66394 0.663954 0.663967 0.663979 0.663989 0.663998 0.664006 0.664012 0.664017 0.664019 0.66402 0.66402 0.664017 0.664013 0.664007 0.664 0.663991 0.663981 0.663969 0.663956 0.663942 0.663927 0.663912 0.663896 0.663879 0.663862 
0.734606 0.734595 0.734585 0.734574 0.734564 0.734555 0.734546 0.734538 0.73453 0.734524 0.734518 0.734513 0.734509 0.734507 0.734505 0.734504 0.734505 0.734506 0.734509 0.734512 0.734517 0.734523 0.734529 0.734536 0.734544 0.734553 0.734562 0.734572 0.734582 0.734593 0.734603 0.734614 0.734625 0.734635 0.734646 0.734655 0.734665 0.734674 0.734682 0.734689 0.734696 0.734702 0.734707 0.73471 0.734713 0.734715 0.734716 0.734715 0.734714 0.734711 0.734708 0.734703 0.734697 0.734691 0.734684 0.734676 0.734667 0.734657 0.734648 0.734637 0.734627 0.734616 
0.797042 0.79704 0.797037 0.797035 0.797032 0.79703 0.797028 0.797026 0.797024 0.797023 0.797021 0.79702 0.797019 0.797018 0.797018 0.797018 0.797018 0.797018 0.797019 0.79702 0.797021 0.797022 0.797024 0.797025 0.797027 0.797029 0.797032 0.797034 0.797036 0.797039 0.797041 0.797044 0.797047 0.797049 0.797052 0.797054 0.797056 0.797058 0.79706 0.797062 0.797064 0.797065 0.797066 0.797067 0.797068 0.797068 0.797069 0.797069 0.797068 0.797068 0.797067 0.797066 0.797064 0.797063 0.797061 0.797059 0.797057 0.797055 0.797053 0.79705 0.797048 0.797045 
0.851155 0.851162 0.851169 0.851176 0.851182 0.851188 0.851194 0.8512 0.851205 0.851209 0.851213 0.851216 0.851218 0.85122 0.851221 0.851222 0.851221 0.85122 0.851218 0.851216 0.851213 0.851209 0.851205 0.8512 0.851195 0.851189 0.851183 0.851176 0.851169 0.851162 0.851155 0.851148 0.851141 0.851134 0.851128 0.851121 0.851115 0.851109 0.851104 0.851099 0.851094 0.851091 0.851087 0.851085 0.851083 0.851082 0.851082 0.851082 0.851083 0.851085 0.851087 0.85109 0.851094 0.851098 0.851103 0.851109 0.851114 0.851121 0.851127 0.851134 0.851141 0.851148 
0.896942 0.896959 0.896977 0.896994 0.89701 0.897026 0.89704 0.897054 0.897066 0.897077 0.897086 0.897094 0.897101 0.897105 0.897108 0.897109 0.897108 0.897106 0.897101 0.897095 0.897088 0.897078 0.897068 0.897055 0.897042 0.897028 0.897012 0.896996 0.896979 0.896962 0.896944 0.896926 0.896909 0.896891 0.896874 0.896858 0.896842 0.896828 0.896814 0.896802 0.896791 0.896782 0.896774 0.896767 0.896763 0.89676 0.896759 0.89676 0.896762 0.896767 0.896773 0.89678 0.89679 0.8968 0.896813 0.896826 0.89684 0.896856 0.896872 0.896889 0.896906 0.896924 
0.934402 0.93443 0.934458 0.934485 0.934512 0.934537 0.93456 0.934582 0.934602 0.93462 0.934635 0.934648 0.934658 0.934665 0.93467 0.934671 0.93467 0.934666 0.934659 0.934649 0.934637 0.934622 0.934605 0.934585 0.934564 0.934541 0.934516 0.93449 0.934462 0.934434 0.934406 0.934378 0.934349 0.934321 0.934294 0.934267 0.934242 0.934219 0.934197 0.934177 0.93416 0.934144 0.934132 0.934121 0.934114 0.93411 0.934108 0.934109 0.934113 0.93412 0.93413 0.934142 0.934157 0.934174 0.934194 0.934215 0.934239 0.934264 0.93429 0.934317 0.934345 0.934373 
0.963534 0.963573 0.96361 0.963647 0.963683 0.963717 0.963748 0.963778 0.963805 0.963828 0.963849 0.963866 0.96388 0.96389 0.963896 0.963898 0.963897 0.963891 0.963882 0.963869 0.963852 0.963832 0.963809 0.963782 0.963753 0.963722 0.963688 0.963653 0.963616 0.963579 0.96354 0.963502 0.963463 0.963426 0.963389 0.963353 0.963319 0.963288 0.963258 0.963231 0.963208 0.963187 0.96317 0.963156 0.963146 0.96314 0.963138 0.963139 0.963145 0.963154 0.963167 0.963184 0.963204 0.963227 0.963254 0.963283 0.963314 0.963348 0.963383 0.96342 0.963457 0.963496 
0.984342 0.984388 0.984434 0.984479 0.984522 0.984563 0.984601 0.984637 0.984669 0.984698 0.984723 0.984744 0.984761 0.984773 0.98478 0.984783 0.984781 0.984774 0.984763 0.984747 0.984727 0.984703 0.984674 0.984643 0.984607 0.984569 0.984529 0.984486 0.984442 0.984396 0.98435 0.984303 0.984257 0.984211 0.984166 0.984123 0.984082 0.984044 0.984008 0.983976 0.983947 0.983922 0.983901 0.983885 0.983872 0.983865 0.983862 0.983864 0.983871 0.983882 0.983898 0.983918 0.983943 0.983971 0.984003 0.984038 0.984076 0.984116 0.984159 0.984203 0.984249 0.984295 
0.996825 0.996877 0.996928 0.996977 0.997025 0.997071 0.997114 0.997153 0.997189 0.997222 0.997249 0.997273 0.997291 0.997305 0.997313 0.997316 0.997314 0.997306 0.997294 0.997276 0.997254 0.997227 0.997195 0.99716 0.997121 0.997078 0.997033 0.996986 0.996936 0.996885 0.996834 0.996782 0.99673 0.996679 0.99663 0.996582 0.996536 0.996493 0.996454 0.996417 0.996385 0.996357 0.996334 0.996316 0.996302 0.996294 0.996291 0.996293 0.996301 0.996313 0.996331 0.996353 0.99638 0.996412 0.996447 0.996486 0.996529 0.996574 0.996621 0.996671 0.996722 0.996773 
1.00099 1.00104 1.00109 1.00114 1.00119 1.00124 1.00129 1.00133 1.00136 1.0014 1.00143 1.00145 1.00147 1.00148 1.00149 1.0015 1.00149 1.00149 1.00147 1.00145 1.00143 1.0014 1.00137 1.00133 1.00129 1.00125 1.0012 1.00115 1.0011 1.00105 1.001 1.00094 1.00089 1.00084 1.00078 1.00073 1.00069 1.00064 1.0006 1.00056 1.00053 1.0005 1.00048 1.00046 1.00045 1.00044 1.00043 1.00044 1.00044 1.00046 1.00048 1.0005 1.00053 1.00056 1.0006 1.00064 1.00068 1.00073 1.00078 1.00083 1.00088 1.00093 
0.996825 0.996877 0.996928 0.996977 0.997025 0.997071 0.997114 0.997153 0.997189 0.997222 0.997249 0.997273 0.997291 0.997305 0.997313 0.997316 0.997314 0.997306 0.997294 0.997276 0.997254 0.997227 0.997195 0.99716 0.997121 0.997078 0.997033 0.996986 0.996936 0.996885 0.996834 0.996782 0.99673 0.996679 0.99663 0.996582 0.996536 0.996493 0.996454 0.996417 0.996385 0.996357 0.996334 0.996316 0.996302 0.996294 0.996291 0.996293 0.996301 0.996313 0.996331 0.996353 0.99638 0.996412 0.996447 0.996486 0.996529 0.996574 0.996621 0.996671 0.996722 0.996773 
0.984342 0.984388 0.984434 0.984479 0.984522 0.984563 0.984601 0.984637 0.984669 0.984698 0.984723 0.984744 0.984761 0.984773 0.98478 0.984783 0.984781 0.984774 0.984763 0.984747 0.984727 0.984703 0.984674 0.984642 0.984607 0.984569 0.984529 0.984486 0.984442 0.984396 0.98435 0.984303 0.984257 0.984211 0.984166 0.984123 0.984082 0.984044 0.984008 0.983976 0.983947 0.983922 0.983901 0.983885 0.983872 0.983865 0.983862 0.983864 0.983871 0.983882 0.983898 0.983918 0.983943 0.983971 0.984003 0.984038 0.984076 0.984116 0.984159 0.984203 0.984249 0.984295 
0.963534 0.963572 0.96361 0.963647 0.963683 0.963716 0.963748 0.963778 0.963804 0.963828 0.963849 0.963866 0.96388 0.96389 0.963896 0.963898 0.963897 0.963891 0.963882 0.963869 0.963852 0.963832 0.963809 0.963782 0.963753 0.963722 0.963688 0.963653 0.963616 0.963579 0.96354 0.963502 0.963463 0.963426 0.963389 0.963353 0.963319 0.963288 0.963258 0.963231 0.963208 0.963187 0.96317 0.963156 0.963146 0.96314 0.963138 0.963139 0.963145 0.963154 0.963167 0.963184 0.963204 0.963227 0.963254 0.963283 0.963314 0.963348 0.963383 0.96342 0.963457 0.963496 
0.934402 0.93443 0.934458 0.934485 0.934512 0.934537 0.93456 0.934582 0.934602 0.934619 0.934635 0.934648 0.934658 0.934665 0.93467 0.934671 0.93467 0.934666 0.934659 0.934649 0.934637 0.934622 0.934605 0.934585 0.934564 0.93454 0.934516 0.934489 0.934462 0.934434 0.934406 0.934377 0.934349 0.934321 0.934294 0.934267 0.934242 0.934219 0.934197 0.934177 0.934159 0.934144 0.934131 0.934121 0.934114 0.934109 0.934108 0.934109 0.934113 0.93412 0.93413 0.934142 0.934157 0.934174 0.934194 0.934215 0.934239 0.934263 0.93429 0.934317 0.934345 0.934373 
0.896941 0.896959 0.896976 0.896993 0.89701 0.897025 0.89704 0.897053 0.897066 0.897077 0.897086 0.897094 0.8971 0.897105 0.897108 0.897109 0.897108 0.897105 0.897101 0.897095 0.897087 0.897078 0.897067 0.897055 0.897042 0.897027 0.897012 0.896996 0.896979 0.896961 0.896944 0.896926 0.896908 0.896891 0.896874 0.896858 0.896842 0.896828 0.896814 0.896802 0.896791 0.896781 0.896773 0.896767 0.896762 0.89676 0.896759 0.896759 0.896762 0.896766 0.896772 0.89678 0.896789 0.8968 0.896812 0.896826 0.89684 0.896856 0.896872 0.896889 0.896906 0.896924 
0.851155 0.851162 0.851169 0.851175 0.851182 0.851188 0.851194 0.851199 0.851204 0.851209 0.851212 0.851216 0.851218 0.85122 0.851221 0.851221 0.851221 0.85122 0.851218 0.851216 0.851213 0.851209 0.851205 0.8512 0.851194 0.851189 0.851182 0.851176 0.851169 0.851162 0.851155 0.851148 0.851141 0.851134 0.851127 0.851121 0.851115 0.851109 0.851103 0.851098 0.851094 0.85109 0.851087 0.851085 0.851083 0.851082 0.851081 0.851082 0.851083 0.851085 0.851087 0.85109 0.851094 0.851098 0.851103 0.851108 0.851114 0.85112 0.851127 0.851134 0.85114 0.851147 
0.797042 0.79704 0.797037 0.797035 0.797032 0.79703 0.797028 0.797026 0.797024 0.797022 0.797021 0.79702 0.797019 0.797018 0.797018 0.797018 0.797018 0.797018 0.797019 0.797019 0.797021 0.797022 0.797023 0.797025 0.797027 0.797029 0.797031 0.797034 0.797036 0.797039 0.797041 0.797044 0.797046 0.797049 0.797051 0.797054 0.797056 0.797058 0.79706 0.797062 0.797064 0.797065 0.797066 0.797067 0.797068 0.797068 0.797068 0.797068 0.797068 0.797067 0.797067 0.797065 0.797064 0.797063 0.797061 0.797059 0.797057 0.797055 0.797052 0.79705 0.797047 0.797045 
0.734606 0.734595 0.734584 0.734574 0.734564 0.734555 0.734546 0.734538 0.73453 0.734524 0.734518 0.734513 0.734509 0.734506 0.734505 0.734504 0.734504 0.734506 0.734509 0.734512 0.734517 0.734522 0.734529 0.734536 0.734544 0.734553 0.734562 0.734572 0.734582 0.734593 0.734603 0.734614 0.734625 0.734635 0.734645 0.734655 0.734665 0.734674 0.734682 0.734689 0.734696 0.734702 0.734706 0.73471 0.734713 0.734715 0.734715 0.734715 0.734714 0.734711 0.734707 0.734703 0.734697 0.734691 0.734683 0.734675 0.734667 0.734657 0.734648 0.734637 0.734627 0.734616 
0.663845 0.663828 0.663811 0.663795 0.663779 0.663764 0.66375 0.663737 0.663725 0.663714 0.663705 0.663697 0.663691 0.663687 0.663684 0.663683 0.663684 0.663686 0.66369 0.663696 0.663704 0.663712 0.663723 0.663734 0.663747 0.663761 0.663776 0.663792 0.663808 0.663825 0.663842 0.663859 0.663876 0.663892 0.663909 0.663925 0.66394 0.663954 0.663967 0.663979 0.663989 0.663998 0.664006 0.664012 0.664016 0.664019 0.66402 0.66402 0.664017 0.664013 0.664007 0.664 0.663991 0.663981 0.663969 0.663956 0.663942 0.663927 0.663912 0.663895 0.663879 0.663862 
0.584761 0.58474 0.584718 0.584698 0.584678 0.584659 0.584641 0.584624 0.584609 0.584596 0.584584 0.584574 0.584566 0.584561 0.584557 0.584556 0.584557 0.58456 0.584565 0.584573 0.584582 0.584593 0.584607 0.584621 0.584638 0.584655 0.584674 0.584694 0.584715 0.584736 0.584758 0.584779 0.584801 0.584822 0.584843 0.584863 0.584882 0.5849 0.584917 0.584932 0.584945 0.584957 0.584966 0.584974 0.58498 0.584983 0.584984 0.584984 0.58498 0.584975 0.584968 0.584958 0.584947 0.584934 0.584919 0.584903 0.584885 0.584866 0.584846 0.584826 0.584805 0.584783 
0.497355 0.497331 0.497306 0.497283 0.49726 0.497238 0.497218 0.497199 0.497181 0.497166 0.497153 0.497142 0.497133 0.497126 0.497122 0.497121 0.497122 0.497126 0.497132 0.49714 0.497151 0.497164 0.497179 0.497196 0.497214 0.497235 0.497256 0.497279 0.497302 0.497327 0.497351 0.497376 0.497401 0.497425 0.497449 0.497472 0.497493 0.497514 0.497533 0.49755 0.497565 0.497579 0.49759 0.497599 0.497605 0.497609 0.49761 0.497609 0.497606 0.4976 0.497591 0.497581 0.497568 0.497553 0.497536 0.497517 0.497497 0.497475 0.497453 0.497429 0.497405 0.49738 
0.401625 0.401599 0.401573 0.401547 0.401523 0.401499 0.401477 0.401457 0.401438 0.401422 0.401407 0.401396 0.401386 0.401379 0.401375 0.401373 0.401375 0.401378 0.401385 0.401394 0.401405 0.401419 0.401436 0.401454 0.401474 0.401496 0.401519 0.401543 0.401569 0.401595 0.401621 0.401648 0.401674 0.401701 0.401726 0.401751 0.401774 0.401796 0.401816 0.401835 0.401851 0.401866 0.401878 0.401887 0.401894 0.401898 0.4019 0.401899 0.401895 0.401888 0.401879 0.401868 0.401854 0.401838 0.401819 0.401799 0.401778 0.401754 0.40173 0.401705 0.401679 0.401652 
0.297572 0.297544 0.297517 0.297491 0.297465 0.297441 0.297418 0.297397 0.297378 0.297361 0.297346 0.297333 0.297324 0.297316 0.297312 0.29731 0.297312 0.297316 0.297322 0.297332 0.297344 0.297358 0.297375 0.297394 0.297415 0.297437 0.297462 0.297487 0.297513 0.29754 0.297568 0.297596 0.297623 0.29765 0.297677 0.297702 0.297727 0.297749 0.297771 0.29779 0.297807 0.297822 0.297834 0.297844 0.297851 0.297855 0.297857 0.297856 0.297852 0.297845 0.297836 0.297824 0.297809 0.297793 0.297774 0.297753 0.29773 0.297706 0.297681 0.297654 0.297627 0.2976 
0.185194 0.185166 0.185138 0.185111 0.185085 0.18506 0.185037 0.185016 0.184996 0.184979 0.184964 0.184951 0.184941 0.184934 0.184929 0.184928 0.184929 0.184933 0.18494 0.184949 0.184962 0.184976 0.184993 0.185013 0.185034 0.185057 0.185082 0.185107 0.185134 0.185162 0.18519 0.185218 0.185246 0.185274 0.185301 0.185327 0.185351 0.185375 0.185396 0.185416 0.185433 0.185448 0.185461 0.185471 0.185478 0.185483 0.185484 0.185483 0.185479 0.185472 0.185463 0.18545 0.185436 0.185418 0.185399 0.185378 0.185355 0.18533 0.185305 0.185278 0.18525 0.185222 
0.0644913 0.064463 0.0644351 0.0644078 0.0643816 0.0643566 0.0643331 0.0643114 0.0642916 0.064274 0.0642588 0.0642461 0.064236 0.0642287 0.0642242 0.0642225 0.0642237 0.0642278 0.0642348 0.0642445 0.0642568 0.0642717 0.064289 0.0643084 0.0643299 0.0643531 0.0643779 0.064404 0.0644311 0.0644589 0.0644872 0.0645157 0.0645441 0.064572 0.0645992 0.0646254 0.0646504 0.0646739 0.0646957 0.0647154 0.064733 0.0647482 0.064761 0.064771 0.0647784 0.0647829 0.0647845 0.0647833 0.0647792 0.0647723 0.0647626 0.0647502 0.0647353 0.0647181 0.0646986 0.0646771 0.0646539 0.0646291 0.064603 0.0645759 0.0645481 0.0645198 
