0.0597232 0.0597216 0.0597193 0.0597165 0.0597133 0.0597096 0.0597055 0.059701 0.0596962 0.0596912 0.0596859 0.0596804 0.0596748 0.0596691 0.0596634 0.0596578 0.0596522 0.0596469 0.0596417 0.0596368 0.0596322 0.059628 0.0596242 0.0596208 0.0596179 0.0596156 0.0596137 0.0596125 0.0596118 0.0596116 0.0596121 0.0596131 0.0596147 0.0596168 0.0596194 0.0596226 0.0596262 0.0596302 0.0596346 0.0596394 0.0596444 0.0596497 0.0596552 0.0596608 0.0596665 0.0596722 0.0596778 0.0596834 0.0596887 0.0596939 0.0596988 0.0597034 0.0597076 0.0597114 0.0597147 0.0597176 0.05972 0.0597219 0.0597232 0.059724 0.0597243 0.059724 
0.176871 0.176869 0.176866 0.176862 0.176855 0.176847 0.176837 0.176826 0.176814 0.176801 0.176787 0.176771 0.176755 0.176739 0.176722 0.176705 0.176688 0.176671 0.176654 0.176638 0.176622 0.176607 0.176594 0.176581 0.176569 0.176559 0.176551 0.176543 0.176538 0.176534 0.176532 0.176531 0.176533 0.176536 0.176541 0.176547 0.176555 0.176564 0.176575 0.176587 0.176601 0.176615 0.17663 0.176646 0.176662 0.176679 0.176696 0.176713 0.17673 0.176747 0.176763 0.176779 0.176794 0.176807 0.17682 0.176832 0.176842 0.17685 0.176858 0.176863 0.176867 0.17687 
0.288185 0.288194 0.2882 0.288203 0.288204 0.288203 0.288199 0.288192 0.288183 0.288172 0.288158 0.288143 0.288125 0.288106 0.288086 0.288064 0.288041 0.288017 0.287993 0.287968 0.287944 0.287919 0.287895 0.287871 0.287849 0.287827 0.287807 0.287788 0.287771 0.287757 0.287744 0.287733 0.287725 0.287719 0.287716 0.287715 0.287717 0.287721 0.287727 0.287736 0.287748 0.287761 0.287776 0.287794 0.287813 0.287833 0.287855 0.287878 0.287902 0.287926 0.287951 0.287975 0.288 0.288024 0.288047 0.28807 0.288091 0.288111 0.28813 0.288147 0.288162 0.288174 
0.391924 0.391945 0.391965 0.391982 0.391997 0.392009 0.392018 0.392024 0.392027 0.392027 0.392024 0.392018 0.392009 0.391997 0.391982 0.391965 0.391946 0.391924 0.3919 0.391875 0.391848 0.39182 0.39179 0.391761 0.391731 0.391701 0.391671 0.391642 0.391614 0.391587 0.391561 0.391538 0.391516 0.391496 0.391479 0.391465 0.391453 0.391444 0.391439 0.391436 0.391436 0.391439 0.391445 0.391454 0.391466 0.391481 0.391498 0.391518 0.39154 0.391563 0.391589 0.391616 0.391644 0.391673 0.391702 0.391732 0.391762 0.391792 0.39182 0.391848 0.391875 0.3919 
0.487488 0.48752 0.48755 0.487579 0.487607 0.487632 0.487655 0.487676 0.487693 0.487708 0.487719 0.487728 0.487732 0.487734 0.487732 0.487726 0.487717 0.487705 0.48769 0.487672 0.487651 0.487627 0.487601 0.487573 0.487543 0.487512 0.48748 0.487446 0.487413 0.487379 0.487345 0.487312 0.48728 0.487249 0.48722 0.487192 0.487167 0.487144 0.487124 0.487107 0.487092 0.487081 0.487073 0.487069 0.487068 0.48707 0.487076 0.487085 0.487097 0.487112 0.487131 0.487152 0.487175 0.487201 0.487229 0.487259 0.48729 0.487322 0.487355 0.487389 0.487422 0.487455 
0.574744 0.574779 0.574815 0.57485 0.574885 0.574919 0.574952 0.574983 0.575012 0.575039 0.575064 0.575085 0.575104 0.57512 0.575132 0.575141 0.575146 0.575147 0.575145 0.57514 0.575131 0.575118 0.575102 0.575083 0.57506 0.575035 0.575008 0.574978 0.574947 0.574913 0.574879 0.574844 0.574808 0.574772 0.574736 0.574701 0.574667 0.574635 0.574604 0.574574 0.574548 0.574523 0.574502 0.574483 0.574468 0.574456 0.574448 0.574443 0.574442 0.574444 0.57445 0.574459 0.574472 0.574488 0.574508 0.57453 0.574555 0.574582 0.574612 0.574643 0.574676 0.57471 
0.653697 0.653729 0.653761 0.653796 0.653831 0.653866 0.653902 0.653937 0.653972 0.654005 0.654037 0.654068 0.654097 0.654123 0.654147 0.654168 0.654186 0.654201 0.654212 0.65422 0.654224 0.654225 0.654222 0.654216 0.654206 0.654193 0.654176 0.654156 0.654133 0.654108 0.65408 0.654049 0.654018 0.653984 0.65395 0.653914 0.653879 0.653843 0.653807 0.653773 0.653739 0.653707 0.653676 0.653648 0.653622 0.653598 0.653577 0.65356 0.653545 0.653534 0.653526 0.653522 0.653522 0.653525 0.653532 0.653542 0.653556 0.653572 0.653592 0.653615 0.65364 0.653668 
0.724371 0.724393 0.724417 0.724443 0.724472 0.724502 0.724533 0.724565 0.724598 0.724632 0.724665 0.724698 0.72473 0.724761 0.724791 0.724819 0.724845 0.72487 0.724891 0.72491 0.724926 0.724939 0.724949 0.724956 0.724959 0.724959 0.724955 0.724948 0.724938 0.724925 0.724908 0.724889 0.724867 0.724842 0.724815 0.724787 0.724756 0.724725 0.724692 0.724659 0.724626 0.724592 0.724559 0.724527 0.724496 0.724466 0.724438 0.724412 0.724388 0.724366 0.724348 0.724332 0.724319 0.724309 0.724303 0.7243 0.724301 0.724305 0.724312 0.724322 0.724335 0.724352 
0.786781 0.78679 0.786801 0.786816 0.786833 0.786852 0.786874 0.786897 0.786922 0.786949 0.786976 0.787005 0.787034 0.787063 0.787093 0.787122 0.78715 0.787178 0.787204 0.787229 0.787252 0.787273 0.787292 0.787309 0.787323 0.787335 0.787344 0.787349 0.787352 0.787352 0.787349 0.787343 0.787334 0.787322 0.787307 0.78729 0.787271 0.787249 0.787225 0.7872 0.787173 0.787145 0.787117 0.787088 0.787058 0.787029 0.787 0.786971 0.786944 0.786917 0.786892 0.786869 0.786848 0.786829 0.786813 0.786799 0.786788 0.786779 0.786774 0.786771 0.786771 0.786775 
0.840926 0.840922 0.84092 0.840921 0.840924 0.84093 0.840939 0.840949 0.840962 0.840977 0.840994 0.841013 0.841034 0.841055 0.841078 0.841102 0.841127 0.841152 0.841177 0.841202 0.841227 0.841251 0.841274 0.841296 0.841317 0.841337 0.841354 0.84137 0.841384 0.841396 0.841405 0.841412 0.841416 0.841418 0.841417 0.841414 0.841408 0.841399 0.841388 0.841375 0.84136 0.841343 0.841324 0.841303 0.841281 0.841258 0.841234 0.84121 0.841185 0.841159 0.841134 0.841109 0.841085 0.841062 0.84104 0.841019 0.840999 0.840982 0.840966 0.840953 0.840941 0.840932 
0.886793 0.886777 0.886764 0.886752 0.886742 0.886734 0.886729 0.886725 0.886725 0.886726 0.88673 0.886736 0.886744 0.886754 0.886766 0.88678 0.886796 0.886814 0.886833 0.886853 0.886874 0.886896 0.886918 0.886941 0.886964 0.886987 0.887009 0.887031 0.887052 0.887072 0.887091 0.887109 0.887125 0.887139 0.887151 0.887161 0.887169 0.887174 0.887177 0.887178 0.887177 0.887173 0.887167 0.887158 0.887148 0.887136 0.887121 0.887105 0.887088 0.887069 0.887048 0.887027 0.887005 0.886982 0.886959 0.886936 0.886914 0.886891 0.886869 0.886848 0.886829 0.88681 
0.924361 0.924337 0.924314 0.924292 0.924271 0.924251 0.924233 0.924216 0.924202 0.92419 0.92418 0.924172 0.924167 0.924164 0.924164 0.924166 0.924171 0.924178 0.924187 0.924199 0.924213 0.924229 0.924247 0.924266 0.924287 0.924309 0.924332 0.924356 0.924381 0.924405 0.92443 0.924455 0.924479 0.924503 0.924525 0.924547 0.924566 0.924585 0.924601 0.924615 0.924628 0.924638 0.924645 0.92465 0.924653 0.924653 0.924651 0.924646 0.924639 0.924629 0.924617 0.924603 0.924587 0.924569 0.92455 0.924529 0.924506 0.924483 0.924459 0.924435 0.92441 0.924386 
0.953608 0.953579 0.953549 0.953519 0.95349 0.953461 0.953432 0.953405 0.953379 0.953355 0.953333 0.953313 0.953295 0.95328 0.953268 0.953258 0.953251 0.953247 0.953246 0.953248 0.953253 0.953262 0.953272 0.953286 0.953302 0.953321 0.953342 0.953365 0.95339 0.953417 0.953444 0.953473 0.953502 0.953532 0.953562 0.953592 0.953621 0.95365 0.953677 0.953703 0.953727 0.953749 0.953769 0.953787 0.953802 0.953815 0.953824 0.953831 0.953835 0.953836 0.953833 0.953828 0.95382 0.953809 0.953795 0.953778 0.953759 0.953738 0.953715 0.95369 0.953664 0.953636 
0.974513 0.974481 0.974448 0.974414 0.974378 0.974343 0.974308 0.974273 0.974238 0.974205 0.974174 0.974144 0.974116 0.974091 0.974068 0.974049 0.974032 0.974018 0.974008 0.974002 0.973999 0.973999 0.974004 0.974011 0.974023 0.974037 0.974055 0.974076 0.974099 0.974125 0.974154 0.974184 0.974216 0.97425 0.974284 0.97432 0.974355 0.974391 0.974426 0.97446 0.974493 0.974525 0.974555 0.974583 0.974608 0.97463 0.97465 0.974667 0.97468 0.97469 0.974696 0.974699 0.974698 0.974694 0.974686 0.974675 0.97466 0.974643 0.974622 0.974598 0.974572 0.974544 
0.987063 0.98703 0.986995 0.986958 0.98692 0.986881 0.986841 0.986801 0.986762 0.986723 0.986686 0.98665 0.986616 0.986584 0.986555 0.986528 0.986505 0.986485 0.986469 0.986456 0.986448 0.986443 0.986442 0.986445 0.986453 0.986464 0.986479 0.986497 0.986519 0.986545 0.986573 0.986604 0.986637 0.986672 0.986709 0.986748 0.986787 0.986827 0.986867 0.986906 0.986945 0.986982 0.987018 0.987052 0.987084 0.987113 0.98714 0.987163 0.987182 0.987199 0.987211 0.98722 0.987224 0.987225 0.987222 0.987214 0.987203 0.987188 0.987169 0.987147 0.987122 0.987094 
0.991248 0.991215 0.991179 0.991141 0.991102 0.991062 0.991021 0.990979 0.990938 0.990898 0.990858 0.99082 0.990784 0.990749 0.990718 0.990689 0.990663 0.990641 0.990622 0.990608 0.990597 0.99059 0.990587 0.990589 0.990595 0.990605 0.990619 0.990636 0.990658 0.990683 0.990711 0.990742 0.990776 0.990811 0.990849 0.990889 0.990929 0.99097 0.991012 0.991053 0.991094 0.991133 0.991171 0.991208 0.991242 0.991273 0.991302 0.991328 0.99135 0.991368 0.991383 0.991394 0.9914 0.991403 0.991401 0.991395 0.991385 0.991371 0.991353 0.991332 0.991307 0.991279 
0.987066 0.987032 0.986997 0.98696 0.986922 0.986882 0.986842 0.986802 0.986763 0.986724 0.986686 0.986649 0.986615 0.986583 0.986553 0.986527 0.986503 0.986483 0.986466 0.986453 0.986445 0.98644 0.986439 0.986442 0.986449 0.98646 0.986476 0.986494 0.986516 0.986542 0.98657 0.986601 0.986635 0.98667 0.986708 0.986746 0.986786 0.986826 0.986866 0.986906 0.986945 0.986983 0.987019 0.987053 0.987085 0.987115 0.987142 0.987165 0.987185 0.987201 0.987214 0.987223 0.987227 0.987228 0.987225 0.987218 0.987206 0.987191 0.987173 0.98715 0.987125 0.987097 
0.974518 0.974486 0.974452 0.974417 0.974381 0.974345 0.974309 0.974273 0.974238 0.974204 0.974172 0.974142 0.974113 0.974087 0.974064 0.974044 0.974026 0.974013 0.974002 0.973995 0.973992 0.973993 0.973997 0.974004 0.974016 0.97403 0.974048 0.974069 0.974093 0.97412 0.974149 0.97418 0.974212 0.974247 0.974282 0.974318 0.974354 0.97439 0.974426 0.974461 0.974495 0.974527 0.974558 0.974586 0.974612 0.974635 0.974655 0.974672 0.974686 0.974696 0.974703 0.974706 0.974705 0.974701 0.974693 0.974682 0.974667 0.974649 0.974628 0.974604 0.974578 0.974549 
0.953614 0.953584 0.953553 0.953522 0.953491 0.953461 0.953431 0.953403 0.953376 0.953351 0.953328 0.953307 0.953288 0.953272 0.953258 0.953248 0.95324 0.953236 0.953235 0.953237 0.953242 0.95325 0.953261 0.953275 0.953292 0.953311 0.953333 0.953356 0.953382 0.953409 0.953438 0.953468 0.953498 0.953529 0.95356 0.953591 0.953622 0.953651 0.95368 0.953707 0.953732 0.953755 0.953776 0.953795 0.953811 0.953824 0.953834 0.953842 0.953846 0.953847 0.953845 0.95384 0.953831 0.95382 0.953806 0.953789 0.95377 0.953748 0.953725 0.953699 0.953672 0.953643 
0.924366 0.92434 0.924315 0.924291 0.924268 0.924246 0.924227 0.924209 0.924193 0.924179 0.924167 0.924159 0.924152 0.924148 0.924147 0.924149 0.924153 0.92416 0.92417 0.924181 0.924196 0.924212 0.924231 0.924251 0.924273 0.924296 0.92432 0.924346 0.924372 0.924398 0.924425 0.924451 0.924477 0.924502 0.924527 0.92455 0.924571 0.924591 0.924609 0.924625 0.924639 0.92465 0.924659 0.924665 0.924669 0.92467 0.924668 0.924663 0.924656 0.924647 0.924635 0.92462 0.924604 0.924585 0.924565 0.924543 0.92452 0.924495 0.92447 0.924444 0.924418 0.924392 
0.886793 0.886775 0.886758 0.886744 0.886732 0.886722 0.886714 0.886709 0.886706 0.886706 0.886708 0.886713 0.88672 0.88673 0.886742 0.886756 0.886772 0.886789 0.886809 0.88683 0.886852 0.886875 0.886899 0.886924 0.886949 0.886973 0.886998 0.887022 0.887046 0.887068 0.88709 0.88711 0.887128 0.887144 0.887159 0.887171 0.887181 0.887189 0.887194 0.887196 0.887196 0.887194 0.887189 0.887182 0.887172 0.88716 0.887146 0.88713 0.887112 0.887092 0.887071 0.887049 0.887026 0.887002 0.886977 0.886952 0.886928 0.886903 0.886879 0.886856 0.886833 0.886812 
0.840916 0.840909 0.840905 0.840902 0.840903 0.840907 0.840913 0.840922 0.840933 0.840947 0.840963 0.840981 0.841001 0.841022 0.841046 0.84107 0.841096 0.841122 0.841149 0.841176 0.841202 0.841229 0.841255 0.84128 0.841304 0.841326 0.841347 0.841367 0.841384 0.841399 0.841411 0.841421 0.841429 0.841434 0.841436 0.841435 0.841431 0.841425 0.841416 0.841404 0.84139 0.841374 0.841356 0.841336 0.841314 0.841291 0.841266 0.84124 0.841214 0.841187 0.84116 0.841134 0.841107 0.841081 0.841056 0.841032 0.84101 0.840989 0.84097 0.840953 0.840939 0.840926 
0.786759 0.786765 0.786773 0.786785 0.786799 0.786816 0.786836 0.786858 0.786882 0.786908 0.786936 0.786964 0.786994 0.787025 0.787055 0.787086 0.787117 0.787147 0.787176 0.787204 0.787231 0.787256 0.787278 0.787299 0.787317 0.787333 0.787346 0.787356 0.787363 0.787366 0.787367 0.787365 0.787359 0.78735 0.787338 0.787323 0.787306 0.787286 0.787264 0.787239 0.787213 0.787186 0.787157 0.787127 0.787096 0.787066 0.787035 0.787004 0.786974 0.786945 0.786917 0.786891 0.786866 0.786843 0.786823 0.786805 0.786789 0.786777 0.786767 0.78676 0.786757 0.786756 
0.724335 0.724354 0.724376 0.7244 0.724427 0.724456 0.724486 0.724518 0.724552 0.724586 0.72462 0.724655 0.724689 0.724723 0.724755 0.724787 0.724817 0.724845 0.72487 0.724894 0.724914 0.724932 0.724946 0.724958 0.724966 0.72497 0.724971 0.724969 0.724963 0.724953 0.72494 0.724924 0.724905 0.724883 0.724858 0.724831 0.724802 0.724771 0.724739 0.724705 0.724671 0.724637 0.724602 0.724568 0.724534 0.724501 0.72447 0.72444 0.724413 0.724387 0.724364 0.724344 0.724326 0.724312 0.724301 0.724293 0.724289 0.724288 0.724291 0.724297 0.724307 0.724319 
0.65365 0.65368 0.653711 0.653745 0.65378 0.653815 0.653852 0.653889 0.653925 0.653961 0.653996 0.65403 0.654062 0.654093 0.654121 0.654146 0.654169 0.654189 0.654205 0.654218 0.654228 0.654234 0.654236 0.654234 0.654229 0.65422 0.654207 0.654191 0.654172 0.65415 0.654124 0.654096 0.654066 0.654034 0.654 0.653965 0.653929 0.653892 0.653855 0.653819 0.653783 0.653748 0.653714 0.653682 0.653652 0.653624 0.653599 0.653576 0.653557 0.653541 0.653528 0.653519 0.653513 0.653511 0.653513 0.653518 0.653528 0.65354 0.653556 0.653575 0.653598 0.653623 
0.574692 0.574727 0.574763 0.5748 0.574837 0.574873 0.574908 0.574943 0.574975 0.575006 0.575035 0.575061 0.575085 0.575106 0.575123 0.575137 0.575147 0.575154 0.575157 0.575157 0.575152 0.575144 0.575133 0.575118 0.575099 0.575077 0.575053 0.575025 0.574996 0.574964 0.57493 0.574896 0.57486 0.574823 0.574786 0.57475 0.574713 0.574678 0.574644 0.574611 0.57458 0.574552 0.574526 0.574502 0.574482 0.574465 0.574451 0.574441 0.574435 0.574432 0.574433 0.574437 0.574445 0.574457 0.574472 0.574491 0.574513 0.574537 0.574564 0.574593 0.574625 0.574658 
0.487441 0.487475 0.487508 0.487541 0.487572 0.487601 0.487628 0.487653 0.487675 0.487695 0.487711 0.487725 0.487734 0.487741 0.487744 0.487743 0.487739 0.487732 0.487721 0.487706 0.487689 0.487668 0.487645 0.487619 0.487591 0.487561 0.48753 0.487497 0.487463 0.487428 0.487393 0.487358 0.487324 0.48729 0.487258 0.487227 0.487198 0.487171 0.487146 0.487124 0.487105 0.487089 0.487076 0.487066 0.48706 0.487057 0.487058 0.487063 0.48707 0.487081 0.487096 0.487113 0.487134 0.487157 0.487183 0.487211 0.487241 0.487272 0.487305 0.487338 0.487373 0.487407 
0.391894 0.39192 0.391943 0.391965 0.391984 0.392 0.392014 0.392025 0.392033 0.392037 0.392039 0.392037 0.392032 0.392024 0.392013 0.391999 0.391983 0.391964 0.391942 0.391918 0.391893 0.391865 0.391837 0.391807 0.391776 0.391745 0.391714 0.391683 0.391652 0.391623 0.391594 0.391567 0.391542 0.391518 0.391497 0.391478 0.391462 0.391448 0.391438 0.39143 0.391426 0.391424 0.391426 0.391431 0.391439 0.39145 0.391464 0.391481 0.3915 0.391521 0.391545 0.391571 0.391598 0.391626 0.391656 0.391687 0.391717 0.391748 0.391779 0.39181 0.391839 0.391867 
0.288179 0.288191 0.288202 0.288209 0.288214 0.288217 0.288216 0.288213 0.288207 0.288199 0.288189 0.288176 0.28816 0.288143 0.288124 0.288103 0.288081 0.288057 0.288033 0.288007 0.287982 0.287956 0.28793 0.287904 0.287879 0.287854 0.287831 0.287809 0.287789 0.28777 0.287754 0.287739 0.287727 0.287717 0.28771 0.287705 0.287703 0.287703 0.287706 0.287712 0.28772 0.287731 0.287744 0.287759 0.287776 0.287795 0.287816 0.287838 0.287862 0.287886 0.287912 0.287937 0.287963 0.287989 0.288015 0.28804 0.288064 0.288087 0.288109 0.288129 0.288148 0.288164 
0.176881 0.176883 0.176882 0.17688 0.176876 0.17687 0.176862 0.176852 0.176841 0.176829 0.176815 0.1768 0.176784 0.176768 0.17675 0.176732 0.176714 0.176696 0.176677 0.176659 0.176641 0.176624 0.176608 0.176593 0.176579 0.176566 0.176554 0.176544 0.176536 0.176529 0.176524 0.176521 0.176519 0.17652 0.176522 0.176526 0.176532 0.17654 0.176549 0.17656 0.176573 0.176586 0.176601 0.176617 0.176634 0.176651 0.176669 0.176687 0.176706 0.176724 0.176742 0.176759 0.176777 0.176793 0.176808 0.176822 0.176835 0.176847 0.176857 0.176865 0.176872 0.176878 
0.059732 0.059731 0.0597292 0.0597268 0.0597238 0.0597202 0.0597162 0.0597116 0.0597067 0.0597014 0.0596957 0.0596898 0.0596836 0.0596773 0.0596708 0.0596644 0.0596579 0.0596516 0.0596455 0.0596395 0.0596339 0.0596286 0.0596237 0.0596193 0.0596153 0.0596119 0.0596091 0.0596069 0.0596053 0.0596043 0.059604 0.0596044 0.0596054 0.059607 0.0596093 0.0596121 0.0596156 0.0596196 0.059624 0.0596289 0.0596342 0.0596399 0.0596458 0.059652 0.0596583 0.0596648 0.0596712 0.0596776 0.0596839 0.0596901 0.059696 0.0597016 0.0597069 0.0597118 0.0597162 0.0597201 0.0597235 0.0597264 0.0597287 0.0597304 0.0597315 0.0597321 
