0.0582573 0.0582583 0.0582591 0.0582595 0.0582597 0.0582596 0.0582592 0.0582586 0.0582577 0.0582565 0.0582551 0.0582535 0.0582516 0.0582496 0.0582474 0.058245 0.0582424 0.0582398 0.0582371 0.0582343 0.0582316 0.0582288 0.058226 0.0582233 0.0582207 0.0582183 0.0582159 0.0582137 0.0582117 0.05821 0.0582084 0.0582071 0.0582061 0.0582053 0.0582048 0.0582045 0.0582046 0.0582049 0.0582055 0.0582064 0.0582076 0.058209 0.0582106 0.0582124 0.0582145 0.0582167 0.0582191 0.0582216 0.0582243 0.058227 0.0582297 0.0582325 0.0582352 0.058238 0.0582406 0.0582432 0.0582456 0.0582479 0.0582501 0.0582521 0.0582539 0.0582557 
0.172991 0.173 0.173007 0.173014 0.173019 0.173024 0.173028 0.173031 0.173033 0.173034 0.173033 0.173032 0.17303 0.173027 0.173023 0.173018 0.173012 0.173005 0.172998 0.172989 0.172981 0.172972 0.172962 0.172952 0.172942 0.172932 0.172922 0.172912 0.172902 0.172893 0.172884 0.172875 0.172867 0.17286 0.172853 0.172848 0.172843 0.172839 0.172836 0.172834 0.172834 0.172834 0.172835 0.172837 0.17284 0.172844 0.172849 0.172855 0.172862 0.17287 0.172878 0.172886 0.172895 0.172905 0.172915 0.172925 0.172935 0.172945 0.172955 0.172965 0.172974 0.172983 
0.282852 0.282869 0.282886 0.282903 0.28292 0.282935 0.28295 0.282964 0.282977 0.282988 0.282998 0.283006 0.283013 0.283018 0.283021 0.283023 0.283023 0.283021 0.283017 0.283012 0.283005 0.282996 0.282986 0.282975 0.282962 0.282948 0.282933 0.282918 0.282901 0.282884 0.282867 0.28285 0.282832 0.282815 0.282798 0.282782 0.282766 0.282752 0.282738 0.282726 0.282714 0.282705 0.282696 0.28269 0.282685 0.282681 0.28268 0.28268 0.282682 0.282686 0.282691 0.282698 0.282707 0.282717 0.282728 0.282741 0.282755 0.28277 0.282785 0.282801 0.282818 0.282835 
0.385889 0.385909 0.385931 0.385954 0.385978 0.386002 0.386027 0.386052 0.386076 0.3861 0.386124 0.386147 0.386168 0.386188 0.386207 0.386223 0.386238 0.386251 0.386261 0.386269 0.386275 0.386278 0.386279 0.386277 0.386273 0.386266 0.386257 0.386246 0.386232 0.386216 0.386199 0.38618 0.386159 0.386137 0.386114 0.38609 0.386066 0.386041 0.386016 0.385992 0.385968 0.385944 0.385922 0.3859 0.38588 0.385862 0.385845 0.385831 0.385818 0.385808 0.3858 0.385794 0.385791 0.385791 0.385793 0.385797 0.385804 0.385813 0.385824 0.385838 0.385853 0.38587 
0.481199 0.481211 0.481225 0.481243 0.481263 0.481286 0.48131 0.481337 0.481365 0.481395 0.481425 0.481457 0.481489 0.48152 0.481552 0.481583 0.481613 0.481642 0.481669 0.481695 0.481718 0.481739 0.481758 0.481774 0.481787 0.481798 0.481805 0.481809 0.481809 0.481807 0.481801 0.481792 0.48178 0.481766 0.481748 0.481728 0.481705 0.48168 0.481654 0.481625 0.481595 0.481565 0.481533 0.481501 0.48147 0.481438 0.481407 0.481377 0.481348 0.481321 0.481295 0.481272 0.481251 0.481232 0.481216 0.481203 0.481193 0.481186 0.481183 0.481182 0.481185 0.48119 
0.568467 0.568461 0.568459 0.568461 0.568466 0.568475 0.568488 0.568504 0.568524 0.568546 0.568572 0.5686 0.56863 0.568663 0.568697 0.568732 0.568769 0.568806 0.568843 0.56888 0.568917 0.568953 0.568987 0.56902 0.569051 0.569079 0.569105 0.569128 0.569148 0.569165 0.569178 0.569188 0.569194 0.569196 0.569195 0.569189 0.56918 0.569168 0.569152 0.569132 0.569109 0.569084 0.569056 0.569025 0.568992 0.568958 0.568922 0.568885 0.568848 0.568811 0.568773 0.568737 0.568701 0.568667 0.568634 0.568603 0.568575 0.568549 0.568526 0.568506 0.56849 0.568477 
0.647589 0.647565 0.647544 0.647526 0.647512 0.647502 0.647496 0.647494 0.647496 0.647502 0.647512 0.647526 0.647544 0.647565 0.64759 0.647617 0.647648 0.647681 0.647716 0.647753 0.647791 0.647831 0.64787 0.647911 0.647951 0.64799 0.648028 0.648065 0.6481 0.648133 0.648164 0.648192 0.648216 0.648238 0.648255 0.648269 0.64828 0.648286 0.648288 0.648286 0.64828 0.64827 0.648256 0.648238 0.648217 0.648192 0.648164 0.648134 0.648101 0.648065 0.648028 0.647989 0.64795 0.64791 0.647869 0.647829 0.64779 0.647751 0.647714 0.647679 0.647647 0.647616 
0.718492 0.718456 0.718422 0.71839 0.718361 0.718334 0.718311 0.718291 0.718275 0.718262 0.718253 0.718249 0.718248 0.718252 0.718259 0.718271 0.718286 0.718305 0.718328 0.718353 0.718382 0.718413 0.718447 0.718483 0.71852 0.718559 0.718598 0.718638 0.718678 0.718717 0.718756 0.718794 0.71883 0.718864 0.718896 0.718926 0.718952 0.718976 0.718996 0.719012 0.719025 0.719033 0.719038 0.719039 0.719035 0.719028 0.719016 0.719001 0.718982 0.718959 0.718934 0.718905 0.718873 0.718839 0.718803 0.718766 0.718727 0.718687 0.718647 0.718607 0.718568 0.718529 
0.781099 0.781062 0.781026 0.780989 0.780954 0.78092 0.780887 0.780856 0.780828 0.780802 0.780778 0.780758 0.780741 0.780728 0.780718 0.780712 0.78071 0.780711 0.780716 0.780725 0.780737 0.780753 0.780772 0.780794 0.780819 0.780846 0.780876 0.780908 0.780942 0.780977 0.781013 0.78105 0.781087 0.781123 0.78116 0.781195 0.781229 0.781262 0.781292 0.781321 0.781347 0.78137 0.78139 0.781407 0.781421 0.781431 0.781437 0.78144 0.781439 0.781434 0.781425 0.781413 0.781397 0.781378 0.781355 0.78133 0.781302 0.781272 0.78124 0.781206 0.781171 0.781135 
0.835346 0.835318 0.835289 0.835258 0.835227 0.835195 0.835163 0.835132 0.8351 0.83507 0.83504 0.835013 0.834986 0.834962 0.834941 0.834921 0.834905 0.834891 0.83488 0.834872 0.834868 0.834866 0.834868 0.834874 0.834882 0.834893 0.834908 0.834925 0.834945 0.834967 0.834991 0.835017 0.835045 0.835075 0.835105 0.835137 0.835168 0.8352 0.835232 0.835263 0.835293 0.835322 0.83535 0.835376 0.8354 0.835422 0.835441 0.835458 0.835472 0.835483 0.835491 0.835495 0.835497 0.835495 0.83549 0.835482 0.83547 0.835456 0.835438 0.835419 0.835396 0.835372 
0.881199 0.881186 0.88117 0.881152 0.881133 0.881111 0.881088 0.881064 0.881039 0.881013 0.880986 0.88096 0.880933 0.880907 0.880881 0.880856 0.880832 0.880809 0.880789 0.880769 0.880752 0.880738 0.880725 0.880715 0.880707 0.880702 0.8807 0.880701 0.880704 0.88071 0.880718 0.880729 0.880743 0.880758 0.880776 0.880796 0.880817 0.88084 0.880864 0.880889 0.880915 0.880941 0.880968 0.880994 0.881021 0.881046 0.881071 0.881095 0.881118 0.881138 0.881158 0.881175 0.88119 0.881203 0.881213 0.88122 0.881225 0.881228 0.881227 0.881224 0.881218 0.88121 
0.918657 0.918659 0.918659 0.918657 0.918653 0.918646 0.918636 0.918625 0.918611 0.918595 0.918578 0.918559 0.918539 0.918517 0.918494 0.918471 0.918447 0.918423 0.918399 0.918375 0.918351 0.918329 0.918307 0.918286 0.918267 0.918249 0.918234 0.91822 0.918208 0.918198 0.918191 0.918186 0.918183 0.918183 0.918186 0.91819 0.918197 0.918207 0.918218 0.918232 0.918247 0.918265 0.918284 0.918304 0.918326 0.918348 0.918371 0.918395 0.918419 0.918443 0.918467 0.918491 0.918513 0.918535 0.918556 0.918575 0.918593 0.918609 0.918623 0.918635 0.918644 0.918652 
0.947742 0.947759 0.947773 0.947785 0.947795 0.947802 0.947807 0.947809 0.947809 0.947806 0.9478 0.947792 0.947781 0.947768 0.947753 0.947736 0.947717 0.947696 0.947674 0.94765 0.947626 0.947601 0.947575 0.947549 0.947523 0.947498 0.947473 0.947449 0.947426 0.947404 0.947384 0.947366 0.947349 0.947335 0.947323 0.947313 0.947306 0.947301 0.947299 0.947299 0.947302 0.947308 0.947316 0.947327 0.94734 0.947355 0.947372 0.947391 0.947412 0.947434 0.947457 0.947482 0.947507 0.947533 0.947558 0.947584 0.94761 0.947635 0.947659 0.947682 0.947704 0.947724 
0.968487 0.968514 0.968538 0.968562 0.968583 0.968602 0.968618 0.968632 0.968643 0.968652 0.968657 0.968659 0.968658 0.968655 0.968648 0.968638 0.968625 0.96861 0.968592 0.968572 0.96855 0.968525 0.968499 0.968472 0.968443 0.968414 0.968384 0.968354 0.968324 0.968294 0.968265 0.968238 0.968211 0.968186 0.968163 0.968141 0.968122 0.968106 0.968092 0.968081 0.968073 0.968068 0.968066 0.968067 0.96807 0.968077 0.968087 0.9681 0.968115 0.968133 0.968153 0.968176 0.9682 0.968226 0.968253 0.968282 0.968311 0.968341 0.968371 0.968401 0.968431 0.968459 
0.980921 0.980953 0.980985 0.981015 0.981043 0.98107 0.981094 0.981115 0.981134 0.98115 0.981163 0.981172 0.981179 0.981182 0.981181 0.981177 0.981169 0.981159 0.981145 0.981128 0.981108 0.981085 0.98106 0.981033 0.981004 0.980973 0.980941 0.980908 0.980875 0.980841 0.980807 0.980773 0.980741 0.980709 0.980679 0.980651 0.980624 0.9806 0.980579 0.98056 0.980544 0.980531 0.980522 0.980516 0.980513 0.980514 0.980518 0.980525 0.980536 0.98055 0.980567 0.980587 0.98061 0.980635 0.980662 0.980691 0.980722 0.980754 0.980787 0.98082 0.980854 0.980888 
0.985064 0.985098 0.985132 0.985165 0.985195 0.985225 0.985251 0.985276 0.985297 0.985316 0.985332 0.985344 0.985353 0.985358 0.98536 0.985358 0.985352 0.985343 0.985331 0.985315 0.985296 0.985274 0.98525 0.985223 0.985193 0.985162 0.985129 0.985095 0.98506 0.985025 0.984989 0.984954 0.984919 0.984885 0.984853 0.984822 0.984792 0.984766 0.984741 0.98472 0.984701 0.984685 0.984673 0.984665 0.98466 0.984658 0.98466 0.984666 0.984675 0.984687 0.984703 0.984722 0.984744 0.984769 0.984796 0.984825 0.984857 0.984889 0.984923 0.984958 0.984993 0.985029 
0.980923 0.980956 0.980988 0.981019 0.981048 0.981075 0.981099 0.981121 0.98114 0.981156 0.981169 0.981179 0.981185 0.981188 0.981188 0.981183 0.981176 0.981165 0.981151 0.981133 0.981113 0.98109 0.981064 0.981037 0.981007 0.980976 0.980943 0.980909 0.980875 0.98084 0.980806 0.980772 0.980738 0.980706 0.980675 0.980646 0.98062 0.980595 0.980573 0.980554 0.980538 0.980525 0.980515 0.980509 0.980506 0.980507 0.980511 0.980519 0.98053 0.980545 0.980562 0.980582 0.980606 0.980631 0.980659 0.980689 0.98072 0.980753 0.980786 0.980821 0.980855 0.980889 
0.968493 0.968521 0.968547 0.968572 0.968594 0.968614 0.968631 0.968646 0.968657 0.968666 0.968671 0.968674 0.968673 0.968669 0.968662 0.968652 0.968638 0.968622 0.968604 0.968583 0.968559 0.968534 0.968506 0.968478 0.968448 0.968417 0.968386 0.968354 0.968323 0.968292 0.968261 0.968232 0.968204 0.968178 0.968153 0.968131 0.968111 0.968094 0.968079 0.968067 0.968059 0.968053 0.968051 0.968052 0.968056 0.968063 0.968074 0.968087 0.968103 0.968122 0.968143 0.968167 0.968192 0.968219 0.968248 0.968278 0.968309 0.96834 0.968372 0.968403 0.968434 0.968464 
0.947757 0.947775 0.947791 0.947805 0.947816 0.947824 0.94783 0.947833 0.947833 0.94783 0.947825 0.947816 0.947805 0.947792 0.947775 0.947757 0.947737 0.947714 0.94769 0.947665 0.947638 0.947611 0.947583 0.947554 0.947526 0.947498 0.947471 0.947444 0.947419 0.947394 0.947372 0.947351 0.947333 0.947317 0.947303 0.947292 0.947283 0.947278 0.947275 0.947275 0.947278 0.947283 0.947292 0.947303 0.947317 0.947333 0.947351 0.947372 0.947394 0.947418 0.947444 0.94747 0.947498 0.947526 0.947554 0.947583 0.947611 0.947638 0.947665 0.94769 0.947714 0.947736 
0.918685 0.91869 0.918692 0.918691 0.918688 0.918682 0.918673 0.918662 0.918648 0.918632 0.918614 0.918594 0.918572 0.918548 0.918523 0.918497 0.918471 0.918443 0.918416 0.918389 0.918361 0.918335 0.91831 0.918285 0.918262 0.918241 0.918221 0.918204 0.918189 0.918176 0.918166 0.918158 0.918153 0.918151 0.918151 0.918155 0.918161 0.91817 0.918181 0.918195 0.918211 0.918229 0.918249 0.918271 0.918295 0.91832 0.918346 0.918372 0.918399 0.918427 0.918454 0.918481 0.918508 0.918533 0.918558 0.918581 0.918602 0.918622 0.918639 0.918654 0.918667 0.918677 
0.881245 0.881234 0.88122 0.881203 0.881184 0.881163 0.88114 0.881114 0.881088 0.88106 0.88103 0.881001 0.880971 0.88094 0.880911 0.880881 0.880853 0.880825 0.880799 0.880775 0.880753 0.880732 0.880715 0.880699 0.880687 0.880677 0.880671 0.880667 0.880666 0.880669 0.880674 0.880683 0.880694 0.880708 0.880725 0.880744 0.880765 0.880789 0.880814 0.880841 0.880869 0.880898 0.880927 0.880957 0.880988 0.881017 0.881047 0.881075 0.881103 0.881129 0.881153 0.881175 0.881195 0.881213 0.881229 0.881241 0.881251 0.881258 0.881261 0.881262 0.881259 0.881254 
0.835412 0.835385 0.835355 0.835324 0.835292 0.835258 0.835223 0.835188 0.835153 0.835118 0.835084 0.835051 0.835019 0.834989 0.834961 0.834935 0.834911 0.834891 0.834873 0.834859 0.834848 0.83484 0.834836 0.834835 0.834838 0.834845 0.834855 0.834868 0.834885 0.834904 0.834926 0.834952 0.834979 0.835008 0.83504 0.835072 0.835106 0.835141 0.835176 0.835211 0.835245 0.835279 0.835313 0.835344 0.835374 0.835403 0.835428 0.835452 0.835472 0.83549 0.835505 0.835516 0.835523 0.835528 0.835528 0.835525 0.835518 0.835508 0.835495 0.835478 0.835459 0.835437 
0.781177 0.781139 0.781099 0.781059 0.78102 0.780981 0.780943 0.780906 0.780871 0.780838 0.780807 0.780779 0.780754 0.780733 0.780715 0.780701 0.78069 0.780684 0.780681 0.780683 0.780688 0.780698 0.780711 0.780729 0.780749 0.780773 0.7808 0.78083 0.780863 0.780897 0.780934 0.780972 0.781011 0.78105 0.78109 0.78113 0.781169 0.781207 0.781244 0.781279 0.781312 0.781342 0.78137 0.781395 0.781416 0.781434 0.781449 0.781459 0.781466 0.781468 0.781467 0.781461 0.781451 0.781438 0.78142 0.781399 0.781375 0.781348 0.781318 0.781285 0.781251 0.781215 
0.718566 0.718525 0.718485 0.718446 0.71841 0.718376 0.718344 0.718316 0.71829 0.718269 0.718251 0.718238 0.718228 0.718223 0.718222 0.718226 0.718233 0.718245 0.718261 0.718281 0.718305 0.718332 0.718363 0.718396 0.718432 0.718469 0.718509 0.71855 0.718592 0.718635 0.718678 0.71872 0.718761 0.718802 0.71884 0.718877 0.718911 0.718943 0.718971 0.718997 0.719018 0.719036 0.719049 0.719059 0.719064 0.719065 0.719062 0.719054 0.719042 0.719025 0.719005 0.718981 0.718954 0.718923 0.71889 0.718854 0.718816 0.718776 0.718735 0.718693 0.71865 0.718608 
0.647638 0.647605 0.647575 0.647549 0.647526 0.647506 0.647491 0.647479 0.647472 0.647469 0.647471 0.647476 0.647486 0.647501 0.647519 0.647541 0.647566 0.647595 0.647627 0.647662 0.647699 0.647738 0.647778 0.64782 0.647862 0.647905 0.647948 0.64799 0.648031 0.64807 0.648108 0.648143 0.648176 0.648206 0.648233 0.648256 0.648276 0.648291 0.648303 0.64831 0.648313 0.648312 0.648306 0.648296 0.648281 0.648263 0.648241 0.648215 0.648186 0.648154 0.648119 0.648081 0.648042 0.648002 0.64796 0.647917 0.647874 0.647832 0.64779 0.647749 0.64771 0.647673 
0.568472 0.568457 0.568446 0.568439 0.568436 0.568436 0.568441 0.568449 0.568462 0.568478 0.568498 0.568521 0.568548 0.568577 0.568609 0.568643 0.568679 0.568716 0.568755 0.568794 0.568834 0.568874 0.568913 0.568951 0.568988 0.569024 0.569057 0.569088 0.569117 0.569142 0.569164 0.569183 0.569198 0.56921 0.569217 0.56922 0.56922 0.569215 0.569206 0.569194 0.569177 0.569157 0.569134 0.569107 0.569078 0.569046 0.569011 0.568975 0.568938 0.568899 0.568859 0.568819 0.56878 0.56874 0.568702 0.568665 0.56863 0.568597 0.568566 0.568538 0.568512 0.568491 
0.48116 0.481164 0.481173 0.481184 0.481199 0.481217 0.481238 0.481261 0.481287 0.481315 0.481344 0.481376 0.481408 0.481442 0.481476 0.48151 0.481544 0.481578 0.48161 0.481642 0.481672 0.4817 0.481726 0.48175 0.481771 0.48179 0.481805 0.481817 0.481826 0.481831 0.481833 0.481832 0.481827 0.481818 0.481807 0.481792 0.481774 0.481753 0.48173 0.481704 0.481676 0.481646 0.481614 0.481581 0.481548 0.481514 0.481479 0.481445 0.481412 0.481379 0.481348 0.481318 0.48129 0.481264 0.48124 0.481219 0.481201 0.481186 0.481174 0.481165 0.48116 0.481158 
0.385827 0.385845 0.385865 0.385887 0.38591 0.385934 0.38596 0.385986 0.386013 0.38604 0.386067 0.386094 0.38612 0.386145 0.386169 0.386192 0.386213 0.386232 0.386249 0.386264 0.386277 0.386287 0.386294 0.386299 0.386301 0.386301 0.386297 0.386291 0.386283 0.386271 0.386258 0.386242 0.386224 0.386203 0.386182 0.386158 0.386134 0.386108 0.386082 0.386055 0.386028 0.386001 0.385974 0.385948 0.385923 0.385899 0.385876 0.385855 0.385836 0.385819 0.385805 0.385792 0.385782 0.385775 0.38577 0.385768 0.385769 0.385772 0.385779 0.385787 0.385799 0.385812 
0.282801 0.28282 0.282839 0.282859 0.282878 0.282897 0.282916 0.282934 0.282951 0.282967 0.282982 0.282996 0.283008 0.283018 0.283027 0.283034 0.283039 0.283042 0.283043 0.283042 0.28304 0.283035 0.283028 0.28302 0.28301 0.282998 0.282985 0.28297 0.282954 0.282937 0.282919 0.282901 0.282882 0.282862 0.282843 0.282823 0.282804 0.282786 0.282768 0.282751 0.282735 0.28272 0.282706 0.282694 0.282684 0.282675 0.282669 0.282664 0.282661 0.28266 0.28266 0.282663 0.282668 0.282675 0.282683 0.282693 0.282705 0.282719 0.282733 0.282749 0.282766 0.282783 
0.17297 0.172981 0.172991 0.173001 0.173011 0.173019 0.173027 0.173033 0.173039 0.173043 0.173046 0.173048 0.173049 0.173049 0.173048 0.173045 0.173041 0.173036 0.17303 0.173023 0.173016 0.173007 0.172997 0.172987 0.172977 0.172966 0.172954 0.172943 0.172931 0.172919 0.172908 0.172896 0.172885 0.172875 0.172865 0.172856 0.172848 0.17284 0.172834 0.172828 0.172824 0.172821 0.172819 0.172818 0.172818 0.17282 0.172822 0.172826 0.172831 0.172837 0.172844 0.172852 0.17286 0.17287 0.17288 0.17289 0.172901 0.172913 0.172924 0.172936 0.172947 0.172959 
0.0582557 0.0582581 0.0582602 0.0582621 0.0582636 0.0582648 0.0582656 0.0582662 0.0582663 0.0582662 0.0582656 0.0582648 0.0582636 0.058262 0.0582602 0.0582581 0.0582557 0.0582531 0.0582502 0.0582472 0.058244 0.0582407 0.0582373 0.0582338 0.0582304 0.0582269 0.0582235 0.0582202 0.058217 0.0582139 0.0582111 0.0582084 0.058206 0.0582039 0.0582021 0.0582005 0.0581993 0.0581985 0.0581979 0.0581978 0.0581979 0.0581985 0.0581993 0.0582005 0.0582021 0.0582039 0.058206 0.0582084 0.058211 0.0582139 0.0582169 0.0582201 0.0582234 0.0582268 0.0582302 0.0582336 0.058237 0.0582404 0.0582436 0.0582468 0.0582498 0.0582528 
