0.0567258 0.056728 0.0567302 0.0567324 0.0567345 0.0567365 0.0567384 0.0567402 0.0567418 0.0567432 0.0567444 0.0567454 0.0567463 0.0567469 0.0567472 0.0567474 0.0567473 0.056747 0.0567464 0.0567457 0.0567447 0.0567435 0.0567422 0.0567406 0.056739 0.0567371 0.0567352 0.0567331 0.056731 0.0567288 0.0567266 0.0567243 0.0567221 0.0567199 0.0567177 0.0567157 0.0567137 0.0567118 0.0567101 0.0567085 0.0567071 0.0567059 0.0567049 0.0567041 0.0567035 0.0567032 0.056703 0.0567031 0.0567035 0.056704 0.0567048 0.0567058 0.0567069 0.0567083 0.0567098 0.0567115 0.0567134 0.0567153 0.0567173 0.0567194 0.0567215 0.0567236 
0.168722 0.168727 0.168732 0.168737 0.168743 0.168749 0.168755 0.168761 0.168767 0.168772 0.168778 0.168784 0.168789 0.168794 0.168798 0.168802 0.168806 0.168809 0.168811 0.168813 0.168815 0.168815 0.168816 0.168815 0.168814 0.168813 0.168811 0.168808 0.168805 0.168801 0.168797 0.168793 0.168788 0.168783 0.168777 0.168771 0.168766 0.16876 0.168754 0.168748 0.168742 0.168737 0.168731 0.168726 0.168721 0.168717 0.168713 0.16871 0.168706 0.168704 0.168702 0.168701 0.1687 0.1687 0.1687 0.168701 0.168703 0.168705 0.168707 0.16871 0.168714 0.168718 
0.276698 0.276699 0.2767 0.276703 0.276707 0.276712 0.276717 0.276723 0.276731 0.276738 0.276747 0.276756 0.276765 0.276775 0.276785 0.276795 0.276805 0.276814 0.276824 0.276834 0.276843 0.276851 0.276859 0.276866 0.276873 0.276879 0.276883 0.276887 0.276891 0.276893 0.276894 0.276894 0.276893 0.276891 0.276888 0.276884 0.27688 0.276874 0.276868 0.27686 0.276853 0.276844 0.276835 0.276826 0.276817 0.276807 0.276797 0.276787 0.276777 0.276767 0.276758 0.276749 0.276741 0.276733 0.276725 0.276719 0.276713 0.276708 0.276704 0.276701 0.276699 0.276698 
0.378796 0.378785 0.378775 0.378766 0.378759 0.378752 0.378748 0.378745 0.378743 0.378744 0.378745 0.378749 0.378754 0.37876 0.378768 0.378777 0.378788 0.3788 0.378812 0.378826 0.37884 0.378855 0.37887 0.378886 0.378902 0.378918 0.378933 0.378948 0.378963 0.378977 0.37899 0.379002 0.379014 0.379024 0.379033 0.37904 0.379046 0.37905 0.379053 0.379055 0.379054 0.379053 0.379049 0.379044 0.379038 0.37903 0.379021 0.37901 0.378998 0.378986 0.378972 0.378958 0.378943 0.378928 0.378912 0.378896 0.37888 0.378865 0.37885 0.378835 0.378821 0.378808 
0.473856 0.473833 0.47381 0.473787 0.473765 0.473744 0.473724 0.473704 0.473687 0.47367 0.473656 0.473643 0.473633 0.473624 0.473618 0.473614 0.473613 0.473614 0.473617 0.473622 0.47363 0.47364 0.473652 0.473666 0.473682 0.473699 0.473718 0.473737 0.473759 0.47378 0.473803 0.473826 0.473849 0.473871 0.473894 0.473916 0.473937 0.473957 0.473976 0.473994 0.47401 0.474024 0.474037 0.474047 0.474056 0.474062 0.474065 0.474067 0.474066 0.474063 0.474058 0.47405 0.47404 0.474028 0.474014 0.473999 0.473981 0.473963 0.473943 0.473922 0.4739 0.473878 
0.561166 0.561143 0.561119 0.561093 0.561066 0.561037 0.561007 0.560977 0.560947 0.560917 0.560887 0.560858 0.56083 0.560804 0.560779 0.560755 0.560734 0.560716 0.560699 0.560686 0.560675 0.560667 0.560662 0.56066 0.560661 0.560666 0.560673 0.560683 0.560696 0.560712 0.56073 0.56075 0.560773 0.560798 0.560824 0.560851 0.56088 0.560909 0.560939 0.560969 0.560999 0.561029 0.561057 0.561085 0.561111 0.561136 0.561159 0.56118 0.561199 0.561215 0.561229 0.56124 0.561248 0.561253 0.561254 0.561253 0.561249 0.561242 0.561232 0.561219 0.561203 0.561186 
0.640289 0.640283 0.640272 0.640258 0.640241 0.640221 0.640198 0.640172 0.640144 0.640114 0.640082 0.640048 0.640014 0.639979 0.639943 0.639907 0.639872 0.639838 0.639804 0.639772 0.639742 0.639714 0.639688 0.639665 0.639645 0.639628 0.639614 0.639603 0.639596 0.639593 0.639593 0.639597 0.639604 0.639615 0.639629 0.639646 0.639667 0.63969 0.639716 0.639744 0.639774 0.639806 0.639839 0.639874 0.639909 0.639944 0.639979 0.640014 0.640049 0.640082 0.640113 0.640144 0.640171 0.640197 0.64022 0.64024 0.640257 0.640271 0.640282 0.640289 0.640293 0.640293 
0.711009 0.711023 0.711034 0.711042 0.711045 0.711045 0.711041 0.711033 0.711021 0.711005 0.710987 0.710965 0.710939 0.710912 0.710881 0.710848 0.710814 0.710778 0.710741 0.710703 0.710665 0.710627 0.710589 0.710552 0.710517 0.710483 0.710451 0.710421 0.710394 0.71037 0.710348 0.710331 0.710316 0.710305 0.710298 0.710295 0.710296 0.710301 0.710309 0.710321 0.710337 0.710356 0.710378 0.710403 0.710431 0.710462 0.710494 0.710529 0.710564 0.710601 0.710639 0.710677 0.710714 0.710752 0.710788 0.710824 0.710857 0.710889 0.710919 0.710946 0.71097 0.710991 
0.773291 0.773321 0.773348 0.773374 0.773396 0.773415 0.773431 0.773444 0.773453 0.773458 0.77346 0.773458 0.773452 0.773442 0.773429 0.773413 0.773393 0.773369 0.773344 0.773315 0.773284 0.773251 0.773217 0.773181 0.773145 0.773107 0.77307 0.773033 0.772997 0.772961 0.772927 0.772895 0.772865 0.772837 0.772812 0.77279 0.772771 0.772755 0.772743 0.772734 0.772729 0.772728 0.77273 0.772737 0.772746 0.77276 0.772777 0.772797 0.77282 0.772846 0.772875 0.772906 0.772938 0.772973 0.773008 0.773044 0.773081 0.773118 0.773155 0.773191 0.773226 0.773259 
0.827207 0.82724 0.827272 0.827303 0.827334 0.827363 0.827391 0.827416 0.82744 0.827461 0.827479 0.827495 0.827507 0.827516 0.827522 0.827525 0.827524 0.82752 0.827513 0.827502 0.827488 0.827472 0.827452 0.82743 0.827405 0.827378 0.82735 0.82732 0.827288 0.827256 0.827223 0.82719 0.827157 0.827124 0.827092 0.827061 0.827032 0.827005 0.826979 0.826956 0.826935 0.826917 0.826902 0.82689 0.826881 0.826875 0.826873 0.826874 0.826878 0.826886 0.826897 0.826911 0.826928 0.826947 0.82697 0.826994 0.827021 0.827049 0.827079 0.82711 0.827142 0.827175 
0.872841 0.872865 0.872889 0.872915 0.872942 0.872969 0.872996 0.873022 0.873049 0.873075 0.873099 0.873123 0.873145 0.873166 0.873184 0.873201 0.873215 0.873227 0.873236 0.873243 0.873247 0.873248 0.873247 0.873242 0.873235 0.873226 0.873213 0.873199 0.873182 0.873163 0.873142 0.87312 0.873096 0.873071 0.873045 0.873018 0.872991 0.872964 0.872937 0.87291 0.872884 0.87286 0.872836 0.872814 0.872794 0.872775 0.872759 0.872745 0.872733 0.872724 0.872718 0.872714 0.872713 0.872715 0.872719 0.872727 0.872736 0.872749 0.872763 0.87278 0.872799 0.872819 
0.910235 0.910244 0.910254 0.910267 0.910281 0.910297 0.910314 0.910332 0.910352 0.910372 0.910393 0.910415 0.910436 0.910458 0.91048 0.910501 0.910521 0.910541 0.91056 0.910577 0.910593 0.910608 0.91062 0.910631 0.91064 0.910647 0.910651 0.910654 0.910654 0.910651 0.910647 0.910641 0.910632 0.910622 0.910609 0.910595 0.910579 0.910562 0.910543 0.910523 0.910503 0.910482 0.91046 0.910438 0.910416 0.910395 0.910373 0.910353 0.910333 0.910315 0.910297 0.910281 0.910267 0.910255 0.910244 0.910236 0.910229 0.910225 0.910223 0.910223 0.910225 0.910229 
0.939382 0.939375 0.93937 0.939367 0.939367 0.939368 0.939372 0.939377 0.939385 0.939394 0.939405 0.939418 0.939433 0.939449 0.939466 0.939484 0.939503 0.939523 0.939543 0.939564 0.939585 0.939605 0.939625 0.939645 0.939664 0.939682 0.939699 0.939715 0.939729 0.939741 0.939752 0.93976 0.939767 0.939772 0.939775 0.939776 0.939774 0.939771 0.939765 0.939757 0.939748 0.939737 0.939724 0.939709 0.939693 0.939676 0.939657 0.939638 0.939618 0.939598 0.939577 0.939556 0.939536 0.939515 0.939496 0.939477 0.939459 0.939442 0.939427 0.939413 0.939401 0.93939 
0.960243 0.960224 0.960208 0.960192 0.960179 0.960168 0.960159 0.960152 0.960147 0.960145 0.960146 0.960148 0.960153 0.960161 0.96017 0.960182 0.960196 0.960212 0.960229 0.960248 0.960269 0.96029 0.960312 0.960336 0.960359 0.960383 0.960407 0.96043 0.960453 0.960476 0.960497 0.960517 0.960536 0.960553 0.960568 0.960581 0.960593 0.960602 0.960609 0.960613 0.960615 0.960615 0.960612 0.960607 0.960599 0.96059 0.960578 0.960564 0.960548 0.96053 0.960511 0.960491 0.960469 0.960447 0.960423 0.9604 0.960376 0.960352 0.960329 0.960306 0.960284 0.960263 
0.972778 0.972753 0.972728 0.972705 0.972684 0.972664 0.972647 0.972631 0.972618 0.972608 0.9726 0.972595 0.972593 0.972593 0.972597 0.972603 0.972612 0.972623 0.972637 0.972653 0.972671 0.972692 0.972714 0.972738 0.972763 0.972789 0.972816 0.972843 0.972871 0.972898 0.972926 0.972952 0.972978 0.973003 0.973026 0.973047 0.973067 0.973085 0.9731 0.973113 0.973123 0.973131 0.973136 0.973138 0.973137 0.973134 0.973128 0.973119 0.973108 0.973094 0.973077 0.973059 0.973038 0.973016 0.972992 0.972967 0.972941 0.972914 0.972887 0.972859 0.972832 0.972805 
0.976958 0.97693 0.976903 0.976877 0.976853 0.97683 0.976809 0.976791 0.976775 0.976761 0.97675 0.976743 0.976738 0.976736 0.976737 0.976741 0.976748 0.976758 0.97677 0.976785 0.976803 0.976823 0.976845 0.976869 0.976895 0.976922 0.97695 0.976979 0.977008 0.977038 0.977067 0.977096 0.977124 0.977152 0.977178 0.977202 0.977225 0.977246 0.977264 0.97728 0.977293 0.977304 0.977312 0.977317 0.977319 0.977318 0.977313 0.977306 0.977297 0.977284 0.977269 0.977251 0.977231 0.977209 0.977185 0.977159 0.977132 0.977104 0.977075 0.977046 0.977016 0.976987 
0.972771 0.972745 0.97272 0.972696 0.972674 0.972653 0.972635 0.97262 0.972606 0.972596 0.972588 0.972583 0.972581 0.972582 0.972586 0.972593 0.972602 0.972614 0.972629 0.972646 0.972666 0.972687 0.972711 0.972736 0.972762 0.972789 0.972817 0.972846 0.972875 0.972904 0.972932 0.97296 0.972986 0.973012 0.973036 0.973058 0.973078 0.973096 0.973112 0.973125 0.973135 0.973143 0.973148 0.97315 0.973149 0.973145 0.973138 0.973128 0.973116 0.973101 0.973084 0.973065 0.973043 0.97302 0.972995 0.972968 0.972941 0.972913 0.972884 0.972855 0.972827 0.972799 
0.960225 0.960205 0.960186 0.96017 0.960155 0.960143 0.960133 0.960126 0.960121 0.960119 0.96012 0.960124 0.96013 0.960138 0.960149 0.960163 0.960178 0.960196 0.960216 0.960237 0.96026 0.960284 0.960309 0.960335 0.960361 0.960387 0.960414 0.96044 0.960465 0.96049 0.960513 0.960535 0.960556 0.960574 0.960591 0.960606 0.960618 0.960627 0.960635 0.960639 0.960641 0.96064 0.960637 0.960631 0.960622 0.960611 0.960598 0.960582 0.960564 0.960544 0.960523 0.9605 0.960476 0.960451 0.960425 0.960399 0.960372 0.960346 0.96032 0.960295 0.96027 0.960247 
0.939346 0.939337 0.939331 0.939326 0.939325 0.939325 0.939329 0.939334 0.939342 0.939353 0.939366 0.939381 0.939397 0.939416 0.939436 0.939458 0.939481 0.939504 0.939529 0.939553 0.939578 0.939603 0.939628 0.939652 0.939675 0.939698 0.939718 0.939738 0.939755 0.939771 0.939785 0.939796 0.939805 0.939812 0.939816 0.939818 0.939817 0.939814 0.939808 0.9398 0.939789 0.939777 0.939762 0.939745 0.939726 0.939706 0.939684 0.939661 0.939637 0.939613 0.939588 0.939563 0.939538 0.939513 0.939489 0.939466 0.939444 0.939423 0.939404 0.939387 0.939371 0.939358 
0.910176 0.910182 0.910192 0.910203 0.910218 0.910234 0.910253 0.910273 0.910295 0.910319 0.910344 0.910369 0.910396 0.910423 0.91045 0.910477 0.910504 0.91053 0.910555 0.910578 0.910601 0.910622 0.91064 0.910657 0.910672 0.910684 0.910693 0.9107 0.910705 0.910706 0.910705 0.910701 0.910694 0.910685 0.910673 0.910658 0.910642 0.910623 0.910603 0.91058 0.910557 0.910532 0.910506 0.910479 0.910452 0.910425 0.910398 0.910371 0.910346 0.91032 0.910297 0.910274 0.910254 0.910235 0.910218 0.910204 0.910192 0.910183 0.910176 0.910172 0.91017 0.910172 
0.872756 0.87278 0.872806 0.872834 0.872863 0.872894 0.872925 0.872957 0.87299 0.873022 0.873054 0.873085 0.873115 0.873144 0.873171 0.873196 0.873218 0.873239 0.873257 0.873272 0.873284 0.873292 0.873298 0.8733 0.873299 0.873295 0.873288 0.873277 0.873263 0.873247 0.873227 0.873205 0.873181 0.873155 0.873127 0.873097 0.873066 0.873035 0.873003 0.87297 0.872938 0.872906 0.872875 0.872845 0.872816 0.872789 0.872764 0.872742 0.872721 0.872704 0.872689 0.872677 0.872669 0.872663 0.872661 0.872662 0.872667 0.872674 0.872685 0.872699 0.872715 0.872734 
0.827109 0.827146 0.827183 0.827221 0.827259 0.827296 0.827332 0.827367 0.8274 0.827431 0.82746 0.827486 0.827509 0.827529 0.827546 0.827559 0.827568 0.827573 0.827575 0.827573 0.827566 0.827556 0.827543 0.827526 0.827505 0.827481 0.827455 0.827425 0.827394 0.82736 0.827325 0.827288 0.827251 0.827213 0.827175 0.827137 0.8271 0.827063 0.827029 0.826995 0.826965 0.826936 0.82691 0.826887 0.826868 0.826851 0.826839 0.82683 0.826824 0.826823 0.826826 0.826832 0.826842 0.826856 0.826873 0.826894 0.826918 0.826944 0.826973 0.827005 0.827038 0.827073 
0.773209 0.773248 0.773286 0.773322 0.773356 0.773387 0.773415 0.77344 0.773461 0.773479 0.773492 0.773502 0.773507 0.773508 0.773505 0.773497 0.773486 0.77347 0.77345 0.773427 0.773401 0.773371 0.773338 0.773303 0.773265 0.773226 0.773186 0.773144 0.773102 0.77306 0.773019 0.772978 0.772938 0.7729 0.772864 0.77283 0.772799 0.772771 0.772747 0.772726 0.772708 0.772695 0.772686 0.772681 0.77268 0.772684 0.772691 0.772703 0.772719 0.772739 0.772762 0.772789 0.772819 0.772851 0.772887 0.772924 0.772963 0.773003 0.773044 0.773086 0.773128 0.773169 
0.710979 0.711007 0.71103 0.711051 0.711067 0.71108 0.711088 0.711092 0.711091 0.711087 0.711078 0.711064 0.711047 0.711026 0.711001 0.710973 0.710941 0.710907 0.71087 0.710832 0.710791 0.71075 0.710707 0.710664 0.710622 0.710579 0.710538 0.710498 0.71046 0.710424 0.710391 0.71036 0.710333 0.710309 0.710289 0.710273 0.71026 0.710253 0.710249 0.71025 0.710255 0.710264 0.710277 0.710295 0.710316 0.710341 0.710369 0.710401 0.710435 0.710472 0.71051 0.71055 0.710592 0.710634 0.710677 0.710719 0.710762 0.710803 0.710842 0.71088 0.710916 0.710949 
0.640333 0.640338 0.640338 0.640335 0.640328 0.640317 0.640302 0.640283 0.640261 0.640235 0.640207 0.640176 0.640142 0.640106 0.640069 0.64003 0.639991 0.63995 0.63991 0.63987 0.639831 0.639793 0.639757 0.639723 0.639691 0.639661 0.639634 0.639611 0.639591 0.639574 0.639562 0.639553 0.639548 0.639548 0.639551 0.639559 0.63957 0.639585 0.639604 0.639626 0.639652 0.63968 0.639712 0.639745 0.639781 0.639818 0.639857 0.639896 0.639936 0.639976 0.640016 0.640055 0.640092 0.640129 0.640163 0.640195 0.640225 0.640251 0.640275 0.640295 0.640311 0.640324 
0.561263 0.561247 0.561228 0.561206 0.561181 0.561154 0.561125 0.561094 0.561061 0.561028 0.560994 0.56096 0.560925 0.560891 0.560858 0.560825 0.560794 0.560765 0.560738 0.560713 0.56069 0.56067 0.560653 0.56064 0.560629 0.560622 0.560619 0.560619 0.560622 0.560629 0.560639 0.560652 0.560669 0.560689 0.560711 0.560736 0.560763 0.560792 0.560823 0.560855 0.560888 0.560922 0.560956 0.560991 0.561025 0.561058 0.56109 0.561121 0.56115 0.561177 0.561202 0.561225 0.561245 0.561261 0.561275 0.561286 0.561293 0.561296 0.561296 0.561293 0.561286 0.561276 
0.473953 0.473929 0.473903 0.473877 0.47385 0.473824 0.473797 0.473771 0.473745 0.473721 0.473698 0.473676 0.473656 0.473638 0.473621 0.473608 0.473596 0.473587 0.473581 0.473577 0.473576 0.473578 0.473583 0.47359 0.473599 0.473612 0.473626 0.473643 0.473662 0.473682 0.473704 0.473728 0.473753 0.473778 0.473804 0.473831 0.473858 0.473884 0.47391 0.473936 0.47396 0.473983 0.474005 0.474025 0.474043 0.474059 0.474073 0.474084 0.474093 0.474099 0.474103 0.474104 0.474102 0.474097 0.47409 0.474081 0.474068 0.474054 0.474037 0.474018 0.473998 0.473976 
0.378843 0.378826 0.378809 0.378794 0.378779 0.378765 0.378753 0.378742 0.378733 0.378726 0.37872 0.378717 0.378715 0.378715 0.378717 0.378721 0.378726 0.378734 0.378743 0.378754 0.378766 0.37878 0.378794 0.37881 0.378827 0.378845 0.378863 0.378881 0.3789 0.378919 0.378937 0.378955 0.378973 0.378989 0.379005 0.37902 0.379033 0.379046 0.379056 0.379065 0.379072 0.379078 0.379082 0.379083 0.379083 0.379081 0.379077 0.379072 0.379064 0.379055 0.379044 0.379032 0.379018 0.379003 0.378987 0.378971 0.378953 0.378935 0.378916 0.378898 0.378879 0.378861 
0.27669 0.276685 0.276682 0.27668 0.276679 0.276679 0.27668 0.276683 0.276686 0.276691 0.276697 0.276704 0.276712 0.276721 0.27673 0.276741 0.276751 0.276763 0.276774 0.276786 0.276798 0.27681 0.276822 0.276833 0.276844 0.276855 0.276865 0.276874 0.276882 0.27689 0.276897 0.276902 0.276907 0.27691 0.276912 0.276913 0.276913 0.276911 0.276909 0.276905 0.2769 0.276894 0.276887 0.276879 0.27687 0.276861 0.27685 0.27684 0.276828 0.276817 0.276805 0.276793 0.276781 0.27677 0.276758 0.276747 0.276737 0.276727 0.276718 0.276709 0.276702 0.276695 
0.168695 0.168698 0.168701 0.168705 0.16871 0.168715 0.16872 0.168726 0.168732 0.168739 0.168746 0.168752 0.168759 0.168766 0.168773 0.16878 0.168786 0.168792 0.168798 0.168803 0.168808 0.168812 0.168816 0.168819 0.168821 0.168823 0.168824 0.168825 0.168825 0.168824 0.168822 0.16882 0.168817 0.168814 0.16881 0.168805 0.1688 0.168794 0.168788 0.168782 0.168776 0.168769 0.168762 0.168755 0.168749 0.168742 0.168735 0.168729 0.168723 0.168717 0.168712 0.168707 0.168703 0.168699 0.168696 0.168694 0.168692 0.168691 0.16869 0.168691 0.168692 0.168693 
0.0567131 0.0567152 0.0567174 0.0567197 0.0567221 0.0567245 0.0567269 0.0567293 0.0567317 0.056734 0.0567362 0.0567382 0.0567401 0.0567419 0.0567435 0.0567449 0.0567461 0.0567471 0.0567479 0.0567484 0.0567487 0.0567487 0.0567485 0.0567481 0.0567474 0.0567465 0.0567454 0.0567441 0.0567426 0.0567409 0.056739 0.056737 0.0567349 0.0567326 0.0567303 0.056728 0.0567256 0.0567232 0.0567208 0.0567185 0.0567163 0.0567141 0.056712 0.0567101 0.0567084 0.0567068 0.0567054 0.0567042 0.0567032 0.0567025 0.056702 0.0567017 0.0567017 0.0567019 0.0567024 0.056703 0.056704 0.0567051 0.0567065 0.0567079 0.0567096 0.0567113 
