0.0560588 0.0560603 0.0560619 0.0560636 0.0560654 0.0560673 0.0560692 0.0560712 0.0560732 0.0560752 0.0560772 0.0560791 0.056081 0.0560828 0.0560845 0.056086 0.0560874 0.0560887 0.0560898 0.0560907 0.0560915 0.056092 0.0560924 0.0560925 0.0560925 0.0560922 0.0560917 0.0560911 0.0560902 0.0560892 0.056088 0.0560867 0.0560852 0.0560836 0.0560818 0.05608 0.0560781 0.0560762 0.0560742 0.0560722 0.0560702 0.0560682 0.0560663 0.0560644 0.0560627 0.056061 0.0560595 0.0560581 0.0560568 0.0560557 0.0560548 0.0560541 0.0560535 0.0560532 0.056053 0.0560531 0.0560534 0.0560539 0.0560546 0.0560554 0.0560564 0.0560575 
0.166864 0.166865 0.166867 0.166869 0.166871 0.166874 0.166877 0.166881 0.166885 0.166889 0.166893 0.166898 0.166903 0.166908 0.166912 0.166917 0.166922 0.166927 0.166931 0.166935 0.166939 0.166943 0.166946 0.166949 0.166952 0.166954 0.166956 0.166957 0.166958 0.166958 0.166958 0.166957 0.166956 0.166954 0.166952 0.16695 0.166947 0.166944 0.16694 0.166936 0.166932 0.166927 0.166923 0.166918 0.166913 0.166908 0.166903 0.166899 0.166894 0.16689 0.166885 0.166881 0.166878 0.166874 0.166871 0.166869 0.166867 0.166865 0.166864 0.166863 0.166863 0.166863 
0.273973 0.273969 0.273964 0.273961 0.273958 0.273956 0.273954 0.273954 0.273954 0.273955 0.273956 0.273959 0.273962 0.273965 0.27397 0.273975 0.273981 0.273987 0.273993 0.274 0.274007 0.274015 0.274022 0.27403 0.274037 0.274045 0.274052 0.274059 0.274066 0.274072 0.274078 0.274084 0.274088 0.274092 0.274096 0.274099 0.274101 0.274102 0.274103 0.274103 0.274102 0.2741 0.274098 0.274094 0.274091 0.274086 0.274081 0.274075 0.274069 0.274063 0.274056 0.274049 0.274041 0.274034 0.274026 0.274019 0.274011 0.274004 0.273997 0.27399 0.273984 0.273978 
0.375548 0.375536 0.375524 0.375512 0.375501 0.375489 0.375478 0.375468 0.375458 0.375449 0.37544 0.375433 0.375427 0.375421 0.375417 0.375414 0.375412 0.375411 0.375412 0.375413 0.375416 0.37542 0.375426 0.375432 0.375439 0.375447 0.375456 0.375466 0.375476 0.375487 0.375499 0.37551 0.375522 0.375534 0.375546 0.375558 0.375569 0.37558 0.37559 0.3756 0.375609 0.375617 0.375625 0.375631 0.375636 0.37564 0.375643 0.375645 0.375646 0.375645 0.375644 0.375641 0.375637 0.375632 0.375625 0.375618 0.37561 0.375601 0.375591 0.375581 0.37557 0.375559 
0.470284 0.470274 0.470263 0.470251 0.470237 0.470222 0.470207 0.47019 0.470173 0.470155 0.470137 0.470119 0.470101 0.470084 0.470067 0.47005 0.470035 0.47002 0.470006 0.469994 0.469983 0.469974 0.469966 0.46996 0.469956 0.469954 0.469953 0.469954 0.469957 0.469962 0.469969 0.469977 0.469986 0.469998 0.47001 0.470024 0.470039 0.470055 0.470071 0.470088 0.470106 0.470124 0.470142 0.47016 0.470177 0.470194 0.47021 0.470226 0.47024 0.470254 0.470266 0.470277 0.470286 0.470294 0.470299 0.470304 0.470306 0.470307 0.470305 0.470303 0.470298 0.470292 
0.557313 0.557319 0.557322 0.557322 0.557321 0.557316 0.55731 0.5573 0.557289 0.557276 0.55726 0.557243 0.557223 0.557203 0.557181 0.557158 0.557134 0.55711 0.557086 0.557061 0.557037 0.557013 0.556989 0.556967 0.556946 0.556926 0.556908 0.556892 0.556877 0.556865 0.556855 0.556847 0.556842 0.556839 0.556839 0.556841 0.556845 0.556852 0.556861 0.556873 0.556887 0.556902 0.55692 0.556939 0.55696 0.556981 0.557004 0.557028 0.557052 0.557076 0.557101 0.557125 0.557149 0.557172 0.557194 0.557215 0.557235 0.557253 0.557269 0.557283 0.557295 0.557306 
0.636156 0.636181 0.636203 0.636223 0.636241 0.636257 0.63627 0.63628 0.636287 0.636291 0.636292 0.63629 0.636285 0.636277 0.636266 0.636252 0.636235 0.636216 0.636195 0.636171 0.636146 0.636119 0.636091 0.636062 0.636032 0.636002 0.635972 0.635941 0.635912 0.635883 0.635856 0.635829 0.635805 0.635782 0.635762 0.635744 0.635729 0.635716 0.635706 0.6357 0.635696 0.635695 0.635697 0.635703 0.635711 0.635723 0.635737 0.635753 0.635772 0.635794 0.635817 0.635842 0.635869 0.635897 0.635926 0.635956 0.635986 0.636016 0.636046 0.636075 0.636104 0.636131 
0.706667 0.7067 0.706734 0.706767 0.706799 0.70683 0.70686 0.706888 0.706915 0.706939 0.70696 0.706979 0.706995 0.707007 0.707017 0.707023 0.707025 0.707025 0.707021 0.707013 0.707002 0.706988 0.706971 0.706951 0.706929 0.706904 0.706877 0.706847 0.706817 0.706785 0.706752 0.706718 0.706684 0.70665 0.706617 0.706585 0.706553 0.706523 0.706495 0.706469 0.706445 0.706424 0.706405 0.70639 0.706377 0.706368 0.706363 0.70636 0.706361 0.706366 0.706373 0.706384 0.706399 0.706416 0.706436 0.706459 0.706484 0.706511 0.70654 0.70657 0.706602 0.706634 
0.768894 0.768921 0.76895 0.768981 0.769013 0.769046 0.76908 0.769114 0.769148 0.769181 0.769214 0.769246 0.769276 0.769305 0.769331 0.769355 0.769377 0.769396 0.769412 0.769424 0.769434 0.76944 0.769443 0.769442 0.769438 0.76943 0.769419 0.769405 0.769388 0.769368 0.769345 0.76932 0.769292 0.769263 0.769231 0.769199 0.769166 0.769132 0.769098 0.769063 0.76903 0.768997 0.768965 0.768935 0.768907 0.76888 0.768856 0.768835 0.768816 0.7688 0.768788 0.768779 0.768773 0.76877 0.768772 0.768776 0.768784 0.768795 0.768809 0.768827 0.768847 0.768869 
0.822916 0.822926 0.82294 0.822957 0.822976 0.822997 0.823021 0.823046 0.823073 0.823102 0.823132 0.823162 0.823193 0.823224 0.823255 0.823285 0.823315 0.823344 0.823371 0.823396 0.82342 0.823441 0.82346 0.823477 0.823491 0.823501 0.823509 0.823514 0.823516 0.823514 0.823509 0.823501 0.823491 0.823477 0.82346 0.823441 0.82342 0.823396 0.82337 0.823343 0.823314 0.823284 0.823253 0.823222 0.823191 0.82316 0.82313 0.8231 0.823071 0.823044 0.823019 0.822995 0.822974 0.822955 0.822939 0.822925 0.822915 0.822907 0.822903 0.822901 0.822903 0.822908 
0.868746 0.86874 0.868736 0.868735 0.868737 0.868742 0.868748 0.868758 0.868769 0.868783 0.8688 0.868818 0.868837 0.868859 0.868881 0.868905 0.86893 0.868955 0.86898 0.869006 0.869032 0.869057 0.869081 0.869104 0.869127 0.869147 0.869167 0.869184 0.8692 0.869213 0.869224 0.869233 0.869239 0.869242 0.869243 0.869241 0.869237 0.86923 0.869221 0.869209 0.869195 0.869179 0.869161 0.869141 0.86912 0.869097 0.869073 0.869048 0.869023 0.868997 0.868971 0.868946 0.86892 0.868896 0.868873 0.86885 0.868829 0.86881 0.868793 0.868778 0.868765 0.868754 
0.906335 0.906319 0.906304 0.906291 0.906279 0.906269 0.906261 0.906255 0.90625 0.906248 0.906248 0.90625 0.906253 0.906259 0.906267 0.906277 0.906288 0.906301 0.906315 0.906331 0.906348 0.906366 0.906385 0.906404 0.906424 0.906444 0.906464 0.906484 0.906503 0.906522 0.906541 0.906558 0.906574 0.906589 0.906602 0.906614 0.906624 0.906632 0.906639 0.906643 0.906645 0.906646 0.906644 0.90664 0.906634 0.906626 0.906617 0.906605 0.906592 0.906578 0.906562 0.906545 0.906527 0.906508 0.906488 0.906468 0.906448 0.906428 0.906408 0.906389 0.90637 0.906352 
0.935616 0.935598 0.93558 0.935562 0.935544 0.935526 0.935509 0.935493 0.935478 0.935463 0.93545 0.935438 0.935428 0.935419 0.935412 0.935406 0.935402 0.935401 0.935401 0.935402 0.935406 0.935411 0.935418 0.935427 0.935438 0.935449 0.935463 0.935477 0.935492 0.935509 0.935526 0.935543 0.935561 0.935579 0.935598 0.935616 0.935633 0.93565 0.935667 0.935682 0.935697 0.93571 0.935722 0.935732 0.935741 0.935748 0.935754 0.935758 0.935759 0.935759 0.935758 0.935754 0.935748 0.935741 0.935732 0.935722 0.93571 0.935697 0.935682 0.935667 0.935651 0.935634 
0.956544 0.95653 0.956514 0.956496 0.956478 0.956458 0.956438 0.956417 0.956396 0.956375 0.956354 0.956334 0.956314 0.956295 0.956276 0.956259 0.956244 0.956229 0.956217 0.956206 0.956197 0.95619 0.956185 0.956182 0.956182 0.956183 0.956187 0.956192 0.9562 0.956209 0.956221 0.956234 0.956249 0.956265 0.956282 0.956301 0.95632 0.956341 0.956361 0.956382 0.956403 0.956424 0.956445 0.956465 0.956484 0.956502 0.956519 0.956535 0.956549 0.956562 0.956573 0.956581 0.956588 0.956593 0.956596 0.956597 0.956595 0.956592 0.956586 0.956578 0.956569 0.956557 
0.969102 0.969092 0.969079 0.969064 0.969047 0.969028 0.969008 0.968986 0.968964 0.96894 0.968915 0.968891 0.968866 0.968841 0.968816 0.968792 0.968769 0.968747 0.968726 0.968707 0.96869 0.968674 0.96866 0.968649 0.96864 0.968634 0.96863 0.968628 0.968629 0.968632 0.968638 0.968647 0.968658 0.96867 0.968686 0.968703 0.968721 0.968742 0.968763 0.968786 0.96881 0.968834 0.968859 0.968884 0.968909 0.968934 0.968958 0.968981 0.969003 0.969023 0.969042 0.96906 0.969075 0.969089 0.9691 0.969109 0.969116 0.96912 0.969121 0.96912 0.969117 0.969111 
0.973291 0.973282 0.97327 0.973256 0.97324 0.973221 0.973201 0.973179 0.973155 0.973131 0.973105 0.973078 0.973051 0.973024 0.972997 0.972971 0.972945 0.97292 0.972896 0.972874 0.972853 0.972835 0.972818 0.972804 0.972792 0.972782 0.972775 0.972771 0.97277 0.972771 0.972775 0.972782 0.972791 0.972803 0.972817 0.972833 0.972852 0.972872 0.972894 0.972918 0.972943 0.972969 0.972995 0.973022 0.973049 0.973076 0.973103 0.973128 0.973153 0.973177 0.973199 0.97322 0.973238 0.973255 0.973269 0.973281 0.973291 0.973298 0.973302 0.973303 0.973302 0.973298 
0.969113 0.969101 0.969087 0.969071 0.969053 0.969033 0.969011 0.968988 0.968964 0.968938 0.968913 0.968886 0.96886 0.968834 0.968808 0.968782 0.968758 0.968735 0.968714 0.968694 0.968676 0.96866 0.968646 0.968634 0.968625 0.968619 0.968615 0.968614 0.968616 0.96862 0.968627 0.968636 0.968648 0.968662 0.968679 0.968697 0.968717 0.968739 0.968762 0.968786 0.968812 0.968838 0.968864 0.96889 0.968917 0.968942 0.968967 0.968992 0.969015 0.969036 0.969056 0.969074 0.96909 0.969104 0.969115 0.969124 0.96913 0.969134 0.969135 0.969134 0.969129 0.969123 
0.956564 0.956547 0.956528 0.956508 0.956486 0.956464 0.95644 0.956416 0.956392 0.956368 0.956344 0.95632 0.956298 0.956276 0.956255 0.956236 0.956218 0.956202 0.956188 0.956176 0.956166 0.956159 0.956153 0.956151 0.956151 0.956153 0.956157 0.956164 0.956174 0.956185 0.956199 0.956215 0.956232 0.956251 0.956271 0.956293 0.956316 0.956339 0.956363 0.956387 0.956411 0.956435 0.956459 0.956482 0.956504 0.956524 0.956543 0.956561 0.956577 0.956591 0.956603 0.956613 0.95662 0.956625 0.956628 0.956628 0.956626 0.956621 0.956614 0.956605 0.956593 0.95658 
0.935639 0.935616 0.935593 0.93557 0.935547 0.935524 0.935502 0.93548 0.93546 0.93544 0.935422 0.935406 0.935392 0.935379 0.935369 0.935361 0.935355 0.935351 0.93535 0.935351 0.935354 0.93536 0.935368 0.935378 0.93539 0.935405 0.935421 0.935438 0.935457 0.935478 0.935499 0.935521 0.935544 0.935567 0.935591 0.935614 0.935637 0.935659 0.935681 0.935701 0.93572 0.935738 0.935754 0.935769 0.935781 0.935792 0.9358 0.935806 0.935809 0.935811 0.935809 0.935806 0.9358 0.935792 0.935782 0.93577 0.935755 0.935739 0.935722 0.935703 0.935682 0.935661 
0.906347 0.906323 0.906301 0.90628 0.906261 0.906244 0.906229 0.906216 0.906205 0.906197 0.906192 0.906189 0.906188 0.906191 0.906196 0.906204 0.906214 0.906226 0.906241 0.906258 0.906277 0.906298 0.90632 0.906343 0.906368 0.906393 0.906419 0.906445 0.906471 0.906497 0.906522 0.906547 0.906571 0.906593 0.906614 0.906633 0.90665 0.906665 0.906678 0.906689 0.906697 0.906702 0.906705 0.906705 0.906703 0.906698 0.90669 0.90668 0.906667 0.906652 0.906635 0.906616 0.906596 0.906573 0.90655 0.906525 0.9065 0.906474 0.906448 0.906422 0.906396 0.906371 
0.868725 0.86871 0.868697 0.868688 0.868681 0.868677 0.868677 0.86868 0.868686 0.868695 0.868708 0.868723 0.868741 0.868761 0.868784 0.868809 0.868835 0.868864 0.868893 0.868924 0.868955 0.868987 0.869018 0.86905 0.86908 0.86911 0.869139 0.869166 0.869191 0.869214 0.869235 0.869253 0.869269 0.869282 0.869291 0.869298 0.869302 0.869302 0.869299 0.869293 0.869283 0.869271 0.869256 0.869238 0.869217 0.869195 0.86917 0.869143 0.869114 0.869085 0.869054 0.869023 0.868991 0.868959 0.868928 0.868897 0.868867 0.868839 0.868812 0.868787 0.868764 0.868743 
0.822845 0.822846 0.822852 0.822861 0.822873 0.822889 0.822909 0.822931 0.822956 0.822984 0.823014 0.823046 0.82308 0.823115 0.823151 0.823188 0.823225 0.823261 0.823298 0.823333 0.823367 0.823399 0.823429 0.823458 0.823483 0.823506 0.823526 0.823542 0.823555 0.823565 0.82357 0.823572 0.823571 0.823565 0.823556 0.823544 0.823527 0.823508 0.823486 0.82346 0.823432 0.823402 0.82337 0.823336 0.823301 0.823264 0.823228 0.823191 0.823154 0.823118 0.823083 0.823049 0.823016 0.822986 0.822958 0.822933 0.82291 0.822891 0.822874 0.822861 0.822852 0.822847 
0.768774 0.768796 0.768822 0.76885 0.768881 0.768915 0.768951 0.768988 0.769026 0.769065 0.769105 0.769144 0.769184 0.769222 0.769259 0.769295 0.769329 0.76936 0.769389 0.769415 0.769438 0.769458 0.769474 0.769486 0.769494 0.769498 0.769498 0.769494 0.769486 0.769475 0.769459 0.76944 0.769417 0.769391 0.769363 0.769331 0.769297 0.769262 0.769224 0.769186 0.769146 0.769107 0.769067 0.769028 0.768989 0.768952 0.768916 0.768883 0.768851 0.768822 0.768797 0.768774 0.768755 0.768739 0.768728 0.76872 0.768716 0.768716 0.76872 0.768728 0.76874 0.768755 
0.706532 0.706568 0.706605 0.706644 0.706683 0.706722 0.706761 0.706799 0.706836 0.706872 0.706906 0.706937 0.706966 0.706993 0.707016 0.707036 0.707052 0.707065 0.707074 0.707079 0.70708 0.707077 0.70707 0.707059 0.707045 0.707026 0.707005 0.70698 0.706952 0.706921 0.706888 0.706853 0.706817 0.706779 0.70674 0.706701 0.706662 0.706623 0.706584 0.706547 0.706512 0.706478 0.706446 0.706418 0.706391 0.706368 0.706349 0.706333 0.70632 0.706312 0.706307 0.706306 0.706309 0.706317 0.706328 0.706342 0.706361 0.706382 0.706407 0.706435 0.706465 0.706498 
0.636064 0.636098 0.636131 0.636163 0.636193 0.636221 0.636247 0.63627 0.63629 0.636308 0.636322 0.636332 0.63634 0.636343 0.636344 0.63634 0.636333 0.636322 0.636308 0.636291 0.636271 0.636248 0.636222 0.636194 0.636164 0.636132 0.636098 0.636064 0.636028 0.635993 0.635957 0.635922 0.635888 0.635854 0.635822 0.635792 0.635764 0.635739 0.635716 0.635695 0.635678 0.635664 0.635654 0.635647 0.635644 0.635644 0.635648 0.635655 0.635666 0.63568 0.635697 0.635718 0.635741 0.635767 0.635795 0.635825 0.635857 0.63589 0.635924 0.635959 0.635994 0.636029 
0.557304 0.557322 0.557336 0.557349 0.557358 0.557365 0.557368 0.557369 0.557367 0.557362 0.557354 0.557343 0.55733 0.557314 0.557295 0.557274 0.557252 0.557227 0.557201 0.557174 0.557145 0.557117 0.557087 0.557058 0.557029 0.557 0.556972 0.556946 0.556921 0.556897 0.556875 0.556856 0.556838 0.556824 0.556812 0.556802 0.556796 0.556792 0.556792 0.556794 0.5568 0.556808 0.556819 0.556832 0.556849 0.556867 0.556888 0.556911 0.556935 0.556961 0.556989 0.557017 0.557045 0.557075 0.557104 0.557133 0.557161 0.557189 0.557215 0.55724 0.557264 0.557285 
0.470345 0.470342 0.470338 0.470331 0.470322 0.470311 0.470298 0.470284 0.470268 0.470251 0.470232 0.470212 0.470192 0.47017 0.470149 0.470127 0.470105 0.470083 0.470062 0.470042 0.470022 0.470004 0.469987 0.469971 0.469957 0.469945 0.469935 0.469927 0.469921 0.469917 0.469915 0.469915 0.469918 0.469923 0.46993 0.469939 0.46995 0.469962 0.469977 0.469993 0.470011 0.470029 0.470049 0.47007 0.470091 0.470112 0.470134 0.470156 0.470177 0.470198 0.470219 0.470238 0.470256 0.470273 0.470289 0.470303 0.470315 0.470325 0.470333 0.470339 0.470343 0.470345 
0.375619 0.375607 0.375595 0.375581 0.375567 0.375553 0.375539 0.375524 0.375509 0.375495 0.375481 0.375467 0.375454 0.375442 0.375431 0.37542 0.375411 0.375403 0.375397 0.375391 0.375387 0.375385 0.375384 0.375385 0.375387 0.37539 0.375395 0.375401 0.375409 0.375418 0.375428 0.375439 0.375451 0.375464 0.375477 0.375491 0.375505 0.37552 0.375534 0.375549 0.375563 0.375577 0.375591 0.375604 0.375616 0.375627 0.375637 0.375646 0.375654 0.375661 0.375666 0.37567 0.375672 0.375673 0.375672 0.37567 0.375667 0.375662 0.375655 0.375648 0.375639 0.375629 
0.274006 0.273998 0.273989 0.273981 0.273974 0.273967 0.273961 0.273955 0.27395 0.273946 0.273943 0.27394 0.273939 0.273938 0.273939 0.27394 0.273942 0.273945 0.273949 0.273954 0.27396 0.273966 0.273973 0.27398 0.273988 0.273997 0.274005 0.274014 0.274023 0.274032 0.274042 0.274051 0.274059 0.274068 0.274076 0.274083 0.27409 0.274096 0.274102 0.274107 0.274111 0.274114 0.274116 0.274118 0.274118 0.274118 0.274116 0.274114 0.274111 0.274107 0.274102 0.274096 0.27409 0.274083 0.274076 0.274068 0.274059 0.274051 0.274042 0.274033 0.274024 0.274015 
0.166862 0.16686 0.166858 0.166857 0.166857 0.166857 0.166858 0.166859 0.166861 0.166863 0.166866 0.166869 0.166873 0.166877 0.166881 0.166886 0.166891 0.166896 0.166902 0.166907 0.166912 0.166918 0.166923 0.166928 0.166934 0.166938 0.166943 0.166947 0.166951 0.166954 0.166957 0.16696 0.166962 0.166963 0.166964 0.166964 0.166964 0.166963 0.166962 0.16696 0.166958 0.166955 0.166952 0.166948 0.166944 0.166939 0.166935 0.16693 0.166924 0.166919 0.166914 0.166908 0.166903 0.166897 0.166892 0.166887 0.166882 0.166878 0.166874 0.16687 0.166867 0.166864 
0.0560525 0.0560531 0.0560538 0.0560548 0.0560559 0.0560572 0.0560586 0.0560602 0.056062 0.0560638 0.0560658 0.0560678 0.0560699 0.056072 0.0560741 0.0560762 0.0560783 0.0560803 0.0560822 0.0560841 0.0560858 0.0560874 0.0560888 0.0560901 0.0560911 0.056092 0.0560927 0.0560932 0.0560935 0.0560936 0.0560934 0.0560931 0.0560925 0.0560917 0.0560908 0.0560896 0.0560883 0.0560868 0.0560852 0.0560834 0.0560816 0.0560796 0.0560776 0.0560755 0.0560734 0.0560713 0.0560692 0.0560671 0.0560651 0.0560632 0.0560614 0.0560597 0.0560581 0.0560567 0.0560554 0.0560544 0.0560535 0.0560528 0.0560524 0.0560521 0.0560521 0.0560522 
