0.0550303 0.0550294 0.0550286 0.0550279 0.0550273 0.0550268 0.0550264 0.0550262 0.0550261 0.0550261 0.0550262 0.0550265 0.0550269 0.0550275 0.0550281 0.0550289 0.0550298 0.0550308 0.0550318 0.0550329 0.0550341 0.0550354 0.0550366 0.0550379 0.0550393 0.0550406 0.0550418 0.0550431 0.0550443 0.0550455 0.0550466 0.0550476 0.0550485 0.0550493 0.0550501 0.0550507 0.0550511 0.0550515 0.0550517 0.0550518 0.0550518 0.0550516 0.0550513 0.0550509 0.0550503 0.0550497 0.0550489 0.055048 0.055047 0.055046 0.0550449 0.0550437 0.0550424 0.0550412 0.0550399 0.0550386 0.0550372 0.055036 0.0550347 0.0550335 0.0550324 0.0550313 
0.163943 0.16394 0.163937 0.163934 0.163932 0.163929 0.163927 0.163925 0.163924 0.163922 0.163921 0.163921 0.16392 0.16392 0.16392 0.163921 0.163922 0.163923 0.163925 0.163926 0.163929 0.163931 0.163933 0.163936 0.163939 0.163942 0.163945 0.163949 0.163952 0.163955 0.163958 0.163961 0.163965 0.163967 0.16397 0.163973 0.163975 0.163977 0.163979 0.163981 0.163982 0.163983 0.163984 0.163984 0.163984 0.163984 0.163983 0.163982 0.163981 0.163979 0.163978 0.163975 0.163973 0.163971 0.163968 0.163965 0.163962 0.163959 0.163955 0.163952 0.163949 0.163946 
0.269541 0.269537 0.269533 0.269529 0.269524 0.26952 0.269515 0.26951 0.269506 0.269501 0.269497 0.269492 0.269488 0.269484 0.269481 0.269478 0.269475 0.269473 0.269471 0.26947 0.269469 0.269468 0.269468 0.269469 0.269469 0.269471 0.269473 0.269475 0.269478 0.269481 0.269484 0.269488 0.269492 0.269496 0.269501 0.269506 0.26951 0.269515 0.26952 0.269524 0.269529 0.269533 0.269538 0.269542 0.269545 0.269549 0.269552 0.269554 0.269557 0.269559 0.26956 0.269561 0.269561 0.269561 0.269561 0.26956 0.269558 0.269556 0.269554 0.269551 0.269548 0.269545 
0.369985 0.369985 0.369985 0.369984 0.369983 0.369981 0.369978 0.369975 0.369971 0.369966 0.369961 0.369956 0.36995 0.369944 0.369938 0.369931 0.369924 0.369917 0.369911 0.369904 0.369897 0.369891 0.369885 0.369879 0.369874 0.369869 0.369864 0.36986 0.369857 0.369855 0.369853 0.369852 0.369851 0.369851 0.369852 0.369853 0.369856 0.369859 0.369862 0.369866 0.369871 0.369876 0.369881 0.369887 0.369893 0.3699 0.369906 0.369913 0.36992 0.369927 0.369933 0.36994 0.369946 0.369952 0.369958 0.369963 0.369968 0.369972 0.369976 0.369979 0.369982 0.369984 
0.463875 0.463884 0.463893 0.463901 0.463908 0.463915 0.463922 0.463927 0.463931 0.463935 0.463937 0.463939 0.463939 0.463939 0.463937 0.463935 0.463931 0.463927 0.463921 0.463915 0.463908 0.4639 0.463891 0.463882 0.463873 0.463863 0.463853 0.463843 0.463833 0.463823 0.463813 0.463803 0.463793 0.463785 0.463776 0.463769 0.463762 0.463756 0.46375 0.463746 0.463743 0.46374 0.463739 0.463738 0.463739 0.463741 0.463743 0.463747 0.463752 0.463757 0.463764 0.463771 0.463779 0.463787 0.463796 0.463805 0.463815 0.463825 0.463835 0.463845 0.463855 0.463865 
0.550332 0.550344 0.550357 0.550371 0.550385 0.5504 0.550415 0.55043 0.550444 0.550458 0.550472 0.550486 0.550498 0.55051 0.550521 0.55053 0.550539 0.550546 0.550552 0.550556 0.550559 0.55056 0.55056 0.550559 0.550556 0.550551 0.550545 0.550538 0.550529 0.55052 0.550509 0.550497 0.550484 0.550471 0.550457 0.550443 0.550428 0.550413 0.550398 0.550384 0.55037 0.550356 0.550342 0.55033 0.550318 0.550308 0.550298 0.55029 0.550283 0.550277 0.550273 0.55027 0.550269 0.550269 0.55027 0.550274 0.550278 0.550284 0.550292 0.5503 0.55031 0.55032 
0.628947 0.628951 0.628956 0.628963 0.628972 0.628982 0.628995 0.629009 0.629024 0.62904 0.629058 0.629076 0.629095 0.629114 0.629134 0.629154 0.629174 0.629193 0.629212 0.629231 0.629248 0.629264 0.629279 0.629293 0.629305 0.629315 0.629324 0.62933 0.629335 0.629338 0.629339 0.629338 0.629334 0.629329 0.629322 0.629313 0.629302 0.62929 0.629276 0.629261 0.629244 0.629227 0.629208 0.629189 0.62917 0.62915 0.62913 0.62911 0.629091 0.629072 0.629054 0.629036 0.62902 0.629005 0.628992 0.62898 0.62897 0.628961 0.628954 0.62895 0.628947 0.628946 
0.699569 0.699556 0.699544 0.699535 0.699528 0.699523 0.699521 0.699521 0.699524 0.699529 0.699536 0.699546 0.699558 0.699572 0.699588 0.699606 0.699625 0.699645 0.699667 0.69969 0.699713 0.699737 0.699761 0.699786 0.69981 0.699833 0.699855 0.699877 0.699898 0.699917 0.699934 0.69995 0.699963 0.699975 0.699984 0.699991 0.699996 0.699998 0.699998 0.699995 0.69999 0.699983 0.699973 0.699961 0.699947 0.699931 0.699913 0.699894 0.699873 0.699851 0.699828 0.699805 0.699781 0.699757 0.699732 0.699708 0.699685 0.699662 0.699641 0.699621 0.699602 0.699584 
0.76208 0.762054 0.76203 0.762007 0.761985 0.761964 0.761946 0.761929 0.761915 0.761903 0.761893 0.761886 0.761882 0.76188 0.761881 0.761884 0.76189 0.761899 0.76191 0.761924 0.761939 0.761957 0.761977 0.761998 0.762021 0.762045 0.76207 0.762096 0.762122 0.762148 0.762175 0.762201 0.762226 0.76225 0.762273 0.762295 0.762316 0.762334 0.762351 0.762365 0.762377 0.762387 0.762394 0.762398 0.7624 0.762399 0.762396 0.76239 0.762381 0.76237 0.762356 0.76234 0.762323 0.762303 0.762281 0.762258 0.762234 0.762209 0.762183 0.762157 0.762131 0.762105 
0.816328 0.816304 0.816279 0.816254 0.816229 0.816203 0.816178 0.816153 0.816129 0.816106 0.816084 0.816064 0.816046 0.816029 0.816015 0.816002 0.815993 0.815985 0.81598 0.815978 0.815978 0.815981 0.815986 0.815994 0.816004 0.816017 0.816031 0.816048 0.816067 0.816087 0.816109 0.816132 0.816156 0.81618 0.816206 0.816231 0.816257 0.816282 0.816306 0.81633 0.816353 0.816375 0.816395 0.816413 0.81643 0.816444 0.816456 0.816466 0.816474 0.816479 0.816481 0.816481 0.816478 0.816473 0.816465 0.816455 0.816442 0.816428 0.816411 0.816392 0.816372 0.81635 
0.86219 0.862178 0.862164 0.862148 0.862131 0.862113 0.862093 0.862073 0.862052 0.86203 0.862009 0.861987 0.861965 0.861944 0.861923 0.861904 0.861885 0.861868 0.861852 0.861837 0.861825 0.861814 0.861805 0.861799 0.861794 0.861792 0.861791 0.861794 0.861798 0.861804 0.861813 0.861823 0.861835 0.861849 0.861865 0.861882 0.8619 0.86192 0.86194 0.861961 0.861983 0.862004 0.862026 0.862048 0.862069 0.862089 0.862109 0.862127 0.862145 0.862161 0.862175 0.862187 0.862198 0.862207 0.862214 0.862218 0.862221 0.862221 0.862219 0.862215 0.862208 0.8622 
0.899625 0.899626 0.899627 0.899625 0.899622 0.899617 0.899611 0.899603 0.899593 0.899582 0.89957 0.899557 0.899543 0.899528 0.899513 0.899497 0.89948 0.899463 0.899447 0.89943 0.899414 0.899398 0.899383 0.899369 0.899356 0.899344 0.899333 0.899323 0.899315 0.899308 0.899303 0.8993 0.899298 0.899298 0.8993 0.899303 0.899308 0.899314 0.899322 0.899332 0.899343 0.899355 0.899368 0.899382 0.899397 0.899412 0.899429 0.899445 0.899462 0.899478 0.899495 0.899511 0.899526 0.899541 0.899555 0.899569 0.899581 0.899592 0.899601 0.899609 0.899616 0.899621 
0.928664 0.928675 0.928686 0.928696 0.928705 0.928713 0.92872 0.928725 0.928729 0.928732 0.928733 0.928733 0.928732 0.928729 0.928724 0.928719 0.928712 0.928704 0.928694 0.928684 0.928673 0.928661 0.928648 0.928635 0.928621 0.928607 0.928593 0.928579 0.928565 0.928552 0.928539 0.928526 0.928515 0.928504 0.928494 0.928485 0.928477 0.92847 0.928465 0.928461 0.928459 0.928457 0.928458 0.928459 0.928462 0.928467 0.928472 0.928479 0.928488 0.928497 0.928507 0.928518 0.92853 0.928543 0.928556 0.92857 0.928583 0.928597 0.928611 0.928625 0.928639 0.928651 
0.949364 0.94938 0.949396 0.949413 0.949429 0.949445 0.949461 0.949476 0.949491 0.949504 0.949517 0.949528 0.949539 0.949547 0.949555 0.94956 0.949565 0.949567 0.949568 0.949567 0.949565 0.94956 0.949555 0.949547 0.949539 0.949528 0.949517 0.949504 0.949491 0.949476 0.949461 0.949445 0.949429 0.949412 0.949396 0.949379 0.949363 0.949347 0.949332 0.949318 0.949304 0.949292 0.94928 0.94927 0.949262 0.949254 0.949249 0.949245 0.949242 0.949241 0.949242 0.949245 0.949249 0.949255 0.949262 0.949271 0.949281 0.949293 0.949305 0.949319 0.949333 0.949348 
0.961768 0.961785 0.961804 0.961823 0.961843 0.961863 0.961884 0.961904 0.961925 0.961945 0.961965 0.961984 0.962002 0.962019 0.962034 0.962048 0.96206 0.962071 0.96208 0.962087 0.962091 0.962094 0.962095 0.962093 0.96209 0.962084 0.962076 0.962067 0.962056 0.962043 0.962028 0.962012 0.961995 0.961976 0.961957 0.961937 0.961917 0.961896 0.961875 0.961854 0.961834 0.961815 0.961796 0.961778 0.961761 0.961746 0.961732 0.961719 0.961709 0.9617 0.961693 0.961689 0.961686 0.961685 0.961687 0.961691 0.961696 0.961704 0.961714 0.961725 0.961738 0.961752 
0.9659 0.965917 0.965936 0.965957 0.965978 0.966 0.966023 0.966046 0.966069 0.966092 0.966114 0.966136 0.966157 0.966177 0.966195 0.966212 0.966228 0.966241 0.966253 0.966263 0.96627 0.966276 0.966279 0.966279 0.966277 0.966273 0.966267 0.966259 0.966248 0.966235 0.966221 0.966205 0.966187 0.966167 0.966147 0.966126 0.966103 0.966081 0.966058 0.966035 0.966012 0.965989 0.965967 0.965946 0.965927 0.965908 0.965891 0.965875 0.965862 0.96585 0.965841 0.965833 0.965828 0.965825 0.965825 0.965827 0.965831 0.965837 0.965846 0.965856 0.965869 0.965883 
0.961765 0.961784 0.961804 0.961826 0.961847 0.96187 0.961892 0.961915 0.961937 0.961959 0.96198 0.962 0.962019 0.962036 0.962053 0.962067 0.96208 0.962091 0.962099 0.962106 0.96211 0.962112 0.962112 0.96211 0.962105 0.962098 0.962089 0.962078 0.962065 0.96205 0.962033 0.962015 0.961996 0.961976 0.961955 0.961933 0.96191 0.961888 0.961865 0.961843 0.961821 0.9618 0.96178 0.961761 0.961743 0.961727 0.961713 0.9617 0.961689 0.961681 0.961674 0.96167 0.961668 0.961668 0.961671 0.961676 0.961683 0.961692 0.961703 0.961716 0.961731 0.961747 
0.949363 0.949384 0.949404 0.949425 0.949445 0.949465 0.949484 0.949503 0.94952 0.949537 0.949551 0.949565 0.949577 0.949587 0.949595 0.949601 0.949606 0.949608 0.949608 0.949606 0.949602 0.949596 0.949588 0.949578 0.949566 0.949552 0.949538 0.949521 0.949504 0.949485 0.949466 0.949446 0.949426 0.949405 0.949384 0.949364 0.949344 0.949325 0.949306 0.949289 0.949272 0.949257 0.949244 0.949232 0.949222 0.949214 0.949208 0.949204 0.949202 0.949202 0.949204 0.949208 0.949214 0.949222 0.949233 0.949244 0.949258 0.949273 0.949289 0.949306 0.949325 0.949344 
0.928679 0.928697 0.928714 0.928729 0.928744 0.928757 0.928768 0.928777 0.928785 0.928791 0.928794 0.928796 0.928795 0.928793 0.928788 0.928782 0.928773 0.928763 0.928751 0.928738 0.928722 0.928706 0.928689 0.92867 0.928651 0.928631 0.928611 0.928591 0.92857 0.92855 0.928531 0.928512 0.928494 0.928477 0.928461 0.928447 0.928434 0.928423 0.928413 0.928406 0.9284 0.928397 0.928395 0.928396 0.928398 0.928403 0.92841 0.928418 0.928429 0.928441 0.928454 0.928469 0.928486 0.928503 0.928522 0.928541 0.928561 0.928581 0.928601 0.928621 0.928641 0.92866 
0.899672 0.899681 0.899688 0.899693 0.899695 0.899695 0.899692 0.899687 0.89968 0.89967 0.899659 0.899645 0.899629 0.899612 0.899593 0.899573 0.899552 0.89953 0.899507 0.899484 0.89946 0.899436 0.899413 0.89939 0.899368 0.899347 0.899327 0.899309 0.899292 0.899277 0.899264 0.899253 0.899244 0.899237 0.899232 0.89923 0.899231 0.899233 0.899238 0.899246 0.899255 0.899267 0.899281 0.899296 0.899314 0.899333 0.899353 0.899374 0.899396 0.899419 0.899442 0.899466 0.899489 0.899513 0.899535 0.899557 0.899578 0.899598 0.899616 0.899633 0.899648 0.899661 
0.862282 0.862275 0.862266 0.862254 0.862239 0.862222 0.862203 0.862182 0.862159 0.862134 0.862108 0.862081 0.862054 0.862025 0.861997 0.861969 0.861941 0.861914 0.861887 0.861862 0.861839 0.861817 0.861797 0.861779 0.861764 0.861751 0.861741 0.861733 0.861728 0.861727 0.861728 0.861732 0.861738 0.861748 0.86176 0.861775 0.861792 0.861811 0.861832 0.861855 0.86188 0.861906 0.861933 0.86196 0.861989 0.862017 0.862045 0.862073 0.8621 0.862126 0.862151 0.862175 0.862196 0.862216 0.862234 0.862249 0.862262 0.862272 0.86228 0.862285 0.862286 0.862285 
0.816453 0.816429 0.816404 0.816376 0.816347 0.816317 0.816286 0.816254 0.816222 0.81619 0.816159 0.816128 0.816098 0.81607 0.816043 0.816019 0.815996 0.815976 0.815958 0.815944 0.815932 0.815923 0.815917 0.815915 0.815916 0.81592 0.815927 0.815938 0.815951 0.815967 0.815986 0.816008 0.816031 0.816057 0.816084 0.816113 0.816144 0.816175 0.816206 0.816238 0.81627 0.816301 0.816332 0.816362 0.81639 0.816417 0.816441 0.816464 0.816484 0.816501 0.816516 0.816528 0.816536 0.816542 0.816544 0.816544 0.816539 0.816532 0.816522 0.816508 0.816492 0.816474 
0.762195 0.762162 0.76213 0.762097 0.762065 0.762034 0.762004 0.761975 0.761948 0.761923 0.7619 0.761879 0.761862 0.761847 0.761835 0.761826 0.761821 0.761818 0.76182 0.761824 0.761832 0.761842 0.761856 0.761873 0.761893 0.761915 0.761939 0.761966 0.761994 0.762024 0.762054 0.762086 0.762119 0.762151 0.762184 0.762216 0.762247 0.762277 0.762306 0.762333 0.762358 0.762381 0.762401 0.762419 0.762434 0.762446 0.762455 0.76246 0.762462 0.762461 0.762456 0.762449 0.762438 0.762424 0.762407 0.762387 0.762365 0.762341 0.762314 0.762286 0.762256 0.762226 
0.699618 0.699593 0.699569 0.699546 0.699526 0.699509 0.699494 0.699481 0.699472 0.699466 0.699462 0.699462 0.699464 0.69947 0.699479 0.69949 0.699504 0.699521 0.699541 0.699562 0.699586 0.699611 0.699638 0.699666 0.699696 0.699725 0.699756 0.699786 0.699816 0.699845 0.699874 0.699901 0.699927 0.699951 0.699973 0.699993 0.700011 0.700026 0.700038 0.700048 0.700054 0.700058 0.700058 0.700055 0.70005 0.700041 0.700029 0.700015 0.699998 0.699978 0.699957 0.699933 0.699907 0.69988 0.699852 0.699823 0.699793 0.699763 0.699732 0.699702 0.699673 0.699645 
0.628907 0.628899 0.628894 0.628892 0.628892 0.628894 0.6289 0.628907 0.628917 0.62893 0.628944 0.628961 0.628979 0.628999 0.629021 0.629044 0.629068 0.629092 0.629117 0.629143 0.629168 0.629193 0.629218 0.629242 0.629265 0.629286 0.629306 0.629325 0.629341 0.629356 0.629368 0.629378 0.629386 0.629391 0.629394 0.629394 0.629391 0.629386 0.629378 0.629368 0.629355 0.629341 0.629324 0.629306 0.629285 0.629264 0.629241 0.629217 0.629192 0.629167 0.629141 0.629116 0.629091 0.629066 0.629042 0.629019 0.628998 0.628978 0.62896 0.628943 0.628929 0.628917 
0.550241 0.55025 0.550261 0.550274 0.550288 0.550303 0.550319 0.550337 0.550355 0.550373 0.550393 0.550412 0.550431 0.550451 0.55047 0.550488 0.550505 0.550522 0.550538 0.550552 0.550565 0.550576 0.550586 0.550594 0.5506 0.550604 0.550606 0.550606 0.550605 0.550601 0.550595 0.550588 0.550579 0.550568 0.550555 0.550541 0.550526 0.550509 0.550492 0.550474 0.550455 0.550435 0.550416 0.550396 0.550377 0.550358 0.55034 0.550322 0.550306 0.55029 0.550276 0.550263 0.550252 0.550243 0.550235 0.550229 0.550225 0.550223 0.550223 0.550225 0.550228 0.550234 
0.463807 0.46382 0.463833 0.463847 0.46386 0.463874 0.463886 0.463899 0.463911 0.463922 0.463932 0.463941 0.463949 0.463956 0.463962 0.463967 0.46397 0.463972 0.463973 0.463972 0.46397 0.463966 0.463961 0.463955 0.463948 0.46394 0.46393 0.46392 0.463908 0.463896 0.463884 0.463871 0.463857 0.463844 0.46383 0.463817 0.463804 0.463791 0.463778 0.463766 0.463755 0.463745 0.463736 0.463728 0.463721 0.463715 0.463711 0.463707 0.463706 0.463705 0.463706 0.463708 0.463712 0.463717 0.463723 0.46373 0.463739 0.463748 0.463759 0.46377 0.463782 0.463794 
0.369977 0.369983 0.369988 0.369993 0.369997 0.37 0.370002 0.370004 0.370005 0.370004 0.370003 0.370001 0.369998 0.369995 0.36999 0.369985 0.369979 0.369973 0.369966 0.369958 0.36995 0.369942 0.369933 0.369924 0.369916 0.369907 0.369898 0.36989 0.369882 0.369874 0.369866 0.36986 0.369854 0.369848 0.369843 0.369839 0.369836 0.369834 0.369832 0.369832 0.369832 0.369833 0.369835 0.369838 0.369842 0.369847 0.369852 0.369858 0.369864 0.369872 0.369879 0.369887 0.369896 0.369904 0.369913 0.369922 0.36993 0.369939 0.369947 0.369955 0.369963 0.36997 
0.269568 0.269567 0.269565 0.269562 0.269559 0.269555 0.269551 0.269547 0.269542 0.269537 0.269532 0.269527 0.269521 0.269516 0.26951 0.269505 0.269499 0.269494 0.269489 0.269484 0.269479 0.269475 0.269471 0.269468 0.269465 0.269463 0.269461 0.26946 0.269459 0.269459 0.26946 0.269461 0.269462 0.269465 0.269467 0.26947 0.269474 0.269478 0.269482 0.269487 0.269492 0.269497 0.269503 0.269508 0.269514 0.26952 0.269525 0.269531 0.269536 0.269541 0.269546 0.26955 0.269554 0.269558 0.269561 0.269564 0.269566 0.269568 0.269569 0.26957 0.26957 0.269569 
0.163966 0.163962 0.163959 0.163955 0.163951 0.163948 0.163944 0.163941 0.163937 0.163934 0.163931 0.163928 0.163925 0.163923 0.163921 0.163919 0.163918 0.163917 0.163916 0.163916 0.163916 0.163916 0.163917 0.163918 0.16392 0.163922 0.163924 0.163926 0.163929 0.163932 0.163935 0.163938 0.163942 0.163946 0.163949 0.163953 0.163957 0.16396 0.163964 0.163967 0.16397 0.163974 0.163976 0.163979 0.163981 0.163983 0.163985 0.163986 0.163987 0.163988 0.163988 0.163988 0.163988 0.163987 0.163986 0.163984 0.163982 0.16398 0.163978 0.163975 0.163972 0.163969 
0.0550367 0.0550353 0.0550339 0.0550325 0.0550312 0.0550299 0.0550288 0.0550277 0.0550268 0.055026 0.0550253 0.0550248 0.0550244 0.0550241 0.055024 0.0550241 0.0550243 0.0550246 0.0550252 0.0550258 0.0550266 0.0550275 0.0550285 0.0550297 0.0550309 0.0550322 0.0550336 0.0550351 0.0550366 0.0550381 0.0550396 0.0550411 0.0550426 0.055044 0.0550454 0.0550467 0.055048 0.0550491 0.0550502 0.0550511 0.0550519 0.0550526 0.0550531 0.0550535 0.0550538 0.0550538 0.0550538 0.0550536 0.0550532 0.0550527 0.055052 0.0550512 0.0550503 0.0550492 0.0550481 0.0550469 0.0550455 0.0550441 0.0550427 0.0550412 0.0550397 0.0550382 
