0.0537367 0.0537367 0.0537367 0.0537367 0.0537366 0.0537365 0.0537363 0.0537361 0.0537359 0.0537357 0.0537354 0.0537351 0.0537348 0.0537344 0.0537341 0.0537337 0.0537334 0.053733 0.0537326 0.0537322 0.0537319 0.0537315 0.0537312 0.0537309 0.0537306 0.0537303 0.0537301 0.0537298 0.0537297 0.0537295 0.0537294 0.0537293 0.0537293 0.0537293 0.0537294 0.0537294 0.0537296 0.0537297 0.0537299 0.0537301 0.0537304 0.0537306 0.0537309 0.0537313 0.0537316 0.0537319 0.0537323 0.0537327 0.0537331 0.0537334 0.0537338 0.0537342 0.0537345 0.0537348 0.0537352 0.0537355 0.0537357 0.053736 0.0537362 0.0537364 0.0537365 0.0537366 
0.160187 0.160187 0.160188 0.160188 0.160188 0.160188 0.160188 0.160188 0.160188 0.160187 0.160187 0.160186 0.160185 0.160184 0.160183 0.160182 0.160181 0.16018 0.160179 0.160178 0.160176 0.160175 0.160174 0.160173 0.160171 0.16017 0.160169 0.160168 0.160167 0.160166 0.160165 0.160165 0.160164 0.160164 0.160163 0.160163 0.160163 0.160163 0.160163 0.160164 0.160164 0.160165 0.160165 0.160166 0.160167 0.160168 0.160169 0.16017 0.160171 0.160173 0.160174 0.160175 0.160176 0.160178 0.160179 0.16018 0.160181 0.160182 0.160183 0.160184 0.160185 0.160186 
0.26365 0.263652 0.263654 0.263656 0.263658 0.263659 0.263661 0.263662 0.263663 0.263664 0.263665 0.263665 0.263666 0.263666 0.263666 0.263665 0.263665 0.263664 0.263663 0.263662 0.263661 0.26366 0.263658 0.263657 0.263655 0.263653 0.263651 0.263649 0.263647 0.263645 0.263643 0.263641 0.263639 0.263637 0.263635 0.263633 0.263632 0.26363 0.263629 0.263628 0.263627 0.263626 0.263626 0.263625 0.263625 0.263625 0.263626 0.263626 0.263627 0.263628 0.263629 0.26363 0.263631 0.263633 0.263635 0.263636 0.263638 0.26364 0.263642 0.263644 0.263646 0.263648 
0.362438 0.36244 0.362442 0.362444 0.362446 0.362449 0.362452 0.362454 0.362457 0.36246 0.362462 0.362465 0.362468 0.36247 0.362472 0.362474 0.362476 0.362478 0.36248 0.362481 0.362482 0.362483 0.362484 0.362484 0.362484 0.362484 0.362483 0.362483 0.362482 0.36248 0.362479 0.362477 0.362475 0.362473 0.362471 0.362468 0.362465 0.362463 0.36246 0.362457 0.362455 0.362452 0.362449 0.362447 0.362444 0.362442 0.36244 0.362438 0.362436 0.362434 0.362433 0.362432 0.362431 0.362431 0.36243 0.36243 0.362431 0.362431 0.362432 0.362433 0.362434 0.362436 
0.455257 0.455255 0.455254 0.455254 0.455253 0.455253 0.455253 0.455254 0.455254 0.455256 0.455257 0.455259 0.455261 0.455263 0.455266 0.455269 0.455271 0.455275 0.455278 0.455281 0.455284 0.455288 0.455291 0.455294 0.455298 0.455301 0.455304 0.455307 0.455309 0.455311 0.455313 0.455315 0.455317 0.455318 0.455319 0.455319 0.455319 0.455319 0.455319 0.455318 0.455317 0.455315 0.455313 0.455311 0.455309 0.455306 0.455303 0.4553 0.455297 0.455294 0.455291 0.455287 0.455284 0.455281 0.455277 0.455274 0.455271 0.455268 0.455265 0.455263 0.455261 0.455259 
0.541197 0.541192 0.541187 0.541182 0.541177 0.541172 0.541168 0.541163 0.541159 0.541155 0.541151 0.541147 0.541144 0.541141 0.541139 0.541137 0.541136 0.541135 0.541135 0.541135 0.541135 0.541136 0.541138 0.54114 0.541142 0.541145 0.541149 0.541152 0.541156 0.541161 0.541165 0.54117 0.541175 0.541179 0.541184 0.541189 0.541194 0.541199 0.541204 0.541208 0.541212 0.541216 0.541219 0.541222 0.541225 0.541227 0.541229 0.54123 0.541231 0.541232 0.541231 0.541231 0.54123 0.541228 0.541226 0.541223 0.541221 0.541217 0.541214 0.54121 0.541205 0.541201 
0.619606 0.619605 0.619602 0.619599 0.619595 0.61959 0.619585 0.619579 0.619572 0.619565 0.619558 0.61955 0.619542 0.619534 0.619526 0.619518 0.61951 0.619502 0.619495 0.619487 0.619481 0.619474 0.619468 0.619463 0.619459 0.619455 0.619452 0.619449 0.619448 0.619447 0.619447 0.619448 0.61945 0.619452 0.619456 0.61946 0.619465 0.61947 0.619476 0.619483 0.619489 0.619497 0.619505 0.619512 0.619521 0.619529 0.619537 0.619545 0.619553 0.61956 0.619567 0.619574 0.61958 0.619586 0.619591 0.619596 0.6196 0.619603 0.619605 0.619607 0.619607 0.619607 
0.690034 0.690042 0.690048 0.690054 0.690058 0.690062 0.690064 0.690065 0.690064 0.690063 0.69006 0.690056 0.690051 0.690045 0.690037 0.690029 0.69002 0.69001 0.69 0.689989 0.689977 0.689965 0.689953 0.689941 0.689929 0.689917 0.689906 0.689894 0.689884 0.689873 0.689864 0.689856 0.689848 0.689841 0.689836 0.689832 0.689828 0.689826 0.689826 0.689826 0.689828 0.689831 0.689835 0.68984 0.689846 0.689853 0.689862 0.689871 0.689881 0.689891 0.689902 0.689914 0.689926 0.689938 0.68995 0.689962 0.689974 0.689985 0.689996 0.690007 0.690017 0.690026 
0.752244 0.752259 0.752274 0.752289 0.752302 0.752316 0.752328 0.752339 0.752349 0.752358 0.752366 0.752372 0.752377 0.752381 0.752382 0.752383 0.752381 0.752378 0.752374 0.752368 0.752361 0.752352 0.752342 0.752331 0.752319 0.752306 0.752292 0.752278 0.752263 0.752248 0.752232 0.752217 0.752202 0.752187 0.752172 0.752158 0.752145 0.752133 0.752121 0.752111 0.752102 0.752095 0.752088 0.752084 0.752081 0.752079 0.752079 0.75208 0.752083 0.752088 0.752094 0.752101 0.75211 0.75212 0.752131 0.752143 0.752156 0.75217 0.752184 0.752199 0.752214 0.752229 
0.806188 0.806202 0.806217 0.806233 0.806249 0.806266 0.806282 0.806299 0.806315 0.806331 0.806347 0.806361 0.806375 0.806388 0.8064 0.806411 0.80642 0.806427 0.806434 0.806438 0.806441 0.806442 0.806442 0.80644 0.806436 0.806431 0.806424 0.806415 0.806405 0.806394 0.806382 0.806368 0.806354 0.806339 0.806323 0.806307 0.80629 0.806273 0.806257 0.80624 0.806224 0.806209 0.806194 0.80618 0.806167 0.806156 0.806145 0.806136 0.806128 0.806122 0.806118 0.806115 0.806114 0.806114 0.806117 0.80612 0.806126 0.806133 0.806141 0.806151 0.806162 0.806175 
0.851897 0.851903 0.851911 0.851919 0.851929 0.85194 0.851952 0.851965 0.851978 0.851993 0.852007 0.852022 0.852037 0.852053 0.852068 0.852082 0.852097 0.85211 0.852123 0.852135 0.852146 0.852156 0.852165 0.852172 0.852178 0.852183 0.852186 0.852187 0.852187 0.852186 0.852183 0.852178 0.852172 0.852165 0.852156 0.852146 0.852135 0.852123 0.85211 0.852097 0.852082 0.852068 0.852052 0.852037 0.852022 0.852007 0.851992 0.851978 0.851964 0.851952 0.85194 0.851929 0.851919 0.85191 0.851903 0.851897 0.851893 0.85189 0.851888 0.851888 0.85189 0.851893 
0.889381 0.889377 0.889375 0.889374 0.889374 0.889375 0.889378 0.889381 0.889386 0.889391 0.889398 0.889406 0.889414 0.889423 0.889433 0.889443 0.889454 0.889465 0.889477 0.889488 0.8895 0.889511 0.889522 0.889533 0.889543 0.889553 0.889562 0.88957 0.889578 0.889584 0.88959 0.889594 0.889598 0.8896 0.889601 0.889601 0.889599 0.889597 0.889594 0.889589 0.889583 0.889577 0.889569 0.889561 0.889551 0.889541 0.889531 0.88952 0.889509 0.889498 0.889486 0.889475 0.889463 0.889452 0.889441 0.889431 0.889421 0.889412 0.889404 0.889397 0.88939 0.889385 
0.918599 0.918591 0.918583 0.918575 0.918568 0.918561 0.918555 0.918549 0.918544 0.91854 0.918537 0.918535 0.918533 0.918532 0.918533 0.918534 0.918536 0.918538 0.918542 0.918546 0.918552 0.918557 0.918564 0.918571 0.918578 0.918586 0.918595 0.918603 0.918612 0.91862 0.918629 0.918638 0.918646 0.918654 0.918662 0.918669 0.918676 0.918682 0.918688 0.918692 0.918697 0.9187 0.918702 0.918704 0.918704 0.918704 0.918703 0.918701 0.918698 0.918695 0.91869 0.918685 0.918679 0.918673 0.918666 0.918658 0.91865 0.918642 0.918633 0.918625 0.918616 0.918607 
0.939501 0.939492 0.939483 0.939473 0.939463 0.939452 0.939441 0.93943 0.939419 0.939408 0.939397 0.939387 0.939377 0.939367 0.939358 0.93935 0.939342 0.939336 0.93933 0.939326 0.939322 0.939319 0.939318 0.939318 0.939318 0.93932 0.939323 0.939328 0.939333 0.939339 0.939346 0.939354 0.939362 0.939371 0.939381 0.939392 0.939402 0.939413 0.939424 0.939435 0.939446 0.939457 0.939468 0.939478 0.939487 0.939496 0.939505 0.939512 0.939519 0.939524 0.939529 0.939532 0.939535 0.939536 0.939537 0.939536 0.939534 0.939531 0.939527 0.939521 0.939515 0.939508 
0.952052 0.952045 0.952037 0.952028 0.952017 0.952006 0.951993 0.951979 0.951965 0.951951 0.951935 0.95192 0.951905 0.951889 0.951874 0.951859 0.951845 0.951832 0.951819 0.951807 0.951797 0.951787 0.951779 0.951773 0.951767 0.951763 0.951761 0.95176 0.951761 0.951764 0.951768 0.951773 0.95178 0.951788 0.951798 0.951808 0.95182 0.951833 0.951846 0.95186 0.951875 0.95189 0.951906 0.951921 0.951936 0.951952 0.951966 0.95198 0.951994 0.952006 0.952018 0.952029 0.952038 0.952046 0.952053 0.952058 0.952062 0.952064 0.952065 0.952064 0.952062 0.952058 
0.956242 0.956236 0.956227 0.956218 0.956207 0.956194 0.956181 0.956166 0.95615 0.956134 0.956116 0.956099 0.956081 0.956063 0.956045 0.956028 0.956011 0.955994 0.955979 0.955964 0.955951 0.955939 0.955928 0.955919 0.955911 0.955905 0.955901 0.955899 0.955898 0.955899 0.955902 0.955907 0.955914 0.955922 0.955932 0.955943 0.955955 0.955969 0.955984 0.956 0.956016 0.956033 0.956051 0.956069 0.956087 0.956104 0.956122 0.956139 0.956155 0.95617 0.956185 0.956198 0.95621 0.956221 0.95623 0.956238 0.956244 0.956248 0.95625 0.956251 0.95625 0.956247 
0.952066 0.952057 0.952047 0.952035 0.952022 0.952008 0.951993 0.951977 0.95196 0.951943 0.951925 0.951908 0.95189 0.951873 0.951856 0.95184 0.951824 0.951809 0.951796 0.951783 0.951772 0.951763 0.951755 0.951748 0.951743 0.95174 0.951739 0.95174 0.951742 0.951746 0.951752 0.95176 0.951769 0.951779 0.951791 0.951804 0.951818 0.951834 0.95185 0.951866 0.951883 0.951901 0.951918 0.951936 0.951953 0.95197 0.951986 0.952002 0.952016 0.95203 0.952042 0.952053 0.952063 0.952071 0.952077 0.952082 0.952085 0.952086 0.952086 0.952083 0.952079 0.952074 
0.939521 0.939508 0.939494 0.939479 0.939464 0.939448 0.939432 0.939416 0.9394 0.939385 0.93937 0.939355 0.939341 0.939328 0.939316 0.939306 0.939296 0.939288 0.939281 0.939276 0.939273 0.939271 0.93927 0.939271 0.939274 0.939278 0.939284 0.939292 0.9393 0.939311 0.939322 0.939334 0.939347 0.939362 0.939376 0.939392 0.939407 0.939423 0.939439 0.939455 0.93947 0.939486 0.9395 0.939514 0.939527 0.939538 0.939549 0.939559 0.939567 0.939573 0.939578 0.939582 0.939584 0.939584 0.939583 0.93958 0.939576 0.93957 0.939563 0.939554 0.939544 0.939533 
0.918609 0.918593 0.918578 0.918563 0.918548 0.918534 0.918521 0.91851 0.918499 0.918489 0.918481 0.918474 0.918469 0.918465 0.918463 0.918462 0.918463 0.918466 0.91847 0.918476 0.918483 0.918491 0.918501 0.918512 0.918524 0.918538 0.918551 0.918566 0.918581 0.918597 0.918613 0.918629 0.918644 0.91866 0.918675 0.918689 0.918703 0.918716 0.918728 0.918739 0.918748 0.918757 0.918763 0.918769 0.918772 0.918775 0.918775 0.918774 0.918772 0.918767 0.918762 0.918754 0.918746 0.918736 0.918725 0.918713 0.918699 0.918685 0.918671 0.918656 0.91864 0.918624 
0.889358 0.889346 0.889335 0.889326 0.889318 0.889312 0.889308 0.889306 0.889305 0.889307 0.88931 0.889315 0.889322 0.889331 0.889341 0.889353 0.889366 0.88938 0.889396 0.889412 0.88943 0.889447 0.889466 0.889484 0.889502 0.889521 0.889539 0.889556 0.889573 0.889589 0.889604 0.889617 0.88963 0.889641 0.88965 0.889658 0.889663 0.889668 0.88967 0.88967 0.889669 0.889665 0.88966 0.889653 0.889644 0.889634 0.889622 0.889609 0.889595 0.889579 0.889563 0.889545 0.889528 0.889509 0.889491 0.889472 0.889454 0.889436 0.889419 0.889402 0.889386 0.889371 
0.851828 0.851826 0.851827 0.851829 0.851834 0.851841 0.85185 0.851861 0.851873 0.851888 0.851904 0.851921 0.851939 0.851959 0.851979 0.852 0.852022 0.852043 0.852064 0.852086 0.852106 0.852126 0.852145 0.852163 0.85218 0.852195 0.852209 0.852221 0.852231 0.852239 0.852244 0.852248 0.85225 0.852249 0.852247 0.852242 0.852235 0.852226 0.852215 0.852202 0.852188 0.852172 0.852155 0.852136 0.852116 0.852096 0.852075 0.852054 0.852032 0.852011 0.85199 0.851969 0.851949 0.85193 0.851912 0.851895 0.85188 0.851867 0.851855 0.851845 0.851837 0.851831 
0.806084 0.806095 0.806109 0.806125 0.806142 0.80616 0.80618 0.8062 0.806222 0.806244 0.806267 0.806289 0.806312 0.806334 0.806355 0.806376 0.806396 0.806414 0.806431 0.806447 0.806461 0.806473 0.806483 0.806491 0.806496 0.8065 0.806501 0.8065 0.806497 0.806491 0.806483 0.806473 0.806461 0.806447 0.806432 0.806415 0.806396 0.806376 0.806356 0.806334 0.806312 0.806289 0.806267 0.806244 0.806222 0.806201 0.80618 0.80616 0.806142 0.806125 0.806109 0.806095 0.806083 0.806074 0.806066 0.80606 0.806057 0.806056 0.806057 0.80606 0.806066 0.806074 
0.752151 0.75217 0.75219 0.752211 0.752232 0.752253 0.752274 0.752294 0.752313 0.752332 0.75235 0.752366 0.752382 0.752395 0.752407 0.752417 0.752425 0.752431 0.752436 0.752438 0.752437 0.752435 0.752431 0.752424 0.752416 0.752406 0.752393 0.75238 0.752364 0.752348 0.75233 0.752311 0.752291 0.752271 0.75225 0.752229 0.752208 0.752187 0.752167 0.752147 0.752129 0.752111 0.752094 0.752079 0.752066 0.752054 0.752044 0.752036 0.75203 0.752026 0.752024 0.752025 0.752027 0.752031 0.752038 0.752046 0.752057 0.752069 0.752083 0.752098 0.752115 0.752132 
0.690001 0.690017 0.690032 0.690046 0.69006 0.690072 0.690082 0.690092 0.6901 0.690106 0.690111 0.690113 0.690115 0.690114 0.690112 0.690108 0.690102 0.690095 0.690086 0.690076 0.690064 0.690051 0.690037 0.690023 0.690007 0.689991 0.689974 0.689957 0.68994 0.689922 0.689905 0.689889 0.689873 0.689858 0.689844 0.68983 0.689818 0.689808 0.689798 0.689791 0.689784 0.68978 0.689777 0.689776 0.689777 0.689779 0.689783 0.689789 0.689796 0.689805 0.689815 0.689827 0.68984 0.689854 0.689869 0.689885 0.689901 0.689918 0.689935 0.689952 0.689969 0.689985 
0.61964 0.619644 0.619647 0.619649 0.61965 0.619649 0.619647 0.619644 0.619639 0.619634 0.619627 0.61962 0.619611 0.619602 0.619591 0.61958 0.619569 0.619557 0.619545 0.619533 0.61952 0.619508 0.619496 0.619484 0.619473 0.619462 0.619452 0.619442 0.619434 0.619426 0.61942 0.619414 0.61941 0.619407 0.619406 0.619405 0.619406 0.619408 0.619411 0.619415 0.619421 0.619428 0.619435 0.619444 0.619454 0.619464 0.619475 0.619486 0.619498 0.61951 0.619523 0.619535 0.619547 0.619559 0.619571 0.619582 0.619593 0.619603 0.619613 0.619621 0.619628 0.619635 
0.541249 0.541245 0.541239 0.541233 0.541227 0.54122 0.541213 0.541205 0.541197 0.541189 0.541181 0.541173 0.541165 0.541158 0.54115 0.541143 0.541136 0.54113 0.541124 0.541119 0.541115 0.541111 0.541108 0.541106 0.541104 0.541104 0.541104 0.541105 0.541107 0.54111 0.541113 0.541117 0.541122 0.541127 0.541133 0.54114 0.541147 0.541154 0.541162 0.541169 0.541177 0.541185 0.541194 0.541201 0.541209 0.541217 0.541224 0.54123 0.541237 0.541242 0.541247 0.541252 0.541255 0.541258 0.54126 0.541262 0.541262 0.541262 0.541261 0.541259 0.541257 0.541253 
0.455278 0.455273 0.455268 0.455263 0.455259 0.455255 0.455251 0.455248 0.455245 0.455242 0.45524 0.455238 0.455237 0.455236 0.455236 0.455236 0.455237 0.455239 0.45524 0.455243 0.455245 0.455249 0.455252 0.455256 0.45526 0.455265 0.455269 0.455274 0.455279 0.455284 0.455289 0.455295 0.455299 0.455304 0.455309 0.455313 0.455318 0.455321 0.455325 0.455328 0.45533 0.455333 0.455334 0.455335 0.455336 0.455336 0.455336 0.455335 0.455334 0.455332 0.455329 0.455327 0.455323 0.45532 0.455316 0.455312 0.455307 0.455302 0.455297 0.455292 0.455287 0.455282 
0.362423 0.362423 0.362423 0.362423 0.362424 0.362425 0.362426 0.362428 0.36243 0.362432 0.362435 0.362437 0.36244 0.362443 0.362447 0.36245 0.362453 0.362457 0.36246 0.362464 0.362467 0.362471 0.362474 0.362477 0.362479 0.362482 0.362484 0.362486 0.362488 0.36249 0.362491 0.362491 0.362492 0.362492 0.362491 0.362491 0.36249 0.362488 0.362487 0.362485 0.362482 0.36248 0.362477 0.362474 0.362471 0.362468 0.362464 0.362461 0.362457 0.362454 0.36245 0.362447 0.362444 0.36244 0.362438 0.362435 0.362432 0.36243 0.362428 0.362426 0.362425 0.362424 
0.263632 0.263634 0.263636 0.263639 0.263641 0.263644 0.263646 0.263649 0.263651 0.263654 0.263656 0.263658 0.263661 0.263663 0.263664 0.263666 0.263667 0.263668 0.263669 0.26367 0.263671 0.263671 0.263671 0.26367 0.26367 0.263669 0.263668 0.263667 0.263665 0.263663 0.263661 0.263659 0.263657 0.263655 0.263652 0.26365 0.263647 0.263645 0.263642 0.26364 0.263637 0.263635 0.263633 0.26363 0.263628 0.263627 0.263625 0.263624 0.263622 0.263621 0.263621 0.26362 0.26362 0.26362 0.263621 0.263621 0.263622 0.263623 0.263624 0.263626 0.263628 0.26363 
0.160181 0.160183 0.160184 0.160186 0.160187 0.160188 0.160189 0.16019 0.160191 0.160192 0.160192 0.160193 0.160193 0.160193 0.160193 0.160192 0.160192 0.160191 0.16019 0.160189 0.160188 0.160187 0.160185 0.160184 0.160182 0.160181 0.160179 0.160177 0.160176 0.160174 0.160172 0.16017 0.160169 0.160167 0.160166 0.160164 0.160163 0.160162 0.160161 0.16016 0.160159 0.160159 0.160159 0.160158 0.160158 0.160159 0.160159 0.16016 0.16016 0.160161 0.160162 0.160163 0.160165 0.160166 0.160167 0.160169 0.160171 0.160172 0.160174 0.160176 0.160178 0.160179 
0.0537372 0.0537376 0.053738 0.0537384 0.0537387 0.0537389 0.0537391 0.0537393 0.0537393 0.0537393 0.0537393 0.0537391 0.053739 0.0537387 0.0537384 0.053738 0.0537376 0.0537372 0.0537367 0.0537361 0.0537355 0.0537349 0.0537343 0.0537337 0.053733 0.0537324 0.0537318 0.0537311 0.0537305 0.0537299 0.0537294 0.0537289 0.0537284 0.053728 0.0537276 0.0537273 0.0537271 0.0537269 0.0537267 0.0537267 0.0537267 0.0537267 0.0537269 0.053727 0.0537273 0.0537276 0.053728 0.0537284 0.0537289 0.0537294 0.0537299 0.0537305 0.0537311 0.0537317 0.0537323 0.053733 0.0537336 0.0537343 0.0537349 0.0537355 0.0537361 0.0537367 
