0.0529064 0.0529065 0.0529065 0.0529065 0.0529066 0.0529066 0.0529066 0.0529066 0.0529066 0.0529066 0.0529066 0.0529066 0.0529065 0.0529065 0.0529065 0.0529065 0.0529064 0.0529064 0.0529064 0.0529063 0.0529063 0.0529062 0.0529062 0.0529061 0.0529061 0.052906 0.052906 0.0529059 0.0529059 0.0529058 0.0529058 0.0529058 0.0529057 0.0529057 0.0529057 0.0529056 0.0529056 0.0529056 0.0529056 0.0529056 0.0529056 0.0529056 0.0529056 0.0529056 0.0529056 0.0529056 0.0529057 0.0529057 0.0529057 0.0529058 0.0529058 0.0529059 0.0529059 0.052906 0.052906 0.0529061 0.0529061 0.0529062 0.0529062 0.0529063 0.0529063 0.0529064 
0.157766 0.157766 0.157766 0.157767 0.157767 0.157767 0.157768 0.157768 0.157769 0.157769 0.157769 0.15777 0.15777 0.15777 0.157771 0.157771 0.157771 0.157771 0.157771 0.157772 0.157772 0.157772 0.157772 0.157772 0.157772 0.157771 0.157771 0.157771 0.157771 0.157771 0.15777 0.15777 0.15777 0.157769 0.157769 0.157769 0.157768 0.157768 0.157768 0.157767 0.157767 0.157766 0.157766 0.157766 0.157765 0.157765 0.157765 0.157765 0.157764 0.157764 0.157764 0.157764 0.157764 0.157764 0.157764 0.157764 0.157764 0.157764 0.157765 0.157765 0.157765 0.157765 
0.259848 0.259848 0.259848 0.259849 0.259849 0.259849 0.25985 0.25985 0.259851 0.259852 0.259852 0.259853 0.259854 0.259855 0.259856 0.259856 0.259857 0.259858 0.259859 0.25986 0.25986 0.259861 0.259862 0.259862 0.259863 0.259863 0.259864 0.259864 0.259864 0.259865 0.259865 0.259865 0.259865 0.259865 0.259864 0.259864 0.259864 0.259863 0.259863 0.259862 0.259861 0.259861 0.25986 0.259859 0.259858 0.259857 0.259857 0.259856 0.259855 0.259854 0.259853 0.259852 0.259852 0.259851 0.25985 0.25985 0.259849 0.259849 0.259849 0.259848 0.259848 0.259848 
0.357556 0.357555 0.357554 0.357553 0.357553 0.357552 0.357552 0.357552 0.357551 0.357551 0.357551 0.357552 0.357552 0.357552 0.357553 0.357553 0.357554 0.357555 0.357556 0.357557 0.357558 0.357559 0.35756 0.357561 0.357563 0.357564 0.357565 0.357566 0.357567 0.357569 0.35757 0.357571 0.357572 0.357573 0.357573 0.357574 0.357575 0.357575 0.357575 0.357576 0.357576 0.357576 0.357575 0.357575 0.357575 0.357574 0.357573 0.357573 0.357572 0.357571 0.35757 0.357569 0.357568 0.357567 0.357565 0.357564 0.357563 0.357562 0.35756 0.357559 0.357558 0.357557 
0.449588 0.449587 0.449586 0.449585 0.449583 0.449582 0.449581 0.44958 0.449579 0.449578 0.449577 0.449576 0.449575 0.449574 0.449573 0.449572 0.449572 0.449571 0.449571 0.44957 0.44957 0.44957 0.44957 0.44957 0.449571 0.449571 0.449572 0.449572 0.449573 0.449574 0.449575 0.449576 0.449577 0.449578 0.449579 0.44958 0.449581 0.449583 0.449584 0.449585 0.449586 0.449587 0.449588 0.449589 0.44959 0.449591 0.449592 0.449592 0.449593 0.449593 0.449594 0.449594 0.449594 0.449594 0.449593 0.449593 0.449593 0.449592 0.449591 0.449591 0.44959 0.449589 
0.534941 0.534942 0.534943 0.534944 0.534945 0.534946 0.534946 0.534946 0.534947 0.534947 0.534947 0.534946 0.534946 0.534946 0.534945 0.534944 0.534943 0.534942 0.534941 0.53494 0.534939 0.534938 0.534936 0.534935 0.534933 0.534932 0.53493 0.534929 0.534928 0.534926 0.534925 0.534924 0.534923 0.534922 0.534921 0.53492 0.534919 0.534919 0.534918 0.534918 0.534918 0.534918 0.534918 0.534919 0.534919 0.53492 0.534921 0.534922 0.534923 0.534924 0.534925 0.534926 0.534927 0.534929 0.53493 0.534932 0.534933 0.534935 0.534936 0.534937 0.534939 0.53494 
0.612913 0.612915 0.612919 0.612922 0.612925 0.612929 0.612933 0.612936 0.61294 0.612944 0.612947 0.612951 0.612954 0.612957 0.61296 0.612963 0.612965 0.612967 0.612969 0.612971 0.612972 0.612973 0.612973 0.612973 0.612973 0.612972 0.612971 0.612969 0.612968 0.612965 0.612963 0.61296 0.612957 0.612954 0.612951 0.612947 0.612944 0.61294 0.612936 0.612933 0.612929 0.612925 0.612922 0.612919 0.612916 0.612913 0.61291 0.612907 0.612905 0.612904 0.612902 0.612901 0.6129 0.6129 0.6129 0.6129 0.612901 0.612902 0.612904 0.612906 0.612908 0.61291 
0.68309 0.68309 0.683091 0.683092 0.683095 0.683098 0.683101 0.683105 0.68311 0.683115 0.683121 0.683127 0.683133 0.68314 0.683147 0.683154 0.683161 0.683168 0.683174 0.683181 0.683188 0.683194 0.6832 0.683205 0.68321 0.683214 0.683218 0.683221 0.683224 0.683226 0.683227 0.683228 0.683227 0.683226 0.683225 0.683222 0.68322 0.683216 0.683212 0.683207 0.683202 0.683196 0.68319 0.683184 0.683177 0.68317 0.683163 0.683156 0.683149 0.683143 0.683136 0.683129 0.683123 0.683117 0.683112 0.683107 0.683103 0.683099 0.683096 0.683093 0.683092 0.68309 
0.745267 0.74526 0.745255 0.74525 0.745246 0.745243 0.745241 0.74524 0.74524 0.745241 0.745244 0.745247 0.745251 0.745256 0.745262 0.745268 0.745275 0.745283 0.745292 0.745301 0.745311 0.74532 0.74533 0.74534 0.74535 0.74536 0.74537 0.745379 0.745388 0.745397 0.745405 0.745412 0.745419 0.745424 0.745429 0.745433 0.745436 0.745438 0.745439 0.745439 0.745438 0.745435 0.745432 0.745428 0.745423 0.745417 0.745411 0.745403 0.745395 0.745387 0.745378 0.745368 0.745358 0.745348 0.745338 0.745328 0.745318 0.745308 0.745299 0.74529 0.745282 0.745274 
0.799315 0.799304 0.799293 0.799282 0.799272 0.799262 0.799254 0.799246 0.799239 0.799232 0.799227 0.799224 0.799221 0.799219 0.799219 0.79922 0.799222 0.799225 0.799229 0.799234 0.799241 0.799248 0.799256 0.799265 0.799275 0.799286 0.799296 0.799308 0.799319 0.799331 0.799343 0.799355 0.799366 0.799377 0.799388 0.799398 0.799408 0.799416 0.799424 0.799431 0.799438 0.799443 0.799446 0.799449 0.799451 0.799451 0.79945 0.799448 0.799445 0.799441 0.799435 0.799429 0.799422 0.799413 0.799404 0.799394 0.799384 0.799373 0.799362 0.79935 0.799338 0.799327 
0.845118 0.845108 0.845097 0.845086 0.845075 0.845064 0.845052 0.845041 0.845031 0.84502 0.845011 0.845001 0.844993 0.844985 0.844979 0.844973 0.844968 0.844964 0.844961 0.84496 0.84496 0.84496 0.844962 0.844965 0.844969 0.844974 0.84498 0.844987 0.844995 0.845004 0.845013 0.845023 0.845033 0.845044 0.845055 0.845066 0.845078 0.845089 0.8451 0.84511 0.845121 0.84513 0.845139 0.845148 0.845155 0.845162 0.845168 0.845173 0.845177 0.845179 0.845181 0.845181 0.84518 0.845179 0.845176 0.845172 0.845166 0.84516 0.845153 0.845145 0.845137 0.845128 
0.882585 0.882581 0.882576 0.88257 0.882564 0.882558 0.88255 0.882543 0.882535 0.882527 0.882518 0.88251 0.882501 0.882493 0.882485 0.882477 0.882469 0.882462 0.882455 0.882449 0.882443 0.882438 0.882434 0.882431 0.882428 0.882427 0.882426 0.882426 0.882427 0.882429 0.882431 0.882434 0.882439 0.882443 0.882449 0.882455 0.882462 0.882469 0.882477 0.882485 0.882493 0.882501 0.88251 0.882518 0.882527 0.882535 0.882543 0.88255 0.882558 0.882564 0.88257 0.882576 0.882581 0.882585 0.882588 0.882591 0.882592 0.882593 0.882593 0.882592 0.882591 0.882588 
0.911684 0.911687 0.911689 0.911692 0.911693 0.911694 0.911694 0.911694 0.911693 0.911691 0.911689 0.911687 0.911684 0.91168 0.911676 0.911671 0.911667 0.911661 0.911656 0.91165 0.911645 0.911639 0.911633 0.911627 0.911621 0.911616 0.91161 0.911605 0.911601 0.911596 0.911592 0.911589 0.911586 0.911583 0.911581 0.91158 0.911579 0.911579 0.911579 0.91158 0.911581 0.911583 0.911586 0.911589 0.911593 0.911597 0.911601 0.911606 0.911611 0.911617 0.911622 0.911628 0.911634 0.91164 0.911646 0.911651 0.911657 0.911662 0.911667 0.911672 0.911676 0.91168 
0.932432 0.93244 0.932448 0.932456 0.932464 0.932472 0.932479 0.932487 0.932493 0.932499 0.932505 0.93251 0.932514 0.932517 0.93252 0.932522 0.932523 0.932524 0.932523 0.932522 0.93252 0.932517 0.932513 0.932509 0.932504 0.932498 0.932492 0.932485 0.932478 0.93247 0.932463 0.932455 0.932447 0.932438 0.93243 0.932422 0.932415 0.932407 0.9324 0.932394 0.932388 0.932382 0.932377 0.932373 0.93237 0.932367 0.932365 0.932364 0.932363 0.932364 0.932365 0.932367 0.93237 0.932374 0.932378 0.932383 0.932389 0.932395 0.932402 0.932409 0.932417 0.932424 
0.944864 0.944874 0.944885 0.944897 0.944909 0.944921 0.944933 0.944946 0.944958 0.944969 0.944981 0.944992 0.945002 0.945011 0.94502 0.945027 0.945034 0.945039 0.945044 0.945047 0.945049 0.94505 0.945049 0.945047 0.945044 0.94504 0.945035 0.945028 0.945021 0.945013 0.945003 0.944993 0.944983 0.944971 0.94496 0.944948 0.944935 0.944923 0.944911 0.944899 0.944887 0.944876 0.944865 0.944855 0.944845 0.944837 0.944829 0.944823 0.944817 0.944813 0.94481 0.944808 0.944807 0.944808 0.94481 0.944813 0.944817 0.944822 0.944829 0.944836 0.944844 0.944854 
0.949004 0.949016 0.949029 0.949043 0.949057 0.949071 0.949086 0.9491 0.949115 0.949129 0.949143 0.949157 0.949169 0.949181 0.949192 0.949202 0.949211 0.949218 0.949224 0.949229 0.949233 0.949234 0.949235 0.949234 0.949231 0.949227 0.949222 0.949215 0.949207 0.949198 0.949188 0.949176 0.949164 0.949151 0.949137 0.949123 0.949109 0.949094 0.94908 0.949065 0.949051 0.949037 0.949023 0.949011 0.948999 0.948988 0.948978 0.948969 0.948962 0.948956 0.948951 0.948948 0.948946 0.948945 0.948947 0.948949 0.948953 0.948959 0.948965 0.948973 0.948983 0.948993 
0.944866 0.944879 0.944893 0.944907 0.944922 0.944936 0.944951 0.944965 0.944979 0.944992 0.945005 0.945017 0.945028 0.945038 0.945046 0.945054 0.94506 0.945065 0.945069 0.945071 0.945072 0.945071 0.945069 0.945065 0.94506 0.945054 0.945046 0.945037 0.945027 0.945016 0.945004 0.944991 0.944978 0.944964 0.94495 0.944935 0.944921 0.944906 0.944892 0.944878 0.944865 0.944852 0.94484 0.944829 0.944819 0.94481 0.944803 0.944796 0.944791 0.944788 0.944786 0.944785 0.944786 0.944788 0.944792 0.944797 0.944804 0.944812 0.944821 0.944831 0.944842 0.944853 
0.932446 0.932459 0.932472 0.932484 0.932497 0.932508 0.932519 0.93253 0.932539 0.932547 0.932554 0.932561 0.932566 0.932569 0.932572 0.932573 0.932573 0.932571 0.932568 0.932564 0.932559 0.932552 0.932545 0.932536 0.932526 0.932516 0.932504 0.932493 0.93248 0.932467 0.932454 0.932441 0.932428 0.932415 0.932403 0.93239 0.932379 0.932368 0.932357 0.932348 0.93234 0.932332 0.932326 0.932321 0.932318 0.932315 0.932314 0.932315 0.932316 0.932319 0.932323 0.932329 0.932335 0.932343 0.932352 0.932362 0.932372 0.932383 0.932395 0.932408 0.93242 0.932433 
0.911723 0.911732 0.91174 0.911747 0.911753 0.911758 0.911762 0.911764 0.911765 0.911765 0.911763 0.91176 0.911756 0.91175 0.911744 0.911736 0.911727 0.911718 0.911707 0.911696 0.911684 0.911672 0.911659 0.911646 0.911633 0.91162 0.911607 0.911595 0.911583 0.911571 0.91156 0.91155 0.911541 0.911533 0.911526 0.91152 0.911515 0.911511 0.911509 0.911508 0.911509 0.91151 0.911513 0.911518 0.911523 0.91153 0.911537 0.911546 0.911556 0.911567 0.911578 0.91159 0.911602 0.911615 0.911628 0.911641 0.911653 0.911666 0.911679 0.911691 0.911702 0.911713 
0.882657 0.882658 0.882657 0.882655 0.882651 0.882646 0.882639 0.882631 0.882622 0.882612 0.8826 0.882588 0.882575 0.882561 0.882547 0.882532 0.882517 0.882502 0.882488 0.882473 0.882459 0.882445 0.882432 0.882419 0.882408 0.882398 0.882389 0.882381 0.882374 0.882369 0.882365 0.882363 0.882362 0.882363 0.882365 0.882369 0.882374 0.882381 0.882389 0.882398 0.882409 0.88242 0.882432 0.882445 0.882459 0.882473 0.882488 0.882503 0.882518 0.882533 0.882547 0.882562 0.882575 0.882589 0.882601 0.882612 0.882622 0.882631 0.882639 0.882646 0.882651 0.882655 
0.845212 0.845202 0.845192 0.845179 0.845166 0.845152 0.845137 0.845121 0.845105 0.845088 0.845071 0.845055 0.845038 0.845022 0.845006 0.844991 0.844976 0.844963 0.844951 0.84494 0.84493 0.844922 0.844915 0.84491 0.844907 0.844905 0.844905 0.844907 0.84491 0.844915 0.844922 0.84493 0.844939 0.84495 0.844962 0.844976 0.84499 0.845005 0.845021 0.845037 0.845054 0.845071 0.845087 0.845104 0.84512 0.845136 0.845151 0.845165 0.845179 0.845191 0.845202 0.845212 0.84522 0.845226 0.845231 0.845235 0.845236 0.845236 0.845235 0.845231 0.845226 0.84522 
0.799397 0.799381 0.799365 0.799348 0.799331 0.799315 0.799298 0.799282 0.799266 0.799251 0.799237 0.799224 0.799212 0.799202 0.799193 0.799185 0.799179 0.799174 0.799171 0.79917 0.79917 0.799172 0.799176 0.799181 0.799188 0.799197 0.799207 0.799218 0.799231 0.799244 0.799259 0.799274 0.79929 0.799306 0.799323 0.79934 0.799356 0.799373 0.799389 0.799405 0.79942 0.799434 0.799447 0.799458 0.799469 0.799478 0.799486 0.799492 0.799497 0.7995 0.799501 0.7995 0.799498 0.799494 0.799489 0.799482 0.799473 0.799463 0.799452 0.79944 0.799426 0.799412 
0.745299 0.745285 0.745272 0.74526 0.745248 0.745237 0.745228 0.745219 0.745212 0.745206 0.745202 0.745198 0.745197 0.745197 0.745198 0.7452 0.745205 0.74521 0.745217 0.745225 0.745234 0.745245 0.745256 0.745268 0.745281 0.745295 0.745309 0.745323 0.745338 0.745352 0.745367 0.745381 0.745394 0.745408 0.74542 0.745432 0.745442 0.745452 0.74546 0.745468 0.745474 0.745478 0.745481 0.745483 0.745483 0.745482 0.745479 0.745475 0.745469 0.745462 0.745454 0.745445 0.745434 0.745423 0.745411 0.745398 0.745384 0.74537 0.745356 0.745341 0.745327 0.745313 
0.683068 0.683063 0.683059 0.683056 0.683054 0.683053 0.683053 0.683054 0.683057 0.68306 0.683064 0.68307 0.683076 0.683083 0.683091 0.683099 0.683109 0.683118 0.683128 0.683139 0.683149 0.68316 0.683171 0.683181 0.683192 0.683202 0.683211 0.68322 0.683229 0.683236 0.683243 0.683249 0.683255 0.683259 0.683262 0.683264 0.683265 0.683265 0.683263 0.683261 0.683258 0.683253 0.683248 0.683242 0.683235 0.683227 0.683218 0.683209 0.683199 0.683189 0.683179 0.683168 0.683157 0.683146 0.683136 0.683125 0.683115 0.683106 0.683097 0.683089 0.683081 0.683074 
0.612875 0.612877 0.61288 0.612883 0.612887 0.612892 0.612897 0.612902 0.612908 0.612914 0.61292 0.612927 0.612933 0.61294 0.612946 0.612953 0.612959 0.612965 0.612971 0.612976 0.612981 0.612986 0.61299 0.612993 0.612996 0.612999 0.613 0.613001 0.613002 0.613001 0.613 0.612999 0.612996 0.612993 0.61299 0.612986 0.612981 0.612976 0.612971 0.612965 0.612959 0.612953 0.612946 0.61294 0.612933 0.612926 0.61292 0.612914 0.612908 0.612902 0.612897 0.612892 0.612887 0.612883 0.61288 0.612877 0.612875 0.612873 0.612872 0.612872 0.612872 0.612873 
0.534927 0.53493 0.534933 0.534937 0.53494 0.534943 0.534946 0.534949 0.534952 0.534954 0.534957 0.534959 0.534961 0.534962 0.534963 0.534964 0.534965 0.534965 0.534965 0.534964 0.534964 0.534963 0.534961 0.53496 0.534958 0.534955 0.534953 0.53495 0.534947 0.534944 0.534941 0.534938 0.534935 0.534931 0.534928 0.534925 0.534922 0.534919 0.534916 0.534913 0.53491 0.534908 0.534906 0.534904 0.534903 0.534902 0.534901 0.5349 0.5349 0.5349 0.534901 0.534901 0.534902 0.534904 0.534906 0.534908 0.53491 0.534912 0.534915 0.534918 0.534921 0.534924 
0.449599 0.4496 0.4496 0.4496 0.449599 0.449599 0.449598 0.449597 0.449596 0.449595 0.449594 0.449592 0.449591 0.449589 0.449588 0.449586 0.449584 0.449583 0.449581 0.449579 0.449577 0.449576 0.449574 0.449572 0.449571 0.449569 0.449568 0.449567 0.449566 0.449565 0.449565 0.449564 0.449564 0.449564 0.449564 0.449565 0.449565 0.449566 0.449567 0.449568 0.449569 0.44957 0.449571 0.449573 0.449574 0.449576 0.449578 0.44958 0.449581 0.449583 0.449585 0.449587 0.449589 0.44959 0.449592 0.449593 0.449595 0.449596 0.449597 0.449598 0.449599 0.449599 
0.357568 0.357566 0.357565 0.357563 0.357562 0.35756 0.357558 0.357557 0.357556 0.357554 0.357553 0.357552 0.357551 0.35755 0.357549 0.357549 0.357548 0.357548 0.357548 0.357548 0.357548 0.357548 0.357549 0.35755 0.35755 0.357551 0.357552 0.357553 0.357555 0.357556 0.357557 0.357559 0.35756 0.357562 0.357564 0.357565 0.357567 0.357568 0.35757 0.357571 0.357573 0.357574 0.357575 0.357576 0.357577 0.357578 0.357578 0.357579 0.357579 0.357579 0.357579 0.357579 0.357579 0.357578 0.357577 0.357577 0.357576 0.357575 0.357573 0.357572 0.357571 0.357569 
0.259847 0.259846 0.259846 0.259845 0.259845 0.259844 0.259844 0.259844 0.259844 0.259844 0.259844 0.259845 0.259845 0.259846 0.259846 0.259847 0.259848 0.259849 0.25985 0.259851 0.259852 0.259854 0.259855 0.259856 0.259857 0.259859 0.25986 0.259861 0.259862 0.259863 0.259864 0.259865 0.259866 0.259867 0.259868 0.259868 0.259869 0.259869 0.259869 0.259869 0.259869 0.259869 0.259868 0.259868 0.259867 0.259867 0.259866 0.259865 0.259864 0.259863 0.259862 0.25986 0.259859 0.259858 0.259857 0.259855 0.259854 0.259853 0.259852 0.25985 0.259849 0.259848 
0.15776 0.15776 0.15776 0.15776 0.157761 0.157761 0.157762 0.157762 0.157763 0.157763 0.157764 0.157765 0.157766 0.157766 0.157767 0.157768 0.157769 0.157769 0.15777 0.157771 0.157772 0.157772 0.157773 0.157774 0.157774 0.157775 0.157775 0.157775 0.157776 0.157776 0.157776 0.157776 0.157776 0.157776 0.157775 0.157775 0.157775 0.157774 0.157774 0.157773 0.157772 0.157772 0.157771 0.15777 0.157769 0.157769 0.157768 0.157767 0.157766 0.157765 0.157765 0.157764 0.157763 0.157763 0.157762 0.157762 0.157761 0.157761 0.15776 0.15776 0.15776 0.15776 
0.052904 0.0529041 0.0529042 0.0529044 0.0529045 0.0529047 0.0529049 0.0529051 0.0529053 0.0529055 0.0529058 0.052906 0.0529062 0.0529064 0.0529066 0.0529069 0.0529071 0.0529073 0.0529074 0.0529076 0.0529078 0.0529079 0.052908 0.0529081 0.0529082 0.0529083 0.0529083 0.0529083 0.0529083 0.0529083 0.0529082 0.0529081 0.052908 0.0529079 0.0529078 0.0529076 0.0529074 0.0529073 0.0529071 0.0529069 0.0529066 0.0529064 0.0529062 0.052906 0.0529057 0.0529055 0.0529053 0.0529051 0.0529049 0.0529047 0.0529045 0.0529044 0.0529042 0.0529041 0.052904 0.0529039 0.0529039 0.0529038 0.0529038 0.0529038 0.0529039 0.0529039 
