0.0524598 0.0524598 0.0524599 0.0524599 0.0524599 0.05246 0.05246 0.05246 0.05246 0.0524599 0.0524599 0.0524599 0.0524598 0.0524597 0.0524597 0.0524596 0.0524595 0.0524594 0.0524593 0.0524592 0.0524592 0.0524591 0.052459 0.0524589 0.0524588 0.0524587 0.0524586 0.0524585 0.0524584 0.0524584 0.0524583 0.0524582 0.0524582 0.0524581 0.0524581 0.0524581 0.0524581 0.0524581 0.0524581 0.0524581 0.0524581 0.0524581 0.0524582 0.0524582 0.0524583 0.0524584 0.0524584 0.0524585 0.0524586 0.0524587 0.0524588 0.0524589 0.052459 0.0524591 0.0524592 0.0524593 0.0524594 0.0524594 0.0524595 0.0524596 0.0524597 0.0524597 
0.156461 0.156461 0.156461 0.156461 0.156461 0.156461 0.156461 0.156461 0.156462 0.156462 0.156462 0.156462 0.156462 0.156462 0.156462 0.156462 0.156462 0.156462 0.156463 0.156463 0.156463 0.156463 0.156463 0.156463 0.156463 0.156463 0.156463 0.156463 0.156463 0.156463 0.156463 0.156463 0.156463 0.156463 0.156463 0.156463 0.156463 0.156463 0.156462 0.156462 0.156462 0.156462 0.156462 0.156462 0.156462 0.156462 0.156462 0.156462 0.156461 0.156461 0.156461 0.156461 0.156461 0.156461 0.156461 0.156461 0.156461 0.156461 0.156461 0.156461 0.156461 0.156461 
0.257787 0.257787 0.257786 0.257786 0.257786 0.257786 0.257786 0.257785 0.257785 0.257785 0.257785 0.257785 0.257785 0.257785 0.257786 0.257786 0.257786 0.257786 0.257786 0.257787 0.257787 0.257787 0.257788 0.257788 0.257788 0.257789 0.257789 0.25779 0.25779 0.25779 0.257791 0.257791 0.257791 0.257792 0.257792 0.257792 0.257792 0.257793 0.257793 0.257793 0.257793 0.257793 0.257793 0.257793 0.257793 0.257793 0.257793 0.257792 0.257792 0.257792 0.257792 0.257791 0.257791 0.257791 0.25779 0.25779 0.257789 0.257789 0.257789 0.257788 0.257788 0.257788 
0.354875 0.354874 0.354874 0.354873 0.354872 0.354872 0.354871 0.35487 0.35487 0.354869 0.354868 0.354868 0.354867 0.354867 0.354867 0.354866 0.354866 0.354866 0.354866 0.354866 0.354866 0.354866 0.354866 0.354866 0.354867 0.354867 0.354867 0.354868 0.354868 0.354869 0.354869 0.35487 0.354871 0.354871 0.354872 0.354873 0.354874 0.354874 0.354875 0.354876 0.354876 0.354877 0.354877 0.354878 0.354878 0.354879 0.354879 0.354879 0.354879 0.354879 0.354879 0.354879 0.354879 0.354879 0.354879 0.354879 0.354878 0.354878 0.354877 0.354877 0.354876 0.354876 
0.446424 0.446424 0.446424 0.446424 0.446423 0.446423 0.446423 0.446422 0.446422 0.446421 0.446421 0.44642 0.44642 0.446419 0.446418 0.446418 0.446417 0.446417 0.446416 0.446416 0.446415 0.446415 0.446414 0.446414 0.446414 0.446413 0.446413 0.446413 0.446413 0.446413 0.446413 0.446413 0.446413 0.446413 0.446414 0.446414 0.446414 0.446415 0.446415 0.446416 0.446416 0.446417 0.446417 0.446418 0.446419 0.446419 0.44642 0.44642 0.446421 0.446421 0.446422 0.446422 0.446423 0.446423 0.446424 0.446424 0.446424 0.446424 0.446425 0.446425 0.446425 0.446425 
0.531433 0.531433 0.531433 0.531434 0.531434 0.531435 0.531435 0.531436 0.531436 0.531437 0.531437 0.531438 0.531438 0.531439 0.531439 0.53144 0.53144 0.531441 0.531441 0.531442 0.531442 0.531442 0.531443 0.531443 0.531443 0.531443 0.531443 0.531443 0.531443 0.531443 0.531443 0.531443 0.531442 0.531442 0.531442 0.531441 0.531441 0.53144 0.53144 0.531439 0.531439 0.531438 0.531437 0.531437 0.531436 0.531436 0.531435 0.531435 0.531434 0.531434 0.531434 0.531433 0.531433 0.531433 0.531433 0.531432 0.531432 0.531432 0.531432 0.531432 0.531433 0.531433 
0.609207 0.609205 0.609204 0.609203 0.609202 0.609201 0.609201 0.609201 0.609201 0.609201 0.609202 0.609203 0.609204 0.609205 0.609207 0.609208 0.60921 0.609212 0.609215 0.609217 0.609219 0.609222 0.609224 0.609227 0.609229 0.609232 0.609234 0.609236 0.609239 0.609241 0.609243 0.609244 0.609246 0.609247 0.609248 0.609249 0.60925 0.60925 0.60925 0.60925 0.60925 0.609249 0.609248 0.609247 0.609246 0.609244 0.609243 0.609241 0.609239 0.609236 0.609234 0.609232 0.609229 0.609227 0.609224 0.609222 0.609219 0.609217 0.609215 0.609212 0.60921 0.609209 
0.679312 0.679307 0.679302 0.679297 0.679292 0.679288 0.679283 0.67928 0.679276 0.679273 0.67927 0.679268 0.679266 0.679265 0.679265 0.679265 0.679265 0.679266 0.679268 0.67927 0.679272 0.679275 0.679278 0.679282 0.679286 0.679291 0.679295 0.6793 0.679305 0.679311 0.679316 0.679321 0.679326 0.679331 0.679336 0.679341 0.679346 0.67935 0.679354 0.679357 0.67936 0.679363 0.679365 0.679367 0.679368 0.679368 0.679368 0.679368 0.679367 0.679365 0.679363 0.679361 0.679358 0.679355 0.679351 0.679347 0.679342 0.679338 0.679333 0.679328 0.679322 0.679317 
0.741467 0.741461 0.741453 0.741446 0.741438 0.74143 0.741422 0.741414 0.741406 0.741399 0.741391 0.741384 0.741377 0.741371 0.741365 0.74136 0.741356 0.741352 0.741349 0.741346 0.741345 0.741344 0.741344 0.741345 0.741347 0.741349 0.741353 0.741357 0.741361 0.741367 0.741372 0.741379 0.741386 0.741393 0.7414 0.741408 0.741416 0.741424 0.741432 0.74144 0.741448 0.741455 0.741462 0.741469 0.741475 0.741481 0.741486 0.741491 0.741494 0.741497 0.7415 0.741501 0.741502 0.741502 0.741501 0.741499 0.741497 0.741493 0.741489 0.741485 0.741479 0.741474 
0.795469 0.795465 0.79546 0.795455 0.795449 0.795442 0.795434 0.795426 0.795417 0.795408 0.795399 0.795389 0.79538 0.79537 0.79536 0.795351 0.795342 0.795333 0.795325 0.795317 0.79531 0.795304 0.795298 0.795294 0.79529 0.795287 0.795285 0.795284 0.795284 0.795285 0.795287 0.79529 0.795293 0.795298 0.795304 0.79531 0.795317 0.795324 0.795333 0.795341 0.79535 0.79536 0.795369 0.795379 0.795389 0.795398 0.795408 0.795417 0.795425 0.795433 0.795441 0.795448 0.795454 0.79546 0.795465 0.795469 0.795471 0.795473 0.795474 0.795474 0.795473 0.795472 
0.841185 0.841187 0.841188 0.841188 0.841187 0.841185 0.841182 0.841178 0.841173 0.841168 0.841161 0.841155 0.841147 0.841139 0.84113 0.841122 0.841112 0.841103 0.841094 0.841084 0.841075 0.841066 0.841057 0.841049 0.841041 0.841033 0.841027 0.841021 0.841015 0.841011 0.841007 0.841005 0.841003 0.841002 0.841002 0.841003 0.841005 0.841008 0.841012 0.841017 0.841022 0.841029 0.841036 0.841043 0.841051 0.84106 0.841069 0.841078 0.841087 0.841097 0.841106 0.841115 0.841124 0.841133 0.841141 0.841149 0.841157 0.841163 0.841169 0.841175 0.841179 0.841183 
0.878569 0.878575 0.878579 0.878583 0.878587 0.87859 0.878592 0.878594 0.878595 0.878595 0.878594 0.878593 0.878591 0.878588 0.878585 0.878581 0.878577 0.878572 0.878566 0.87856 0.878554 0.878547 0.878541 0.878534 0.878527 0.878519 0.878512 0.878506 0.878499 0.878492 0.878486 0.878481 0.878475 0.878471 0.878467 0.878463 0.87846 0.878458 0.878456 0.878455 0.878455 0.878456 0.878457 0.878459 0.878462 0.878465 0.878469 0.878474 0.878479 0.878484 0.87849 0.878496 0.878503 0.87851 0.878517 0.878524 0.878531 0.878538 0.878545 0.878551 0.878558 0.878564 
0.90763 0.907634 0.907639 0.907643 0.907648 0.907652 0.907657 0.907661 0.907666 0.90767 0.907674 0.907677 0.907681 0.907683 0.907686 0.907688 0.90769 0.907691 0.907692 0.907693 0.907693 0.907692 0.907691 0.90769 0.907688 0.907686 0.907683 0.90768 0.907677 0.907673 0.907669 0.907665 0.907661 0.907656 0.907652 0.907647 0.907643 0.907638 0.907634 0.90763 0.907626 0.907622 0.907618 0.907615 0.907612 0.907609 0.907607 0.907605 0.907604 0.907603 0.907603 0.907603 0.907603 0.907604 0.907606 0.907608 0.90761 0.907613 0.907616 0.907619 0.907622 0.907626 
0.928387 0.928387 0.928388 0.928389 0.928392 0.928394 0.928397 0.928402 0.928406 0.928411 0.928416 0.928422 0.928428 0.928434 0.928441 0.928448 0.928455 0.928461 0.928468 0.928475 0.928481 0.928487 0.928493 0.928498 0.928502 0.928507 0.928511 0.928514 0.928516 0.928518 0.928519 0.92852 0.92852 0.928519 0.928517 0.928515 0.928512 0.928509 0.928505 0.9285 0.928495 0.92849 0.928484 0.928478 0.928472 0.928465 0.928459 0.928452 0.928445 0.928438 0.928432 0.928426 0.92842 0.928414 0.928409 0.928404 0.9284 0.928396 0.928393 0.92839 0.928389 0.928387 
0.940842 0.940838 0.940835 0.940833 0.940832 0.940832 0.940833 0.940835 0.940839 0.940843 0.940848 0.940855 0.940862 0.94087 0.940878 0.940888 0.940898 0.940907 0.940918 0.940929 0.940939 0.940949 0.94096 0.940971 0.940981 0.94099 0.940999 0.941008 0.941015 0.941022 0.941028 0.941033 0.941037 0.94104 0.941043 0.941043 0.941043 0.941042 0.94104 0.941036 0.941032 0.941027 0.94102 0.941013 0.941005 0.940997 0.940988 0.940978 0.940968 0.940957 0.940947 0.940936 0.940925 0.940915 0.940904 0.940894 0.940885 0.940876 0.940867 0.94086 0.940853 0.940847 
0.944987 0.944981 0.944977 0.944973 0.944971 0.944971 0.944972 0.944974 0.944977 0.944981 0.944987 0.944994 0.945002 0.945011 0.945021 0.945032 0.945043 0.945055 0.945068 0.945081 0.945094 0.945107 0.94512 0.945132 0.945145 0.945157 0.945168 0.945179 0.945188 0.945197 0.945205 0.945212 0.945218 0.945222 0.945225 0.945227 0.945228 0.945227 0.945225 0.945222 0.945217 0.945211 0.945204 0.945196 0.945187 0.945177 0.945167 0.945155 0.945143 0.945131 0.945118 0.945105 0.945092 0.945079 0.945066 0.945054 0.945042 0.94503 0.94502 0.94501 0.945001 0.944993 
0.940816 0.940813 0.940811 0.94081 0.940811 0.940812 0.940816 0.94082 0.940826 0.940833 0.940841 0.940849 0.940859 0.94087 0.940881 0.940893 0.940905 0.940918 0.940931 0.940944 0.940957 0.94097 0.940982 0.940994 0.941005 0.941016 0.941026 0.941034 0.941043 0.94105 0.941055 0.94106 0.941063 0.941065 0.941066 0.941065 0.941063 0.94106 0.941055 0.94105 0.941043 0.941035 0.941026 0.941016 0.941006 0.940994 0.940982 0.94097 0.940957 0.940944 0.940931 0.940918 0.940906 0.940893 0.940881 0.94087 0.940859 0.940849 0.940841 0.940833 0.940826 0.94082 
0.92834 0.928342 0.928346 0.928351 0.928357 0.928363 0.928371 0.92838 0.928389 0.928399 0.92841 0.928421 0.928432 0.928444 0.928456 0.928467 0.928479 0.92849 0.928501 0.928511 0.928521 0.928531 0.928538 0.928546 0.928553 0.928558 0.928562 0.928566 0.928568 0.928569 0.928569 0.928567 0.928565 0.928561 0.928556 0.92855 0.928543 0.928536 0.928527 0.928518 0.928508 0.928497 0.928486 0.928475 0.928463 0.928451 0.92844 0.928428 0.928417 0.928406 0.928395 0.928386 0.928376 0.928368 0.928361 0.928354 0.928349 0.928344 0.928341 0.928339 0.928338 0.928338 
0.907576 0.907586 0.907596 0.907606 0.907617 0.907628 0.90764 0.907651 0.907663 0.907674 0.907685 0.907696 0.907706 0.907716 0.907725 0.907733 0.90774 0.907747 0.907752 0.907756 0.907759 0.907761 0.907762 0.907762 0.90776 0.907758 0.907754 0.907749 0.907743 0.907736 0.907728 0.90772 0.90771 0.9077 0.90769 0.907679 0.907668 0.907656 0.907644 0.907633 0.907622 0.90761 0.9076 0.90759 0.90758 0.907571 0.907563 0.907556 0.907549 0.907544 0.90754 0.907537 0.907535 0.907534 0.907534 0.907536 0.907539 0.907542 0.907547 0.907553 0.90756 0.907568 
0.878532 0.878545 0.878558 0.87857 0.878583 0.878594 0.878605 0.878615 0.878624 0.878632 0.878639 0.878645 0.878649 0.878652 0.878654 0.878655 0.878654 0.878652 0.878649 0.878645 0.878639 0.878632 0.878624 0.878615 0.878605 0.878594 0.878582 0.87857 0.878558 0.878545 0.878532 0.878518 0.878505 0.878492 0.87848 0.878468 0.878456 0.878446 0.878436 0.878427 0.878419 0.878412 0.878406 0.878401 0.878398 0.878396 0.878396 0.878396 0.878398 0.878402 0.878406 0.878412 0.878419 0.878427 0.878437 0.878447 0.878457 0.878469 0.878481 0.878494 0.878506 0.878519 
0.841188 0.841199 0.841208 0.841216 0.841223 0.841229 0.841234 0.841237 0.841238 0.841238 0.841237 0.841234 0.84123 0.841224 0.841217 0.841209 0.8412 0.841189 0.841178 0.841165 0.841152 0.841139 0.841125 0.84111 0.841096 0.841081 0.841067 0.841053 0.841039 0.841026 0.841014 0.841002 0.840992 0.840982 0.840974 0.840967 0.840961 0.840957 0.840954 0.840952 0.840952 0.840954 0.840957 0.840961 0.840967 0.840974 0.840982 0.840991 0.841002 0.841013 0.841026 0.841039 0.841052 0.841066 0.841081 0.841095 0.84111 0.841124 0.841138 0.841152 0.841165 0.841177 
0.795515 0.795518 0.795519 0.795519 0.795517 0.795514 0.795509 0.795504 0.795497 0.795488 0.795479 0.795468 0.795457 0.795445 0.795432 0.795419 0.795405 0.795391 0.795377 0.795363 0.795349 0.795335 0.795322 0.795309 0.795298 0.795287 0.795277 0.795268 0.79526 0.795253 0.795248 0.795244 0.795241 0.79524 0.79524 0.795242 0.795245 0.79525 0.795255 0.795262 0.795271 0.79528 0.795291 0.795302 0.795314 0.795327 0.79534 0.795354 0.795368 0.795382 0.795396 0.79541 0.795424 0.795437 0.79545 0.795461 0.795472 0.795482 0.795491 0.795499 0.795506 0.795511 
0.74153 0.741525 0.741518 0.741511 0.741503 0.741493 0.741484 0.741473 0.741462 0.741451 0.741439 0.741428 0.741416 0.741404 0.741392 0.741381 0.74137 0.74136 0.74135 0.741342 0.741334 0.741326 0.74132 0.741315 0.741311 0.741309 0.741307 0.741307 0.741307 0.741309 0.741313 0.741317 0.741322 0.741329 0.741336 0.741344 0.741353 0.741363 0.741374 0.741385 0.741396 0.741408 0.741419 0.741431 0.741443 0.741455 0.741466 0.741477 0.741487 0.741496 0.741505 0.741513 0.74152 0.741526 0.741531 0.741535 0.741538 0.74154 0.74154 0.741539 0.741537 0.741534 
0.679352 0.679344 0.679336 0.679328 0.67932 0.679311 0.679303 0.679295 0.679287 0.679279 0.679272 0.679266 0.679259 0.679254 0.679249 0.679244 0.679241 0.679238 0.679236 0.679235 0.679235 0.679235 0.679237 0.679239 0.679242 0.679246 0.67925 0.679255 0.679261 0.679268 0.679275 0.679282 0.67929 0.679298 0.679306 0.679314 0.679322 0.679331 0.679339 0.679347 0.679354 0.679361 0.679368 0.679374 0.67938 0.679385 0.679389 0.679393 0.679395 0.679397 0.679398 0.679399 0.679398 0.679397 0.679394 0.679391 0.679388 0.679383 0.679378 0.679372 0.679366 0.679359 
0.60921 0.609205 0.609201 0.609197 0.609194 0.609191 0.609188 0.609186 0.609183 0.609182 0.609181 0.60918 0.60918 0.60918 0.609181 0.609182 0.609184 0.609186 0.609188 0.609191 0.609194 0.609198 0.609202 0.609206 0.60921 0.609214 0.609219 0.609224 0.609228 0.609233 0.609237 0.609242 0.609246 0.60925 0.609254 0.609258 0.609261 0.609264 0.609266 0.609268 0.60927 0.609271 0.609271 0.609272 0.609271 0.609271 0.609269 0.609268 0.609266 0.609263 0.60926 0.609257 0.609253 0.60925 0.609245 0.609241 0.609237 0.609232 0.609228 0.609223 0.609218 0.609214 
0.53142 0.53142 0.53142 0.53142 0.53142 0.531421 0.531422 0.531422 0.531423 0.531425 0.531426 0.531427 0.531429 0.53143 0.531432 0.531434 0.531436 0.531437 0.531439 0.531441 0.531443 0.531444 0.531446 0.531448 0.531449 0.53145 0.531452 0.531453 0.531454 0.531454 0.531455 0.531455 0.531456 0.531456 0.531456 0.531455 0.531455 0.531454 0.531453 0.531452 0.531451 0.53145 0.531448 0.531447 0.531445 0.531443 0.531442 0.53144 0.531438 0.531436 0.531434 0.531433 0.531431 0.531429 0.531428 0.531426 0.531425 0.531424 0.531423 0.531422 0.531421 0.531421 
0.446421 0.446422 0.446423 0.446423 0.446424 0.446424 0.446425 0.446425 0.446425 0.446426 0.446426 0.446426 0.446426 0.446426 0.446426 0.446426 0.446425 0.446425 0.446425 0.446424 0.446424 0.446423 0.446423 0.446422 0.446421 0.446421 0.44642 0.446419 0.446419 0.446418 0.446417 0.446416 0.446416 0.446415 0.446415 0.446414 0.446413 0.446413 0.446413 0.446412 0.446412 0.446412 0.446412 0.446412 0.446412 0.446412 0.446412 0.446412 0.446412 0.446413 0.446413 0.446414 0.446414 0.446415 0.446416 0.446416 0.446417 0.446418 0.446418 0.446419 0.44642 0.446421 
0.354882 0.354881 0.354881 0.35488 0.35488 0.354879 0.354878 0.354877 0.354876 0.354876 0.354875 0.354874 0.354873 0.354872 0.354871 0.35487 0.354869 0.354868 0.354867 0.354867 0.354866 0.354865 0.354865 0.354864 0.354864 0.354864 0.354864 0.354863 0.354863 0.354863 0.354864 0.354864 0.354864 0.354865 0.354865 0.354866 0.354866 0.354867 0.354868 0.354869 0.35487 0.354871 0.354871 0.354872 0.354873 0.354874 0.354875 0.354876 0.354877 0.354878 0.354879 0.354879 0.35488 0.35488 0.354881 0.354881 0.354882 0.354882 0.354882 0.354882 0.354882 0.354882 
0.257791 0.25779 0.25779 0.257789 0.257788 0.257787 0.257786 0.257786 0.257785 0.257784 0.257784 0.257783 0.257783 0.257782 0.257782 0.257782 0.257782 0.257782 0.257781 0.257782 0.257782 0.257782 0.257782 0.257782 0.257783 0.257783 0.257784 0.257784 0.257785 0.257786 0.257786 0.257787 0.257788 0.257789 0.257789 0.25779 0.257791 0.257792 0.257792 0.257793 0.257794 0.257794 0.257795 0.257795 0.257796 0.257796 0.257796 0.257797 0.257797 0.257797 0.257797 0.257797 0.257797 0.257796 0.257796 0.257795 0.257795 0.257794 0.257794 0.257793 0.257793 0.257792 
0.15646 0.156459 0.156459 0.156459 0.156458 0.156458 0.156458 0.156458 0.156458 0.156458 0.156458 0.156458 0.156458 0.156458 0.156458 0.156458 0.156459 0.156459 0.156459 0.156459 0.15646 0.15646 0.15646 0.156461 0.156461 0.156462 0.156462 0.156463 0.156463 0.156463 0.156464 0.156464 0.156465 0.156465 0.156465 0.156465 0.156466 0.156466 0.156466 0.156466 0.156466 0.156466 0.156466 0.156466 0.156466 0.156466 0.156466 0.156465 0.156465 0.156465 0.156465 0.156464 0.156464 0.156463 0.156463 0.156463 0.156462 0.156462 0.156461 0.156461 0.15646 0.15646 
0.0524583 0.0524583 0.0524583 0.0524583 0.0524582 0.0524582 0.0524583 0.0524583 0.0524583 0.0524583 0.0524583 0.0524584 0.0524584 0.0524585 0.0524585 0.0524586 0.0524586 0.0524587 0.0524588 0.0524588 0.0524589 0.052459 0.0524591 0.0524591 0.0524592 0.0524593 0.0524594 0.0524594 0.0524595 0.0524595 0.0524596 0.0524596 0.0524597 0.0524597 0.0524597 0.0524597 0.0524598 0.0524598 0.0524598 0.0524597 0.0524597 0.0524597 0.0524597 0.0524596 0.0524596 0.0524595 0.0524595 0.0524594 0.0524593 0.0524593 0.0524592 0.0524591 0.052459 0.052459 0.0524589 0.0524588 0.0524587 0.0524587 0.0524586 0.0524585 0.0524585 0.0524584 
