0.0521346 0.0521348 0.0521349 0.052135 0.0521351 0.0521352 0.0521353 0.0521354 0.0521354 0.0521355 0.0521355 0.0521356 0.0521356 0.0521356 0.0521356 0.0521356 0.0521355 0.0521355 0.0521354 0.0521353 0.0521353 0.0521352 0.0521351 0.052135 0.0521348 0.0521347 0.0521346 0.0521345 0.0521343 0.0521342 0.0521341 0.052134 0.0521338 0.0521337 0.0521336 0.0521335 0.0521334 0.0521333 0.0521333 0.0521332 0.0521331 0.0521331 0.0521331 0.0521331 0.052133 0.0521331 0.0521331 0.0521331 0.0521332 0.0521332 0.0521333 0.0521334 0.0521335 0.0521336 0.0521337 0.0521338 0.0521339 0.052134 0.0521342 0.0521343 0.0521344 0.0521345 
0.155512 0.155512 0.155512 0.155512 0.155512 0.155512 0.155512 0.155512 0.155512 0.155512 0.155512 0.155513 0.155513 0.155513 0.155513 0.155513 0.155513 0.155513 0.155513 0.155513 0.155513 0.155513 0.155513 0.155513 0.155513 0.155512 0.155512 0.155512 0.155512 0.155512 0.155512 0.155512 0.155512 0.155512 0.155512 0.155512 0.155512 0.155512 0.155511 0.155511 0.155511 0.155511 0.155511 0.155511 0.155511 0.155511 0.155511 0.155511 0.155511 0.155511 0.155511 0.155511 0.155511 0.155511 0.155511 0.155511 0.155511 0.155511 0.155511 0.155511 0.155512 0.155512 
0.256281 0.256281 0.256281 0.256281 0.25628 0.25628 0.25628 0.25628 0.25628 0.25628 0.256279 0.256279 0.256279 0.256279 0.256279 0.256279 0.256279 0.256279 0.256279 0.256279 0.256279 0.256279 0.256279 0.256279 0.256279 0.256279 0.256279 0.256279 0.256279 0.25628 0.25628 0.25628 0.25628 0.25628 0.25628 0.25628 0.256281 0.256281 0.256281 0.256281 0.256281 0.256281 0.256281 0.256281 0.256282 0.256282 0.256282 0.256282 0.256282 0.256282 0.256282 0.256282 0.256282 0.256282 0.256282 0.256282 0.256282 0.256282 0.256282 0.256281 0.256281 0.256281 
0.352904 0.352904 0.352904 0.352904 0.352903 0.352903 0.352903 0.352902 0.352902 0.352902 0.352901 0.352901 0.3529 0.3529 0.3529 0.352899 0.352899 0.352899 0.352898 0.352898 0.352898 0.352897 0.352897 0.352897 0.352897 0.352897 0.352897 0.352897 0.352897 0.352897 0.352897 0.352897 0.352897 0.352897 0.352898 0.352898 0.352898 0.352898 0.352899 0.352899 0.3529 0.3529 0.3529 0.352901 0.352901 0.352902 0.352902 0.352902 0.352903 0.352903 0.352903 0.352904 0.352904 0.352904 0.352904 0.352904 0.352904 0.352905 0.352905 0.352905 0.352905 0.352904 
0.444093 0.444093 0.444093 0.444093 0.444093 0.444093 0.444093 0.444093 0.444093 0.444092 0.444092 0.444092 0.444092 0.444091 0.444091 0.444091 0.44409 0.44409 0.44409 0.44409 0.444089 0.444089 0.444089 0.444088 0.444088 0.444088 0.444088 0.444087 0.444087 0.444087 0.444087 0.444087 0.444087 0.444087 0.444087 0.444087 0.444087 0.444087 0.444087 0.444087 0.444087 0.444087 0.444088 0.444088 0.444088 0.444088 0.444089 0.444089 0.444089 0.44409 0.44409 0.44409 0.444091 0.444091 0.444091 0.444092 0.444092 0.444092 0.444092 0.444093 0.444093 0.444093 
0.528852 0.528851 0.528851 0.52885 0.52885 0.52885 0.52885 0.528849 0.528849 0.528849 0.528849 0.528849 0.528848 0.528848 0.528848 0.528848 0.528849 0.528849 0.528849 0.528849 0.528849 0.52885 0.52885 0.52885 0.528851 0.528851 0.528852 0.528852 0.528852 0.528853 0.528853 0.528854 0.528854 0.528855 0.528855 0.528855 0.528856 0.528856 0.528856 0.528856 0.528857 0.528857 0.528857 0.528857 0.528857 0.528857 0.528857 0.528857 0.528856 0.528856 0.528856 0.528856 0.528855 0.528855 0.528855 0.528854 0.528854 0.528854 0.528853 0.528853 0.528852 0.528852 
0.606476 0.606474 0.606472 0.60647 0.606468 0.606466 0.606464 0.606462 0.60646 0.606459 0.606457 0.606455 0.606454 0.606453 0.606452 0.606451 0.60645 0.606449 0.606449 0.606449 0.606449 0.606449 0.60645 0.606451 0.606451 0.606453 0.606454 0.606455 0.606457 0.606459 0.60646 0.606462 0.606464 0.606466 0.606468 0.60647 0.606472 0.606474 0.606476 0.606478 0.60648 0.606482 0.606483 0.606485 0.606486 0.606487 0.606488 0.606489 0.606489 0.606489 0.606489 0.606489 0.606489 0.606489 0.606488 0.606487 0.606486 0.606485 0.606483 0.606482 0.60648 0.606478 
0.67649 0.676488 0.676485 0.676482 0.676479 0.676475 0.676471 0.676467 0.676463 0.676458 0.676454 0.676449 0.676445 0.676441 0.676437 0.676433 0.676429 0.676425 0.676422 0.676419 0.676417 0.676414 0.676413 0.676411 0.67641 0.67641 0.67641 0.67641 0.676411 0.676412 0.676414 0.676416 0.676419 0.676421 0.676425 0.676428 0.676432 0.676436 0.67644 0.676444 0.676448 0.676453 0.676457 0.676461 0.676466 0.67647 0.676474 0.676478 0.676481 0.676484 0.676487 0.67649 0.676492 0.676494 0.676495 0.676496 0.676496 0.676496 0.676496 0.676495 0.676494 0.676492 
0.738564 0.738564 0.738564 0.738563 0.738561 0.738559 0.738556 0.738552 0.738548 0.738543 0.738538 0.738533 0.738527 0.73852 0.738514 0.738507 0.7385 0.738493 0.738487 0.73848 0.738473 0.738467 0.738461 0.738456 0.738451 0.738446 0.738442 0.738438 0.738435 0.738433 0.738431 0.73843 0.73843 0.73843 0.738431 0.738433 0.738435 0.738438 0.738442 0.738446 0.738451 0.738456 0.738462 0.738468 0.738474 0.738481 0.738487 0.738494 0.738501 0.738508 0.738514 0.738521 0.738527 0.738533 0.738539 0.738544 0.738548 0.738552 0.738556 0.738559 0.738561 0.738563 
0.792482 0.792487 0.792491 0.792495 0.792498 0.7925 0.792501 0.792502 0.792501 0.7925 0.792497 0.792494 0.792491 0.792486 0.792481 0.792475 0.792469 0.792462 0.792454 0.792447 0.792439 0.79243 0.792422 0.792414 0.792405 0.792397 0.792389 0.792381 0.792374 0.792367 0.792361 0.792355 0.79235 0.792346 0.792342 0.792339 0.792337 0.792336 0.792336 0.792337 0.792338 0.79234 0.792343 0.792347 0.792352 0.792357 0.792363 0.792369 0.792376 0.792383 0.792391 0.792399 0.792408 0.792416 0.792424 0.792433 0.792441 0.792449 0.792456 0.792464 0.79247 0.792477 
0.838141 0.838149 0.838156 0.838163 0.83817 0.838176 0.838181 0.838186 0.83819 0.838193 0.838196 0.838197 0.838198 0.838198 0.838197 0.838196 0.838193 0.83819 0.838186 0.838181 0.838176 0.83817 0.838164 0.838156 0.838149 0.838141 0.838133 0.838125 0.838117 0.838109 0.8381 0.838092 0.838085 0.838077 0.83807 0.838064 0.838058 0.838052 0.838048 0.838044 0.83804 0.838038 0.838036 0.838036 0.838036 0.838036 0.838038 0.838041 0.838044 0.838048 0.838053 0.838058 0.838064 0.838071 0.838078 0.838085 0.838093 0.838101 0.838109 0.838117 0.838125 0.838133 
0.875519 0.875525 0.875531 0.875537 0.875544 0.87555 0.875556 0.875562 0.875567 0.875572 0.875577 0.875582 0.875586 0.87559 0.875593 0.875595 0.875597 0.875599 0.875599 0.875599 0.875599 0.875598 0.875596 0.875594 0.875591 0.875587 0.875583 0.875579 0.875574 0.875569 0.875563 0.875557 0.875551 0.875545 0.875539 0.875533 0.875527 0.875521 0.875515 0.875509 0.875504 0.875499 0.875495 0.875491 0.875487 0.875484 0.875481 0.87548 0.875478 0.875478 0.875478 0.875478 0.875479 0.875481 0.875483 0.875486 0.87549 0.875494 0.875498 0.875503 0.875508 0.875514 
0.904621 0.904621 0.904622 0.904624 0.904626 0.904628 0.90463 0.904633 0.904636 0.904639 0.904643 0.904646 0.904649 0.904653 0.904657 0.904661 0.904664 0.904668 0.904672 0.904675 0.904678 0.904681 0.904684 0.904686 0.904688 0.90469 0.904692 0.904693 0.904694 0.904694 0.904694 0.904694 0.904693 0.904692 0.90469 0.904688 0.904686 0.904684 0.904681 0.904678 0.904675 0.904672 0.904668 0.904665 0.904661 0.904657 0.904654 0.90465 0.904646 0.904643 0.904639 0.904636 0.904633 0.904631 0.904628 0.904626 0.904624 0.904623 0.904622 0.904621 0.90462 0.90462 
0.925437 0.925432 0.925426 0.925422 0.925418 0.925414 0.925411 0.925409 0.925407 0.925404 0.925404 0.925404 0.925403 0.925404 0.925406 0.925408 0.92541 0.925413 0.925418 0.925421 0.925424 0.92543 0.925436 0.92544 0.925445 0.925452 0.925458 0.925463 0.925469 0.925475 0.925481 0.925485 0.925491 0.925496 0.925501 0.925504 0.925508 0.925512 0.925514 0.925516 0.925518 0.925519 0.925519 0.925519 0.925518 0.925516 0.925514 0.925512 0.925509 0.925505 0.925501 0.925497 0.925492 0.925487 0.925482 0.925476 0.925471 0.925465 0.925459 0.925453 0.925447 0.925442 
0.937941 0.937931 0.937922 0.937912 0.937904 0.937895 0.937887 0.93788 0.937873 0.937867 0.937861 0.937858 0.937854 0.937851 0.93785 0.93785 0.93785 0.93785 0.937854 0.937858 0.93786 0.937865 0.937873 0.937879 0.937885 0.937894 0.937903 0.937911 0.93792 0.93793 0.93794 0.937949 0.937958 0.937969 0.937978 0.937986 0.937995 0.938003 0.938011 0.938017 0.938023 0.938028 0.938032 0.938036 0.938038 0.93804 0.93804 0.93804 0.938038 0.938036 0.938033 0.938028 0.938023 0.938018 0.938011 0.938003 0.937996 0.937987 0.937978 0.937969 0.93796 0.93795 
0.942107 0.942095 0.942083 0.942072 0.942061 0.94205 0.94204 0.94203 0.942022 0.942014 0.942007 0.942001 0.941996 0.941993 0.94199 0.941989 0.941989 0.94199 0.941993 0.941996 0.942001 0.942007 0.942013 0.942021 0.94203 0.942039 0.942049 0.94206 0.942071 0.942082 0.942094 0.942106 0.942118 0.94213 0.942141 0.942152 0.942163 0.942173 0.942183 0.942191 0.942199 0.942206 0.942212 0.942216 0.94222 0.942222 0.942224 0.942223 0.942222 0.94222 0.942216 0.942212 0.942206 0.942199 0.942191 0.942183 0.942173 0.942163 0.942153 0.942142 0.94213 0.942118 
0.937922 0.93791 0.937899 0.937889 0.937878 0.937869 0.937861 0.937853 0.937845 0.93784 0.937836 0.937831 0.937829 0.937829 0.937828 0.937828 0.937831 0.937836 0.937839 0.937844 0.937853 0.93786 0.937867 0.937877 0.937889 0.937899 0.937908 0.937921 0.937934 0.937945 0.937956 0.937968 0.93798 0.937991 0.938001 0.938012 0.938021 0.938029 0.938037 0.938044 0.93805 0.938055 0.938058 0.938061 0.938062 0.938062 0.938061 0.938059 0.938055 0.93805 0.938045 0.938038 0.93803 0.938021 0.938012 0.938002 0.937991 0.93798 0.937969 0.937957 0.937945 0.937934 
0.925395 0.925387 0.92538 0.925373 0.925368 0.925363 0.92536 0.925357 0.925356 0.925356 0.925356 0.925357 0.925361 0.925365 0.925369 0.925375 0.925383 0.92539 0.925397 0.925407 0.925418 0.925426 0.925436 0.925448 0.925459 0.925468 0.925479 0.92549 0.925501 0.925509 0.925519 0.925528 0.925536 0.925543 0.925549 0.925555 0.925559 0.925563 0.925565 0.925567 0.925567 0.925566 0.925565 0.925562 0.925558 0.925553 0.925547 0.92554 0.925533 0.925524 0.925515 0.925506 0.925496 0.925486 0.925475 0.925464 0.925453 0.925443 0.925433 0.925422 0.925413 0.925404 
0.904555 0.904553 0.904553 0.904554 0.904556 0.904559 0.904563 0.904568 0.904574 0.90458 0.904588 0.904596 0.904605 0.904614 0.904624 0.904634 0.904645 0.904655 0.904666 0.904676 0.904687 0.904696 0.904706 0.904715 0.904724 0.904731 0.904739 0.904745 0.90475 0.904754 0.904758 0.90476 0.904762 0.904762 0.904761 0.904759 0.904756 0.904752 0.904747 0.904741 0.904734 0.904727 0.904719 0.90471 0.9047 0.904691 0.90468 0.90467 0.904659 0.904649 0.904638 0.904628 0.904618 0.904608 0.904599 0.904591 0.904583 0.904576 0.90457 0.904565 0.90456 0.904557 
0.875439 0.875446 0.875453 0.875462 0.875471 0.875481 0.875492 0.875503 0.875515 0.875527 0.875538 0.87555 0.875562 0.875574 0.875585 0.875596 0.875606 0.875615 0.875624 0.875632 0.875638 0.875644 0.875649 0.875653 0.875655 0.875656 0.875656 0.875655 0.875653 0.875649 0.875644 0.875639 0.875632 0.875624 0.875615 0.875606 0.875596 0.875585 0.875574 0.875562 0.875551 0.875539 0.875527 0.875515 0.875503 0.875492 0.875482 0.875471 0.875462 0.875453 0.875446 0.875439 0.875433 0.875428 0.875425 0.875422 0.875421 0.875421 0.875423 0.875425 0.875428 0.875433 
0.838071 0.838083 0.838096 0.838109 0.838122 0.838135 0.838148 0.83816 0.838172 0.838184 0.838194 0.838204 0.838213 0.838222 0.838229 0.838234 0.838239 0.838242 0.838245 0.838245 0.838245 0.838243 0.83824 0.838236 0.83823 0.838223 0.838215 0.838207 0.838197 0.838186 0.838175 0.838163 0.838151 0.838138 0.838125 0.838112 0.838099 0.838086 0.838074 0.838062 0.83805 0.83804 0.83803 0.838021 0.838013 0.838006 0.838 0.837995 0.837992 0.83799 0.837989 0.83799 0.837991 0.837995 0.837999 0.838005 0.838011 0.838019 0.838028 0.838038 0.838048 0.83806 
0.79245 0.792462 0.792473 0.792484 0.792494 0.792504 0.792512 0.79252 0.792527 0.792532 0.792536 0.79254 0.792541 0.792542 0.792541 0.792539 0.792536 0.792532 0.792526 0.79252 0.792512 0.792503 0.792494 0.792484 0.792473 0.792461 0.792449 0.792437 0.792425 0.792412 0.7924 0.792388 0.792376 0.792364 0.792353 0.792343 0.792334 0.792325 0.792318 0.792311 0.792306 0.792302 0.792298 0.792297 0.792296 0.792297 0.792299 0.792302 0.792306 0.792312 0.792319 0.792326 0.792335 0.792344 0.792355 0.792366 0.792377 0.792389 0.792401 0.792414 0.792426 0.792438 
0.738576 0.738582 0.738587 0.738592 0.738595 0.738597 0.738598 0.738598 0.738597 0.738595 0.738593 0.738589 0.738584 0.738578 0.738571 0.738564 0.738556 0.738547 0.738538 0.738529 0.738519 0.738509 0.738499 0.738488 0.738478 0.738468 0.738459 0.738449 0.738441 0.738432 0.738425 0.738418 0.738412 0.738407 0.738403 0.7384 0.738398 0.738397 0.738396 0.738397 0.738399 0.738402 0.738406 0.738411 0.738417 0.738423 0.738431 0.738439 0.738447 0.738457 0.738466 0.738476 0.738486 0.738496 0.738507 0.738517 0.738527 0.738536 0.738545 0.738554 0.738562 0.73857 
0.676523 0.676522 0.676521 0.676519 0.676517 0.676514 0.67651 0.676506 0.676501 0.676495 0.676489 0.676483 0.676477 0.67647 0.676463 0.676456 0.676449 0.676442 0.676435 0.676429 0.676422 0.676416 0.67641 0.676405 0.6764 0.676396 0.676392 0.676389 0.676387 0.676385 0.676384 0.676384 0.676385 0.676386 0.676388 0.67639 0.676393 0.676397 0.676401 0.676406 0.676412 0.676418 0.676424 0.67643 0.676437 0.676444 0.676451 0.676458 0.676465 0.676472 0.676478 0.676485 0.676491 0.676497 0.676502 0.676507 0.676511 0.676514 0.676517 0.67652 0.676521 0.676522 
0.606497 0.606494 0.606491 0.606488 0.606485 0.606481 0.606477 0.606474 0.60647 0.606466 0.606462 0.606459 0.606455 0.606452 0.606449 0.606446 0.606443 0.60644 0.606438 0.606436 0.606435 0.606433 0.606433 0.606432 0.606432 0.606432 0.606433 0.606434 0.606436 0.606437 0.60644 0.606442 0.606445 0.606448 0.606451 0.606454 0.606458 0.606461 0.606465 0.606469 0.606473 0.606476 0.60648 0.606484 0.606487 0.60649 0.606493 0.606496 0.606499 0.606501 0.606503 0.606504 0.606505 0.606506 0.606506 0.606507 0.606506 0.606505 0.606504 0.606503 0.606501 0.606499 
0.528853 0.528851 0.52885 0.528849 0.528848 0.528847 0.528845 0.528844 0.528844 0.528843 0.528842 0.528841 0.528841 0.528841 0.52884 0.52884 0.52884 0.52884 0.528841 0.528841 0.528841 0.528842 0.528843 0.528844 0.528845 0.528846 0.528847 0.528848 0.528849 0.52885 0.528852 0.528853 0.528854 0.528855 0.528857 0.528858 0.528859 0.52886 0.528861 0.528862 0.528863 0.528864 0.528864 0.528865 0.528865 0.528865 0.528865 0.528865 0.528865 0.528865 0.528864 0.528864 0.528863 0.528863 0.528862 0.528861 0.52886 0.528859 0.528857 0.528856 0.528855 0.528854 
0.444089 0.44409 0.44409 0.44409 0.44409 0.444091 0.444091 0.444091 0.444091 0.444091 0.444092 0.444092 0.444092 0.444092 0.444092 0.444092 0.444092 0.444092 0.444092 0.444092 0.444092 0.444092 0.444092 0.444092 0.444092 0.444091 0.444091 0.444091 0.444091 0.444091 0.44409 0.44409 0.44409 0.44409 0.44409 0.444089 0.444089 0.444089 0.444089 0.444089 0.444088 0.444088 0.444088 0.444088 0.444088 0.444088 0.444088 0.444088 0.444088 0.444088 0.444088 0.444088 0.444088 0.444088 0.444088 0.444088 0.444088 0.444088 0.444089 0.444089 0.444089 0.444089 
0.352906 0.352907 0.352907 0.352907 0.352907 0.352907 0.352907 0.352906 0.352906 0.352906 0.352905 0.352905 0.352905 0.352904 0.352904 0.352903 0.352902 0.352902 0.352901 0.352901 0.3529 0.352899 0.352899 0.352898 0.352898 0.352897 0.352897 0.352896 0.352896 0.352896 0.352895 0.352895 0.352895 0.352895 0.352895 0.352895 0.352895 0.352895 0.352895 0.352895 0.352895 0.352896 0.352896 0.352897 0.352897 0.352898 0.352898 0.352899 0.352899 0.3529 0.352901 0.352901 0.352902 0.352902 0.352903 0.352904 0.352904 0.352905 0.352905 0.352905 0.352906 0.352906 
0.256285 0.256284 0.256284 0.256284 0.256283 0.256283 0.256283 0.256282 0.256282 0.256281 0.256281 0.25628 0.25628 0.256279 0.256279 0.256278 0.256278 0.256277 0.256277 0.256277 0.256276 0.256276 0.256276 0.256276 0.256276 0.256276 0.256276 0.256276 0.256276 0.256276 0.256276 0.256276 0.256276 0.256277 0.256277 0.256277 0.256278 0.256278 0.256279 0.256279 0.25628 0.25628 0.256281 0.256281 0.256282 0.256282 0.256283 0.256283 0.256283 0.256284 0.256284 0.256284 0.256285 0.256285 0.256285 0.256285 0.256285 0.256285 0.256285 0.256285 0.256285 0.256285 
0.155512 0.155512 0.155512 0.155512 0.155512 0.155511 0.155511 0.155511 0.155511 0.15551 0.15551 0.15551 0.15551 0.15551 0.15551 0.15551 0.15551 0.15551 0.15551 0.15551 0.15551 0.15551 0.15551 0.15551 0.15551 0.15551 0.15551 0.155511 0.155511 0.155511 0.155511 0.155511 0.155512 0.155512 0.155512 0.155512 0.155512 0.155513 0.155513 0.155513 0.155513 0.155513 0.155514 0.155514 0.155514 0.155514 0.155514 0.155514 0.155514 0.155514 0.155514 0.155514 0.155514 0.155514 0.155514 0.155514 0.155514 0.155513 0.155513 0.155513 0.155513 0.155513 
0.0521342 0.0521342 0.0521342 0.0521342 0.0521342 0.0521342 0.0521342 0.0521342 0.0521342 0.0521342 0.0521342 0.0521343 0.0521343 0.0521343 0.0521343 0.0521343 0.0521343 0.0521344 0.0521344 0.0521344 0.0521344 0.0521344 0.0521344 0.0521344 0.0521344 0.0521344 0.0521344 0.0521344 0.0521345 0.0521345 0.0521345 0.0521345 0.0521344 0.0521344 0.0521344 0.0521344 0.0521344 0.0521344 0.0521344 0.0521344 0.0521344 0.0521344 0.0521344 0.0521343 0.0521343 0.0521343 0.0521343 0.0521343 0.0521343 0.0521343 0.0521342 0.0521342 0.0521342 0.0521342 0.0521342 0.0521342 0.0521342 0.0521342 0.0521342 0.0521342 0.0521342 0.0521342 
