0.0610116 0.0610036 0.060995 0.0609859 0.0609764 0.0609665 0.0609563 0.060946 0.0609357 0.0609254 0.0609153 0.0609056 0.0608962 0.0608872 0.0608789 0.0608712 0.0608643 0.0608582 0.060853 0.0608487 0.0608454 0.0608431 0.0608418 0.0608415 0.0608423 0.0608442 0.0608471 0.0608509 0.0608557 0.0608614 0.060868 0.0608753 0.0608833 0.060892 0.0609011 0.0609107 0.0609207 0.0609308 0.0609411 0.0609515 0.0609617 0.0609718 0.0609815 0.0609909 0.0609998 0.0610081 0.0610158 0.0610227 0.0610288 0.061034 0.0610383 0.0610416 0.0610439 0.0610452 0.0610455 0.0610447 0.0610429 0.0610401 0.0610362 0.0610314 0.0610258 0.061019 
0.179877 0.179861 0.179844 0.179825 0.179804 0.179783 0.179761 0.179738 0.179714 0.179691 0.179667 0.179644 0.179621 0.1796 0.179579 0.179559 0.179541 0.179524 0.179509 0.179496 0.179485 0.179477 0.17947 0.179466 0.179464 0.179465 0.179468 0.179473 0.179481 0.179491 0.179503 0.179516 0.179532 0.17955 0.179569 0.179589 0.17961 0.179633 0.179656 0.179679 0.179702 0.179726 0.179749 0.179772 0.179793 0.179814 0.179834 0.179852 0.179869 0.179884 0.179897 0.179907 0.179916 0.179923 0.179927 0.179929 0.179928 0.179925 0.17992 0.179912 0.179903 0.179891 
0.291937 0.291925 0.29191 0.291892 0.291873 0.291851 0.291828 0.291803 0.291776 0.291749 0.291721 0.291692 0.291663 0.291634 0.291606 0.291578 0.291551 0.291526 0.291502 0.29148 0.291459 0.291441 0.291426 0.291413 0.291402 0.291394 0.29139 0.291388 0.291389 0.291393 0.291399 0.291409 0.291421 0.291436 0.291453 0.291473 0.291495 0.291518 0.291543 0.291569 0.291597 0.291625 0.291653 0.291682 0.291711 0.291739 0.291767 0.291794 0.291819 0.291843 0.291865 0.291885 0.291903 0.291919 0.291932 0.291943 0.29195 0.291955 0.291957 0.291956 0.291952 0.291946 
0.395965 0.395962 0.395955 0.395946 0.395933 0.395918 0.395899 0.395879 0.395856 0.395831 0.395805 0.395777 0.395748 0.395718 0.395687 0.395656 0.395625 0.395594 0.395564 0.395536 0.395508 0.395482 0.395458 0.395436 0.395416 0.395398 0.395384 0.395372 0.395363 0.395358 0.395355 0.395355 0.395359 0.395366 0.395375 0.395388 0.395403 0.395422 0.395442 0.395465 0.395489 0.395516 0.395544 0.395573 0.395603 0.395634 0.395664 0.395695 0.395726 0.395756 0.395784 0.395812 0.395838 0.395862 0.395884 0.395904 0.395921 0.395936 0.395947 0.395956 0.395962 0.395965 
0.491683 0.491689 0.491692 0.491692 0.491688 0.491682 0.491672 0.491659 0.491644 0.491625 0.491605 0.491581 0.491556 0.491529 0.491501 0.491471 0.49144 0.491408 0.491377 0.491345 0.491314 0.491283 0.491254 0.491225 0.491199 0.491174 0.491151 0.491131 0.491113 0.491098 0.491086 0.491077 0.491071 0.491068 0.491069 0.491072 0.491079 0.491089 0.491102 0.491117 0.491136 0.491157 0.49118 0.491205 0.491232 0.49126 0.49129 0.491321 0.491352 0.491384 0.491415 0.491446 0.491477 0.491506 0.491534 0.491561 0.491586 0.491608 0.491628 0.491646 0.491661 0.491673 
0.579045 0.57906 0.579071 0.57908 0.579086 0.579088 0.579088 0.579084 0.579078 0.579068 0.579055 0.57904 0.579021 0.579001 0.578978 0.578953 0.578926 0.578898 0.578869 0.578839 0.578808 0.578777 0.578746 0.578716 0.578686 0.578657 0.57863 0.578604 0.57858 0.578558 0.578538 0.578521 0.578507 0.578495 0.578487 0.578481 0.578479 0.57848 0.578484 0.578491 0.578501 0.578513 0.578529 0.578547 0.578568 0.578591 0.578616 0.578642 0.57867 0.578699 0.578729 0.57876 0.578791 0.578822 0.578852 0.578881 0.57891 0.578937 0.578963 0.578987 0.579009 0.579028 
0.658055 0.658075 0.658093 0.658108 0.658121 0.658132 0.65814 0.658145 0.658147 0.658146 0.658142 0.658136 0.658126 0.658114 0.6581 0.658082 0.658063 0.658042 0.658018 0.657993 0.657967 0.65794 0.657912 0.657883 0.657854 0.657826 0.657798 0.65777 0.657744 0.657718 0.657695 0.657673 0.657653 0.657635 0.657619 0.657606 0.657596 0.657588 0.657584 0.657582 0.657583 0.657587 0.657594 0.657603 0.657616 0.65763 0.657648 0.657667 0.657688 0.657712 0.657736 0.657763 0.65779 0.657818 0.657846 0.657874 0.657903 0.657931 0.657958 0.657985 0.65801 0.658033 
0.728721 0.728743 0.728763 0.728783 0.728801 0.728817 0.728831 0.728843 0.728852 0.728859 0.728864 0.728867 0.728866 0.728864 0.728859 0.728851 0.728841 0.728828 0.728814 0.728797 0.728779 0.728759 0.728737 0.728714 0.728691 0.728667 0.728642 0.728617 0.728592 0.728567 0.728543 0.72852 0.728498 0.728477 0.728457 0.72844 0.728424 0.72841 0.728398 0.728389 0.728382 0.728377 0.728375 0.728376 0.728379 0.728384 0.728392 0.728402 0.728415 0.728429 0.728446 0.728464 0.728484 0.728505 0.728528 0.728551 0.728576 0.7286 0.728625 0.72865 0.728674 0.728698 
0.791054 0.791074 0.791094 0.791114 0.791133 0.791152 0.791169 0.791185 0.7912 0.791213 0.791225 0.791235 0.791243 0.791249 0.791254 0.791256 0.791256 0.791254 0.791249 0.791243 0.791235 0.791224 0.791212 0.791199 0.791184 0.791167 0.79115 0.791131 0.791112 0.791092 0.791072 0.791051 0.791031 0.79101 0.79099 0.790971 0.790953 0.790936 0.790919 0.790905 0.790891 0.79088 0.79087 0.790862 0.790856 0.790853 0.790851 0.790851 0.790853 0.790858 0.790864 0.790872 0.790882 0.790894 0.790908 0.790923 0.790939 0.790957 0.790975 0.790994 0.791014 0.791034 
0.845066 0.845081 0.845097 0.845113 0.845131 0.845148 0.845165 0.845183 0.8452 0.845217 0.845233 0.845249 0.845264 0.845277 0.84529 0.845301 0.845311 0.845319 0.845325 0.84533 0.845333 0.845334 0.845334 0.845331 0.845327 0.845321 0.845313 0.845304 0.845294 0.845282 0.845269 0.845254 0.845239 0.845223 0.845206 0.845189 0.845172 0.845154 0.845137 0.845119 0.845102 0.845086 0.845071 0.845056 0.845043 0.84503 0.845019 0.84501 0.845002 0.844996 0.844991 0.844988 0.844987 0.844988 0.84499 0.844994 0.845 0.845008 0.845017 0.845027 0.845039 0.845052 
0.890765 0.890772 0.890781 0.890791 0.890803 0.890817 0.890832 0.890848 0.890865 0.890882 0.890901 0.890919 0.890938 0.890958 0.890977 0.890995 0.891013 0.891031 0.891047 0.891063 0.891077 0.89109 0.891101 0.891111 0.891118 0.891124 0.891129 0.891131 0.891131 0.89113 0.891126 0.891121 0.891113 0.891104 0.891094 0.891082 0.891068 0.891053 0.891037 0.89102 0.891002 0.890984 0.890965 0.890946 0.890927 0.890908 0.890889 0.890871 0.890854 0.890838 0.890822 0.890808 0.890796 0.890785 0.890775 0.890767 0.890761 0.890757 0.890755 0.890755 0.890756 0.89076 
0.928155 0.928153 0.928153 0.928156 0.928161 0.928169 0.928179 0.928191 0.928205 0.928222 0.92824 0.92826 0.928281 0.928304 0.928327 0.928352 0.928376 0.928401 0.928427 0.928452 0.928476 0.928499 0.928522 0.928543 0.928563 0.928581 0.928597 0.928611 0.928623 0.928633 0.92864 0.928645 0.928647 0.928647 0.928644 0.928638 0.928631 0.928621 0.928608 0.928594 0.928577 0.928559 0.928539 0.928517 0.928495 0.928471 0.928447 0.928422 0.928397 0.928372 0.928347 0.928323 0.9283 0.928278 0.928256 0.928237 0.928219 0.928203 0.928189 0.928177 0.928167 0.92816 
0.957239 0.957228 0.957219 0.957213 0.957211 0.957212 0.957216 0.957224 0.957234 0.957248 0.957265 0.957284 0.957306 0.95733 0.957356 0.957384 0.957414 0.957445 0.957477 0.957509 0.957542 0.957574 0.957606 0.957638 0.957668 0.957697 0.957724 0.957749 0.957772 0.957792 0.95781 0.957825 0.957836 0.957845 0.957851 0.957853 0.957852 0.957847 0.95784 0.957829 0.957815 0.957798 0.957779 0.957757 0.957732 0.957706 0.957678 0.957648 0.957617 0.957586 0.957553 0.957521 0.957488 0.957457 0.957425 0.957395 0.957367 0.95734 0.957315 0.957292 0.957272 0.957254 
0.978017 0.977997 0.97798 0.977968 0.977959 0.977954 0.977952 0.977955 0.977962 0.977973 0.977987 0.978005 0.978026 0.978051 0.978079 0.978109 0.978142 0.978177 0.978213 0.978251 0.97829 0.978329 0.978368 0.978407 0.978446 0.978483 0.978519 0.978553 0.978584 0.978614 0.97864 0.978663 0.978683 0.9787 0.978712 0.978721 0.978726 0.978727 0.978724 0.978717 0.978706 0.978692 0.978674 0.978652 0.978627 0.978599 0.978569 0.978536 0.978501 0.978465 0.978427 0.978388 0.978349 0.97831 0.978271 0.978233 0.978196 0.97816 0.978126 0.978095 0.978066 0.978039 
0.990484 0.990459 0.990438 0.99042 0.990406 0.990397 0.990392 0.990391 0.990395 0.990404 0.990416 0.990433 0.990454 0.990478 0.990507 0.990538 0.990572 0.990609 0.990648 0.990689 0.990732 0.990775 0.990819 0.990863 0.990907 0.99095 0.990991 0.991031 0.991068 0.991103 0.991135 0.991164 0.991189 0.991211 0.991229 0.991242 0.991251 0.991256 0.991256 0.991252 0.991244 0.991231 0.991214 0.991193 0.991169 0.99114 0.991109 0.991074 0.991037 0.990998 0.990957 0.990914 0.990871 0.990827 0.990783 0.99074 0.990698 0.990656 0.990617 0.990579 0.990545 0.990513 
0.994641 0.994613 0.99459 0.99457 0.994555 0.994544 0.994538 0.994536 0.994539 0.994546 0.994558 0.994574 0.994595 0.994619 0.994648 0.994679 0.994714 0.994752 0.994792 0.994834 0.994878 0.994923 0.994968 0.995014 0.995059 0.995104 0.995147 0.995189 0.995229 0.995266 0.9953 0.995331 0.995358 0.995381 0.995401 0.995416 0.995427 0.995433 0.995435 0.995432 0.995424 0.995412 0.995396 0.995375 0.99535 0.995322 0.99529 0.995255 0.995217 0.995177 0.995135 0.995091 0.995047 0.995001 0.994956 0.99491 0.994866 0.994823 0.994781 0.994742 0.994705 0.994671 
0.990484 0.990458 0.990437 0.990419 0.990405 0.990396 0.990391 0.99039 0.990394 0.990402 0.990415 0.990431 0.990452 0.990477 0.990505 0.990536 0.990571 0.990608 0.990647 0.990688 0.990731 0.990774 0.990818 0.990862 0.990906 0.990949 0.990991 0.99103 0.991068 0.991103 0.991135 0.991164 0.99119 0.991212 0.991229 0.991243 0.991252 0.991257 0.991258 0.991254 0.991245 0.991233 0.991216 0.991195 0.99117 0.991142 0.99111 0.991076 0.991039 0.990999 0.990958 0.990916 0.990872 0.990829 0.990785 0.990741 0.990698 0.990657 0.990617 0.99058 0.990545 0.990513 
0.978015 0.977995 0.977978 0.977965 0.977956 0.977951 0.97795 0.977952 0.977959 0.977969 0.977984 0.978002 0.978023 0.978048 0.978076 0.978106 0.978139 0.978174 0.978211 0.978249 0.978288 0.978327 0.978367 0.978406 0.978445 0.978483 0.978519 0.978553 0.978585 0.978614 0.978641 0.978665 0.978685 0.978701 0.978714 0.978723 0.978729 0.97873 0.978727 0.97872 0.97871 0.978695 0.978677 0.978655 0.97863 0.978603 0.978572 0.978539 0.978504 0.978467 0.97843 0.978391 0.978351 0.978312 0.978272 0.978234 0.978196 0.97816 0.978126 0.978094 0.978065 0.978038 
0.957236 0.957224 0.957215 0.957209 0.957207 0.957207 0.957212 0.957219 0.95723 0.957243 0.95726 0.957279 0.957301 0.957326 0.957352 0.957381 0.957411 0.957442 0.957474 0.957507 0.95754 0.957573 0.957606 0.957638 0.957668 0.957698 0.957725 0.957751 0.957774 0.957795 0.957813 0.957828 0.95784 0.957849 0.957855 0.957857 0.957856 0.957852 0.957845 0.957834 0.95782 0.957803 0.957784 0.957761 0.957737 0.95771 0.957682 0.957652 0.957621 0.957589 0.957556 0.957523 0.95749 0.957458 0.957426 0.957395 0.957366 0.957339 0.957313 0.95729 0.957269 0.957251 
0.928149 0.928146 0.928146 0.928149 0.928154 0.928161 0.928172 0.928184 0.928199 0.928215 0.928234 0.928254 0.928276 0.928299 0.928323 0.928348 0.928373 0.928399 0.928425 0.928451 0.928476 0.9285 0.928523 0.928545 0.928566 0.928584 0.928601 0.928615 0.928628 0.928638 0.928646 0.928651 0.928653 0.928653 0.928651 0.928646 0.928638 0.928628 0.928615 0.9286 0.928584 0.928565 0.928545 0.928523 0.9285 0.928475 0.928451 0.928425 0.9284 0.928374 0.928348 0.928324 0.928299 0.928276 0.928255 0.928234 0.928216 0.928199 0.928184 0.928172 0.928162 0.928154 
0.890755 0.890762 0.89077 0.890781 0.890793 0.890807 0.890822 0.890839 0.890856 0.890875 0.890894 0.890914 0.890934 0.890954 0.890974 0.890993 0.891012 0.891031 0.891049 0.891065 0.89108 0.891094 0.891106 0.891117 0.891125 0.891132 0.891137 0.891139 0.89114 0.891139 0.891136 0.891131 0.891123 0.891114 0.891104 0.891091 0.891077 0.891062 0.891046 0.891028 0.891009 0.89099 0.890971 0.890951 0.890931 0.890911 0.890891 0.890872 0.890854 0.890837 0.89082 0.890805 0.890792 0.89078 0.890769 0.890761 0.890754 0.890749 0.890746 0.890745 0.890746 0.890749 
0.845052 0.845067 0.845083 0.845101 0.845118 0.845137 0.845155 0.845174 0.845192 0.84521 0.845228 0.845245 0.845261 0.845276 0.845289 0.845302 0.845313 0.845323 0.845331 0.845337 0.845341 0.845343 0.845344 0.845342 0.845339 0.845333 0.845326 0.845318 0.845307 0.845296 0.845283 0.845268 0.845253 0.845236 0.845219 0.845201 0.845183 0.845164 0.845146 0.845128 0.845109 0.845092 0.845075 0.845059 0.845044 0.845031 0.845018 0.845007 0.844998 0.84499 0.844984 0.84498 0.844978 0.844978 0.844979 0.844982 0.844988 0.844994 0.845003 0.845013 0.845025 0.845038 
0.791037 0.791058 0.791079 0.7911 0.791121 0.79114 0.791159 0.791177 0.791193 0.791208 0.791222 0.791234 0.791244 0.791252 0.791258 0.791261 0.791263 0.791263 0.79126 0.791255 0.791248 0.791239 0.791228 0.791215 0.791201 0.791185 0.791168 0.791149 0.79113 0.79111 0.791089 0.791068 0.791046 0.791025 0.791004 0.790984 0.790964 0.790945 0.790928 0.790911 0.790896 0.790883 0.790871 0.790862 0.790854 0.790848 0.790845 0.790843 0.790844 0.790847 0.790852 0.790859 0.790868 0.790878 0.790891 0.790905 0.790921 0.790938 0.790957 0.790976 0.790996 0.791016 
0.728703 0.728726 0.728748 0.72877 0.728789 0.728807 0.728823 0.728837 0.728849 0.728858 0.728866 0.72887 0.728872 0.728871 0.728868 0.728863 0.728854 0.728844 0.72883 0.728815 0.728798 0.728779 0.728758 0.728736 0.728712 0.728688 0.728663 0.728638 0.728613 0.728587 0.728562 0.728538 0.728514 0.728492 0.728471 0.728451 0.728433 0.728417 0.728403 0.728392 0.728383 0.728376 0.728371 0.72837 0.728371 0.728374 0.72838 0.728388 0.728399 0.728412 0.728427 0.728445 0.728464 0.728484 0.728506 0.728529 0.728553 0.728578 0.728603 0.728629 0.728654 0.728679 
0.658038 0.65806 0.65808 0.658098 0.658114 0.658127 0.658137 0.658144 0.658149 0.658151 0.658149 0.658145 0.658138 0.658128 0.658116 0.6581 0.658083 0.658062 0.65804 0.658016 0.657991 0.657964 0.657936 0.657908 0.657879 0.65785 0.657821 0.657792 0.657765 0.657738 0.657713 0.657689 0.657667 0.657647 0.657629 0.657614 0.657601 0.657591 0.657584 0.657579 0.657578 0.657579 0.657584 0.657591 0.657601 0.657614 0.657629 0.657647 0.657667 0.657689 0.657713 0.657738 0.657765 0.657792 0.657821 0.65785 0.657879 0.657907 0.657936 0.657963 0.65799 0.658015 
0.579033 0.57905 0.579065 0.579076 0.579084 0.57909 0.579092 0.579091 0.579087 0.57908 0.579069 0.579056 0.57904 0.579021 0.579 0.578976 0.578951 0.578924 0.578895 0.578865 0.578835 0.578803 0.578772 0.578741 0.57871 0.57868 0.578651 0.578624 0.578598 0.578574 0.578552 0.578533 0.578516 0.578502 0.578491 0.578483 0.578477 0.578475 0.578477 0.578481 0.578488 0.578499 0.578512 0.578528 0.578547 0.578568 0.578592 0.578617 0.578644 0.578673 0.578702 0.578733 0.578764 0.578795 0.578826 0.578857 0.578887 0.578915 0.578943 0.578969 0.578992 0.579014 
0.491678 0.491687 0.491693 0.491696 0.491695 0.491691 0.491684 0.491674 0.49166 0.491644 0.491625 0.491604 0.49158 0.491554 0.491527 0.491497 0.491467 0.491436 0.491404 0.491372 0.49134 0.491309 0.491278 0.491248 0.49122 0.491193 0.491168 0.491146 0.491125 0.491108 0.491093 0.491081 0.491073 0.491067 0.491065 0.491065 0.49107 0.491077 0.491087 0.491101 0.491117 0.491136 0.491157 0.491181 0.491207 0.491234 0.491263 0.491293 0.491324 0.491356 0.491388 0.49142 0.491451 0.491482 0.491512 0.49154 0.491567 0.491591 0.491614 0.491634 0.491652 0.491666 
0.39597 0.395969 0.395965 0.395958 0.395948 0.395935 0.395919 0.3959 0.395879 0.395855 0.39583 0.395803 0.395774 0.395745 0.395714 0.395683 0.395651 0.39562 0.395589 0.395559 0.39553 0.395502 0.395476 0.395452 0.395429 0.39541 0.395393 0.395378 0.395367 0.395358 0.395353 0.395351 0.395352 0.395356 0.395363 0.395373 0.395386 0.395402 0.395421 0.395442 0.395465 0.395491 0.395518 0.395546 0.395576 0.395606 0.395638 0.395669 0.3957 0.395731 0.395761 0.39579 0.395818 0.395844 0.395868 0.39589 0.39591 0.395927 0.395941 0.395953 0.395961 0.395967 
0.29195 0.29194 0.291927 0.291912 0.291894 0.291873 0.291851 0.291827 0.291801 0.291774 0.291746 0.291717 0.291688 0.291659 0.291629 0.2916 0.291572 0.291545 0.29152 0.291495 0.291473 0.291453 0.291435 0.291419 0.291406 0.291396 0.291388 0.291384 0.291382 0.291384 0.291388 0.291396 0.291406 0.291419 0.291434 0.291452 0.291472 0.291494 0.291519 0.291544 0.291571 0.291599 0.291628 0.291657 0.291686 0.291716 0.291744 0.291772 0.291799 0.291825 0.291849 0.291872 0.291892 0.29191 0.291926 0.291939 0.291949 0.291956 0.291961 0.291963 0.291961 0.291957 
0.179894 0.179879 0.179863 0.179844 0.179824 0.179803 0.179781 0.179758 0.179735 0.179711 0.179686 0.179662 0.179638 0.179615 0.179593 0.179572 0.179552 0.179533 0.179517 0.179502 0.179489 0.179478 0.179469 0.179463 0.179459 0.179458 0.179459 0.179463 0.179468 0.179477 0.179487 0.1795 0.179514 0.179531 0.179549 0.179569 0.17959 0.179612 0.179635 0.179659 0.179683 0.179707 0.179731 0.179754 0.179778 0.1798 0.179821 0.179841 0.179859 0.179876 0.179891 0.179904 0.179915 0.179923 0.17993 0.179933 0.179935 0.179934 0.17993 0.179925 0.179917 0.179906 
0.0610197 0.0610117 0.061003 0.0609938 0.060984 0.0609739 0.0609634 0.0609527 0.0609419 0.0609311 0.0609204 0.0609099 0.0608998 0.0608902 0.0608811 0.0608726 0.0608649 0.060858 0.060852 0.0608469 0.0608428 0.0608397 0.0608377 0.0608368 0.060837 0.0608383 0.0608406 0.0608441 0.0608485 0.0608539 0.0608602 0.0608674 0.0608754 0.060884 0.0608933 0.0609031 0.0609133 0.0609238 0.0609345 0.0609453 0.060956 0.0609667 0.0609771 0.0609872 0.0609968 0.0610059 0.0610143 0.061022 0.0610289 0.061035 0.0610401 0.0610442 0.0610472 0.0610493 0.0610502 0.06105 0.0610488 0.0610465 0.0610431 0.0610388 0.0610334 0.061027 
