0.0517132 0.0517133 0.0517134 0.0517135 0.0517137 0.0517138 0.0517139 0.0517141 0.0517142 0.0517143 0.0517145 0.0517146 0.0517147 0.0517149 0.051715 0.0517151 0.0517152 0.0517153 0.0517154 0.0517155 0.0517155 0.0517155 0.0517156 0.0517156 0.0517156 0.0517156 0.0517155 0.0517155 0.0517154 0.0517154 0.0517153 0.0517152 0.0517151 0.051715 0.0517149 0.0517147 0.0517146 0.0517145 0.0517143 0.0517142 0.051714 0.0517139 0.0517138 0.0517136 0.0517135 0.0517134 0.0517133 0.0517132 0.0517131 0.051713 0.0517129 0.0517129 0.0517128 0.0517128 0.0517128 0.0517128 0.0517128 0.0517129 0.0517129 0.051713 0.051713 0.0517131 
0.154279 0.15428 0.15428 0.15428 0.15428 0.15428 0.15428 0.15428 0.154281 0.154281 0.154281 0.154281 0.154281 0.154281 0.154282 0.154282 0.154282 0.154282 0.154282 0.154282 0.154282 0.154282 0.154282 0.154283 0.154283 0.154283 0.154283 0.154282 0.154282 0.154282 0.154282 0.154282 0.154282 0.154282 0.154282 0.154282 0.154281 0.154281 0.154281 0.154281 0.154281 0.154281 0.15428 0.15428 0.15428 0.15428 0.15428 0.15428 0.15428 0.154279 0.154279 0.154279 0.154279 0.154279 0.154279 0.154279 0.154279 0.154279 0.154279 0.154279 0.154279 0.154279 
0.25432 0.25432 0.25432 0.25432 0.25432 0.25432 0.25432 0.25432 0.25432 0.25432 0.25432 0.25432 0.25432 0.25432 0.25432 0.25432 0.254321 0.254321 0.254321 0.254321 0.254321 0.254321 0.254321 0.254321 0.254321 0.254321 0.254321 0.254321 0.254321 0.254321 0.254321 0.254321 0.25432 0.25432 0.25432 0.25432 0.25432 0.25432 0.25432 0.25432 0.25432 0.25432 0.25432 0.25432 0.25432 0.25432 0.25432 0.254319 0.254319 0.254319 0.254319 0.254319 0.254319 0.254319 0.254319 0.254319 0.254319 0.254319 0.254319 0.254319 0.254319 0.25432 
0.35033 0.35033 0.35033 0.35033 0.35033 0.35033 0.35033 0.35033 0.35033 0.35033 0.35033 0.35033 0.35033 0.35033 0.35033 0.35033 0.35033 0.35033 0.35033 0.35033 0.350329 0.350329 0.350329 0.350329 0.350329 0.350329 0.350329 0.350329 0.350328 0.350328 0.350328 0.350328 0.350328 0.350328 0.350328 0.350328 0.350328 0.350328 0.350328 0.350328 0.350328 0.350328 0.350328 0.350328 0.350328 0.350328 0.350328 0.350328 0.350328 0.350328 0.350328 0.350328 0.350328 0.350328 0.350329 0.350329 0.350329 0.350329 0.350329 0.350329 0.350329 0.350329 
0.441041 0.441041 0.441041 0.441041 0.441041 0.441041 0.441041 0.441041 0.441041 0.441041 0.441041 0.441041 0.441041 0.441041 0.441041 0.441041 0.441041 0.441041 0.44104 0.44104 0.44104 0.44104 0.44104 0.44104 0.441039 0.441039 0.441039 0.441039 0.441039 0.441039 0.441039 0.441038 0.441038 0.441038 0.441038 0.441038 0.441038 0.441038 0.441038 0.441038 0.441038 0.441038 0.441038 0.441038 0.441038 0.441038 0.441038 0.441039 0.441039 0.441039 0.441039 0.441039 0.441039 0.441039 0.44104 0.44104 0.44104 0.44104 0.44104 0.44104 0.44104 0.441041 
0.525458 0.525458 0.525458 0.525458 0.525458 0.525457 0.525457 0.525457 0.525456 0.525456 0.525455 0.525455 0.525454 0.525454 0.525453 0.525453 0.525452 0.525452 0.525451 0.525451 0.52545 0.52545 0.525449 0.525449 0.525449 0.525448 0.525448 0.525448 0.525448 0.525447 0.525447 0.525447 0.525447 0.525448 0.525448 0.525448 0.525448 0.525449 0.525449 0.525449 0.52545 0.52545 0.525451 0.525451 0.525452 0.525452 0.525453 0.525453 0.525454 0.525454 0.525455 0.525455 0.525456 0.525456 0.525457 0.525457 0.525457 0.525457 0.525458 0.525458 0.525458 0.525458 
0.602846 0.602847 0.602847 0.602847 0.602847 0.602847 0.602847 0.602846 0.602846 0.602845 0.602844 0.602843 0.602841 0.60284 0.602839 0.602837 0.602835 0.602834 0.602832 0.60283 0.602828 0.602827 0.602825 0.602823 0.602822 0.60282 0.602819 0.602818 0.602816 0.602815 0.602815 0.602814 0.602813 0.602813 0.602813 0.602813 0.602813 0.602813 0.602814 0.602815 0.602815 0.602816 0.602818 0.602819 0.60282 0.602822 0.602823 0.602825 0.602827 0.602828 0.60283 0.602832 0.602834 0.602835 0.602837 0.602839 0.60284 0.602841 0.602843 0.602844 0.602845 0.602846 
0.672682 0.672684 0.672687 0.672689 0.672691 0.672693 0.672694 0.672695 0.672696 0.672696 0.672696 0.672696 0.672695 0.672694 0.672692 0.67269 0.672688 0.672686 0.672683 0.67268 0.672677 0.672674 0.67267 0.672667 0.672663 0.67266 0.672656 0.672653 0.672649 0.672646 0.672643 0.67264 0.672637 0.672634 0.672632 0.67263 0.672628 0.672627 0.672626 0.672625 0.672625 0.672625 0.672626 0.672626 0.672628 0.672629 0.672631 0.672633 0.672636 0.672638 0.672641 0.672644 0.672648 0.672651 0.672654 0.672658 0.672662 0.672665 0.672669 0.672672 0.672676 0.672679 
0.734614 0.73462 0.734625 0.734631 0.734636 0.734641 0.734645 0.73465 0.734654 0.734657 0.73466 0.734663 0.734665 0.734666 0.734667 0.734668 0.734667 0.734667 0.734665 0.734663 0.734661 0.734658 0.734655 0.734651 0.734647 0.734642 0.734637 0.734632 0.734627 0.734621 0.734616 0.73461 0.734604 0.734599 0.734593 0.734588 0.734583 0.734579 0.734574 0.73457 0.734567 0.734564 0.734561 0.734559 0.734558 0.734557 0.734557 0.734557 0.734558 0.734559 0.734561 0.734563 0.734566 0.73457 0.734574 0.734578 0.734582 0.734587 0.734592 0.734598 0.734603 0.734609 
0.788447 0.788453 0.788459 0.788466 0.788473 0.78848 0.788487 0.788494 0.788501 0.788507 0.788514 0.78852 0.788525 0.78853 0.788535 0.788539 0.788543 0.788546 0.788548 0.78855 0.78855 0.788551 0.78855 0.788549 0.788547 0.788544 0.788541 0.788537 0.788533 0.788528 0.788522 0.788516 0.78851 0.788504 0.788497 0.78849 0.788483 0.788476 0.788469 0.788462 0.788455 0.788449 0.788443 0.788437 0.788432 0.788428 0.788424 0.78842 0.788417 0.788415 0.788413 0.788413 0.788412 0.788413 0.788414 0.788416 0.788419 0.788422 0.788426 0.788431 0.788435 0.788441 
0.834091 0.834095 0.834099 0.834104 0.834109 0.834115 0.834121 0.834127 0.834134 0.834141 0.834148 0.834155 0.834162 0.834168 0.834175 0.834181 0.834188 0.834193 0.834199 0.834204 0.834208 0.834212 0.834215 0.834217 0.834219 0.83422 0.83422 0.83422 0.834219 0.834217 0.834215 0.834212 0.834208 0.834204 0.834199 0.834194 0.834188 0.834182 0.834176 0.834169 0.834162 0.834155 0.834149 0.834142 0.834135 0.834128 0.834122 0.834116 0.83411 0.834104 0.8341 0.834095 0.834092 0.834089 0.834086 0.834084 0.834083 0.834083 0.834083 0.834084 0.834086 0.834088 
0.871508 0.871508 0.871509 0.871509 0.871511 0.871513 0.871515 0.871518 0.871521 0.871525 0.871528 0.871533 0.871537 0.871542 0.871547 0.871552 0.871557 0.871562 0.871568 0.871573 0.871578 0.871582 0.871587 0.871591 0.871595 0.871598 0.871602 0.871604 0.871606 0.871608 0.871609 0.87161 0.87161 0.87161 0.871609 0.871608 0.871606 0.871603 0.871601 0.871597 0.871594 0.87159 0.871585 0.871581 0.871576 0.871571 0.871566 0.871561 0.871556 0.871551 0.871546 0.871541 0.871536 0.871531 0.871527 0.871523 0.87152 0.871517 0.871514 0.871512 0.87151 0.871509 
0.900661 0.900659 0.900656 0.900654 0.900652 0.90065 0.900648 0.900647 0.900646 0.900645 0.900643 0.900644 0.900644 0.900643 0.900644 0.900645 0.900646 0.900646 0.900649 0.900651 0.900652 0.900654 0.900657 0.90066 0.900661 0.900664 0.900668 0.90067 0.900672 0.900676 0.900679 0.900681 0.900683 0.900686 0.900689 0.900691 0.900692 0.900695 0.900696 0.900697 0.900698 0.900699 0.900699 0.900699 0.900699 0.900699 0.900698 0.900697 0.900695 0.900694 0.900692 0.90069 0.900688 0.900686 0.900683 0.900681 0.900678 0.900675 0.900672 0.900669 0.900667 0.900664 
0.921513 0.92151 0.921508 0.921504 0.921499 0.921497 0.921493 0.921486 0.921482 0.921479 0.921473 0.921466 0.921464 0.92146 0.921452 0.921449 0.921448 0.921442 0.921435 0.921436 0.921435 0.921427 0.921425 0.921429 0.921426 0.921421 0.921424 0.921428 0.921426 0.921424 0.92143 0.921435 0.921433 0.921434 0.921442 0.921447 0.921447 0.921451 0.921459 0.921463 0.921465 0.921471 0.921478 0.921482 0.921485 0.92149 0.921496 0.9215 0.921503 0.921506 0.92151 0.921513 0.921514 0.921517 0.921519 0.921519 0.921519 0.92152 0.92152 0.921518 0.921517 0.921516 
0.934037 0.934034 0.934032 0.93403 0.934024 0.934018 0.934015 0.934008 0.933999 0.933994 0.933988 0.933977 0.933968 0.933964 0.933954 0.933942 0.933937 0.933931 0.933919 0.93391 0.933908 0.933901 0.93389 0.933887 0.933887 0.933879 0.933872 0.933875 0.933876 0.93387 0.933869 0.933875 0.933878 0.933875 0.933879 0.933888 0.933892 0.933893 0.933901 0.933911 0.933917 0.933922 0.933932 0.933941 0.933949 0.933956 0.933965 0.933974 0.933982 0.933989 0.933996 0.934005 0.934011 0.934015 0.934022 0.934027 0.93403 0.934032 0.934036 0.934037 0.934037 0.934038 
0.938218 0.938217 0.938214 0.938209 0.938204 0.938199 0.938192 0.938184 0.938176 0.938167 0.938158 0.938148 0.938138 0.938127 0.938117 0.938107 0.938096 0.938086 0.938076 0.938067 0.938058 0.938049 0.938041 0.938035 0.938028 0.938023 0.938019 0.938016 0.938013 0.938012 0.938013 0.938013 0.938015 0.938018 0.938023 0.938027 0.938033 0.93804 0.938048 0.938056 0.938065 0.938075 0.938084 0.938094 0.938105 0.938116 0.938126 0.938136 0.938146 0.938156 0.938165 0.938174 0.938183 0.938191 0.938197 0.938203 0.938209 0.938213 0.938216 0.938218 0.93822 0.938219 
0.934052 0.93405 0.934044 0.934036 0.934031 0.934024 0.934013 0.934005 0.933999 0.933986 0.933974 0.933967 0.933957 0.933942 0.933933 0.933927 0.933914 0.933901 0.933897 0.93389 0.933877 0.93387 0.93387 0.933862 0.933853 0.933854 0.933856 0.93385 0.933847 0.933854 0.933858 0.933854 0.933858 0.933869 0.933875 0.933876 0.933885 0.933898 0.933905 0.933911 0.933923 0.933936 0.933944 0.933953 0.933965 0.933977 0.933986 0.933995 0.934005 0.934015 0.934023 0.934029 0.934037 0.934044 0.934048 0.934052 0.934057 0.934058 0.934058 0.934059 0.934059 0.934055 
0.921537 0.921529 0.92152 0.921512 0.921505 0.921494 0.921484 0.921477 0.921466 0.921454 0.921447 0.92144 0.921428 0.921419 0.921415 0.921407 0.921397 0.921394 0.921392 0.921384 0.921379 0.921382 0.921381 0.921375 0.921377 0.921384 0.921384 0.921383 0.921391 0.9214 0.921402 0.921406 0.921418 0.921427 0.921431 0.921439 0.921453 0.921462 0.921468 0.921478 0.921491 0.921499 0.921506 0.921515 0.921525 0.921532 0.921538 0.921545 0.921552 0.921556 0.92156 0.921563 0.921566 0.921567 0.921566 0.921566 0.921565 0.921561 0.921558 0.921555 0.921549 0.921542 
0.900674 0.900664 0.900655 0.900646 0.900637 0.900628 0.900621 0.900613 0.900606 0.9006 0.900595 0.900589 0.900585 0.900583 0.900581 0.900579 0.900579 0.90058 0.900581 0.900583 0.900588 0.900592 0.900596 0.900602 0.90061 0.900617 0.900624 0.900633 0.900643 0.900651 0.900659 0.900669 0.90068 0.900688 0.900697 0.900706 0.900715 0.900723 0.90073 0.900737 0.900744 0.900749 0.900754 0.900758 0.900761 0.900763 0.900764 0.900764 0.900764 0.900762 0.900759 0.900756 0.900751 0.900746 0.90074 0.900734 0.900726 0.900718 0.90071 0.900701 0.900692 0.900683 
0.871493 0.871485 0.871479 0.871473 0.871467 0.871463 0.87146 0.871458 0.871456 0.871456 0.871457 0.871459 0.871462 0.871466 0.871471 0.871477 0.871484 0.871491 0.8715 0.871508 0.871518 0.871528 0.871538 0.871548 0.871558 0.871569 0.871579 0.871589 0.871599 0.871609 0.871618 0.871626 0.871634 0.871641 0.871646 0.871652 0.871656 0.871659 0.871661 0.871662 0.871663 0.871662 0.87166 0.871657 0.871653 0.871647 0.871642 0.871635 0.871627 0.871619 0.87161 0.871601 0.871591 0.871581 0.871571 0.87156 0.87155 0.871539 0.871529 0.871519 0.87151 0.871501 
0.834044 0.834042 0.834041 0.834041 0.834043 0.834045 0.834049 0.834054 0.834059 0.834066 0.834073 0.834082 0.834091 0.8341 0.834111 0.834121 0.834132 0.834143 0.834155 0.834166 0.834177 0.834188 0.834198 0.834208 0.834218 0.834226 0.834234 0.834241 0.834248 0.834253 0.834257 0.83426 0.834262 0.834263 0.834263 0.834261 0.834259 0.834255 0.83425 0.834245 0.834238 0.83423 0.834222 0.834213 0.834203 0.834193 0.834182 0.834171 0.83416 0.834149 0.834138 0.834127 0.834116 0.834106 0.834096 0.834086 0.834078 0.83407 0.834062 0.834056 0.834051 0.834047 
0.788385 0.788389 0.788394 0.788401 0.788408 0.788416 0.788424 0.788433 0.788443 0.788453 0.788463 0.788474 0.788485 0.788495 0.788506 0.788516 0.788526 0.788535 0.788544 0.788552 0.78856 0.788566 0.788572 0.788577 0.788581 0.788584 0.788586 0.788587 0.788586 0.788585 0.788582 0.788579 0.788574 0.788569 0.788563 0.788556 0.788548 0.788539 0.78853 0.78852 0.78851 0.7885 0.788489 0.788479 0.788468 0.788458 0.788447 0.788437 0.788428 0.788419 0.788411 0.788404 0.788397 0.788391 0.788386 0.788382 0.78838 0.788378 0.788377 0.788377 0.788379 0.788381 
0.734567 0.734574 0.734582 0.73459 0.734599 0.734607 0.734616 0.734624 0.734633 0.734641 0.734649 0.734656 0.734664 0.73467 0.734676 0.734681 0.734686 0.73469 0.734693 0.734695 0.734697 0.734697 0.734697 0.734696 0.734693 0.734691 0.734687 0.734682 0.734677 0.734671 0.734665 0.734658 0.73465 0.734642 0.734634 0.734626 0.734617 0.734609 0.7346 0.734592 0.734583 0.734575 0.734568 0.734561 0.734554 0.734548 0.734543 0.734539 0.734535 0.734532 0.73453 0.734528 0.734528 0.734528 0.734529 0.734532 0.734534 0.734538 0.734543 0.734548 0.734554 0.73456 
0.672665 0.672671 0.672677 0.672682 0.672687 0.672692 0.672697 0.672701 0.672705 0.672709 0.672712 0.672714 0.672716 0.672717 0.672718 0.672718 0.672718 0.672717 0.672715 0.672713 0.67271 0.672707 0.672703 0.672699 0.672695 0.67269 0.672685 0.672679 0.672674 0.672668 0.672662 0.672656 0.672651 0.672645 0.672639 0.672634 0.672629 0.672624 0.67262 0.672616 0.672613 0.67261 0.672607 0.672606 0.672604 0.672604 0.672604 0.672604 0.672605 0.672607 0.672609 0.672612 0.672615 0.672619 0.672623 0.672627 0.672632 0.672637 0.672643 0.672648 0.672654 0.67266 
0.602851 0.602853 0.602855 0.602857 0.602858 0.602859 0.60286 0.602861 0.602861 0.602861 0.602861 0.60286 0.602859 0.602858 0.602856 0.602854 0.602852 0.60285 0.602847 0.602845 0.602842 0.602839 0.602836 0.602833 0.60283 0.602827 0.602824 0.60282 0.602818 0.602815 0.602812 0.60281 0.602807 0.602805 0.602804 0.602802 0.602801 0.6028 0.6028 0.602799 0.602799 0.6028 0.602801 0.602802 0.602803 0.602804 0.602806 0.602808 0.602811 0.602813 0.602816 0.602819 0.602822 0.602825 0.602828 0.602831 0.602834 0.602837 0.60284 0.602843 0.602846 0.602848 
0.525464 0.525464 0.525464 0.525464 0.525464 0.525464 0.525464 0.525463 0.525463 0.525462 0.525461 0.52546 0.52546 0.525459 0.525458 0.525457 0.525455 0.525454 0.525453 0.525452 0.525451 0.52545 0.525449 0.525448 0.525447 0.525446 0.525445 0.525444 0.525443 0.525443 0.525442 0.525442 0.525442 0.525441 0.525441 0.525442 0.525442 0.525442 0.525443 0.525443 0.525444 0.525444 0.525445 0.525446 0.525447 0.525448 0.525449 0.52545 0.525452 0.525453 0.525454 0.525455 0.525456 0.525457 0.525458 0.525459 0.52546 0.525461 0.525462 0.525462 0.525463 0.525463 
0.441041 0.441042 0.441042 0.441042 0.441042 0.441042 0.441042 0.441042 0.441042 0.441042 0.441042 0.441042 0.441042 0.441042 0.441042 0.441041 0.441041 0.441041 0.441041 0.441041 0.44104 0.44104 0.44104 0.44104 0.441039 0.441039 0.441039 0.441039 0.441038 0.441038 0.441038 0.441038 0.441038 0.441038 0.441038 0.441037 0.441037 0.441037 0.441037 0.441037 0.441037 0.441037 0.441038 0.441038 0.441038 0.441038 0.441038 0.441038 0.441038 0.441039 0.441039 0.441039 0.441039 0.44104 0.44104 0.44104 0.44104 0.44104 0.441041 0.441041 0.441041 0.441041 
0.35033 0.35033 0.350331 0.350331 0.350331 0.350331 0.350332 0.350332 0.350332 0.350332 0.350332 0.350332 0.350332 0.350332 0.350332 0.350332 0.350332 0.350332 0.350331 0.350331 0.350331 0.350331 0.35033 0.35033 0.35033 0.35033 0.350329 0.350329 0.350329 0.350328 0.350328 0.350328 0.350327 0.350327 0.350327 0.350327 0.350326 0.350326 0.350326 0.350326 0.350326 0.350326 0.350326 0.350326 0.350326 0.350326 0.350326 0.350326 0.350326 0.350326 0.350326 0.350327 0.350327 0.350327 0.350327 0.350328 0.350328 0.350328 0.350329 0.350329 0.350329 0.35033 
0.254322 0.254322 0.254322 0.254322 0.254322 0.254322 0.254322 0.254322 0.254322 0.254322 0.254322 0.254322 0.254322 0.254322 0.254321 0.254321 0.254321 0.254321 0.254321 0.254321 0.25432 0.25432 0.25432 0.25432 0.254319 0.254319 0.254319 0.254319 0.254319 0.254319 0.254318 0.254318 0.254318 0.254318 0.254318 0.254318 0.254318 0.254318 0.254318 0.254318 0.254318 0.254318 0.254318 0.254318 0.254318 0.254319 0.254319 0.254319 0.254319 0.254319 0.254319 0.25432 0.25432 0.25432 0.25432 0.254321 0.254321 0.254321 0.254321 0.254321 0.254321 0.254322 
0.154281 0.154281 0.154281 0.154281 0.154281 0.154281 0.154281 0.154281 0.154281 0.154281 0.154281 0.154281 0.154281 0.154281 0.154281 0.154281 0.154281 0.154281 0.154281 0.154281 0.154281 0.154281 0.154281 0.154281 0.154281 0.154281 0.154281 0.154281 0.154281 0.154281 0.154281 0.154281 0.154281 0.154281 0.154281 0.154281 0.154281 0.154281 0.154281 0.154281 0.154281 0.154281 0.154281 0.154281 0.154281 0.154281 0.154281 0.154281 0.154281 0.154281 0.154281 0.154281 0.154281 0.154281 0.154281 0.154281 0.154281 0.154281 0.154281 0.154281 0.154281 0.154281 
0.0517136 0.0517136 0.0517136 0.0517136 0.0517136 0.0517137 0.0517137 0.0517138 0.0517138 0.0517139 0.0517139 0.051714 0.051714 0.0517141 0.0517142 0.0517143 0.0517143 0.0517144 0.0517145 0.0517145 0.0517146 0.0517146 0.0517147 0.0517147 0.0517148 0.0517148 0.0517148 0.0517149 0.0517149 0.0517149 0.0517149 0.0517149 0.0517148 0.0517148 0.0517148 0.0517148 0.0517147 0.0517147 0.0517146 0.0517146 0.0517145 0.0517145 0.0517144 0.0517143 0.0517143 0.0517142 0.0517141 0.0517141 0.051714 0.0517139 0.0517139 0.0517138 0.0517137 0.0517137 0.0517137 0.0517136 0.0517136 0.0517136 0.0517135 0.0517135 0.0517135 0.0517136 
