0.0510102 0.0510101 0.05101 0.0510099 0.0510098 0.0510097 0.0510096 0.0510096 0.0510095 0.0510094 0.0510094 0.0510094 0.0510093 0.0510093 0.0510093 0.0510093 0.0510093 0.0510094 0.0510094 0.0510095 0.0510095 0.0510096 0.0510097 0.0510098 0.0510099 0.05101 0.0510101 0.0510102 0.0510103 0.0510104 0.0510106 0.0510107 0.0510108 0.0510109 0.051011 0.0510111 0.0510112 0.0510112 0.0510113 0.0510114 0.0510114 0.0510115 0.0510115 0.0510115 0.0510115 0.0510115 0.0510115 0.0510115 0.0510115 0.0510114 0.0510113 0.0510113 0.0510112 0.0510111 0.051011 0.0510109 0.0510108 0.0510107 0.0510106 0.0510105 0.0510104 0.0510103 
0.152214 0.152214 0.152213 0.152213 0.152213 0.152213 0.152213 0.152213 0.152213 0.152213 0.152213 0.152212 0.152212 0.152212 0.152212 0.152212 0.152213 0.152213 0.152213 0.152213 0.152213 0.152213 0.152213 0.152213 0.152214 0.152214 0.152214 0.152214 0.152214 0.152215 0.152215 0.152215 0.152215 0.152215 0.152216 0.152216 0.152216 0.152216 0.152216 0.152216 0.152216 0.152216 0.152216 0.152216 0.152216 0.152216 0.152216 0.152216 0.152216 0.152216 0.152216 0.152216 0.152216 0.152216 0.152215 0.152215 0.152215 0.152215 0.152215 0.152214 0.152214 0.152214 
0.251017 0.251017 0.251017 0.251017 0.251016 0.251016 0.251016 0.251016 0.251016 0.251016 0.251016 0.251015 0.251015 0.251015 0.251015 0.251015 0.251015 0.251015 0.251015 0.251015 0.251015 0.251016 0.251016 0.251016 0.251016 0.251016 0.251016 0.251017 0.251017 0.251017 0.251017 0.251017 0.251018 0.251018 0.251018 0.251018 0.251018 0.251019 0.251019 0.251019 0.251019 0.251019 0.251019 0.251019 0.251019 0.251019 0.251019 0.251019 0.251019 0.251019 0.251019 0.251019 0.251019 0.251019 0.251019 0.251018 0.251018 0.251018 0.251018 0.251018 0.251018 0.251017 
0.345974 0.345974 0.345974 0.345974 0.345974 0.345974 0.345974 0.345974 0.345973 0.345973 0.345973 0.345973 0.345973 0.345973 0.345973 0.345973 0.345973 0.345973 0.345973 0.345973 0.345973 0.345973 0.345973 0.345973 0.345973 0.345973 0.345973 0.345973 0.345973 0.345973 0.345973 0.345973 0.345974 0.345974 0.345974 0.345974 0.345974 0.345974 0.345974 0.345975 0.345975 0.345975 0.345975 0.345975 0.345975 0.345975 0.345975 0.345975 0.345975 0.345975 0.345975 0.345975 0.345975 0.345975 0.345975 0.345975 0.345975 0.345975 0.345975 0.345975 0.345975 0.345975 
0.435845 0.435845 0.435845 0.435845 0.435845 0.435845 0.435845 0.435845 0.435845 0.435845 0.435845 0.435845 0.435845 0.435845 0.435845 0.435845 0.435845 0.435845 0.435845 0.435845 0.435845 0.435845 0.435845 0.435845 0.435845 0.435845 0.435845 0.435845 0.435845 0.435845 0.435845 0.435845 0.435845 0.435844 0.435844 0.435844 0.435844 0.435844 0.435844 0.435844 0.435844 0.435844 0.435844 0.435844 0.435844 0.435844 0.435844 0.435844 0.435844 0.435844 0.435844 0.435844 0.435844 0.435844 0.435844 0.435844 0.435844 0.435844 0.435845 0.435845 0.435845 0.435845 
0.519624 0.519624 0.519625 0.519625 0.519626 0.519626 0.519627 0.519627 0.519628 0.519628 0.519629 0.519629 0.51963 0.51963 0.519631 0.519631 0.519631 0.519632 0.519632 0.519632 0.519632 0.519633 0.519633 0.519633 0.519633 0.519633 0.519633 0.519632 0.519632 0.519632 0.519632 0.519631 0.519631 0.519631 0.51963 0.51963 0.519629 0.519629 0.519628 0.519628 0.519627 0.519627 0.519626 0.519626 0.519625 0.519625 0.519624 0.519624 0.519624 0.519623 0.519623 0.519623 0.519623 0.519623 0.519623 0.519623 0.519623 0.519623 0.519623 0.519623 0.519623 0.519624 
0.596547 0.596547 0.596548 0.596548 0.596549 0.59655 0.596551 0.596552 0.596553 0.596554 0.596556 0.596557 0.596558 0.59656 0.596561 0.596563 0.596564 0.596565 0.596567 0.596568 0.596569 0.59657 0.596571 0.596572 0.596572 0.596573 0.596574 0.596574 0.596574 0.596574 0.596574 0.596574 0.596573 0.596573 0.596572 0.596572 0.596571 0.59657 0.596569 0.596567 0.596566 0.596565 0.596564 0.596562 0.596561 0.596559 0.596558 0.596557 0.596555 0.596554 0.596553 0.596552 0.596551 0.59655 0.596549 0.596548 0.596548 0.596547 0.596547 0.596547 0.596547 0.596547 
0.66607 0.666069 0.666069 0.666069 0.666069 0.666069 0.66607 0.666071 0.666072 0.666073 0.666075 0.666076 0.666078 0.666081 0.666083 0.666085 0.666088 0.666091 0.666093 0.666096 0.666099 0.666101 0.666104 0.666106 0.666109 0.666111 0.666113 0.666115 0.666117 0.666118 0.66612 0.666121 0.666121 0.666122 0.666122 0.666122 0.666122 0.666121 0.66612 0.666119 0.666118 0.666116 0.666114 0.666112 0.66611 0.666108 0.666105 0.666103 0.6661 0.666098 0.666095 0.666092 0.666089 0.666087 0.666084 0.666082 0.66608 0.666078 0.666076 0.666074 0.666072 0.666071 
0.727836 0.727833 0.72783 0.727827 0.727825 0.727823 0.727822 0.727821 0.727821 0.72782 0.727821 0.727822 0.727823 0.727824 0.727826 0.727829 0.727831 0.727834 0.727837 0.727841 0.727845 0.727848 0.727852 0.727857 0.727861 0.727865 0.727869 0.727873 0.727877 0.727881 0.727885 0.727888 0.727891 0.727894 0.727896 0.727898 0.7279 0.727901 0.727902 0.727903 0.727903 0.727903 0.727902 0.727901 0.727899 0.727897 0.727895 0.727892 0.727889 0.727886 0.727883 0.727879 0.727875 0.727871 0.727867 0.727863 0.727858 0.727854 0.72785 0.727846 0.727842 0.727839 
0.781613 0.781608 0.781603 0.781598 0.781594 0.781589 0.781586 0.781582 0.781579 0.781576 0.781574 0.781572 0.781571 0.78157 0.78157 0.78157 0.781571 0.781572 0.781574 0.781576 0.781579 0.781583 0.781586 0.78159 0.781595 0.781599 0.781604 0.781609 0.781614 0.781619 0.781625 0.78163 0.781635 0.78164 0.781645 0.781649 0.781654 0.781657 0.781661 0.781664 0.781667 0.781669 0.781671 0.781672 0.781673 0.781673 0.781673 0.781672 0.781671 0.781669 0.781667 0.781664 0.78166 0.781657 0.781653 0.781648 0.781644 0.781639 0.781634 0.781629 0.781623 0.781618 
0.827247 0.827242 0.827237 0.827232 0.827227 0.827222 0.827216 0.827211 0.827207 0.827202 0.827198 0.827194 0.82719 0.827187 0.827184 0.827182 0.82718 0.827179 0.827179 0.827178 0.827179 0.82718 0.827181 0.827183 0.827185 0.827188 0.827192 0.827195 0.827199 0.827204 0.827208 0.827213 0.827218 0.827224 0.827229 0.827234 0.827239 0.827244 0.827249 0.827254 0.827259 0.827263 0.827267 0.82727 0.827274 0.827276 0.827278 0.82728 0.827281 0.827282 0.827282 0.827282 0.827281 0.827279 0.827277 0.827275 0.827272 0.827269 0.827265 0.827261 0.827257 0.827252 
0.864635 0.864631 0.864628 0.864626 0.864622 0.864618 0.864615 0.864611 0.864606 0.864603 0.8646 0.864595 0.864591 0.864589 0.864585 0.864581 0.864579 0.864577 0.864573 0.864571 0.864571 0.86457 0.864567 0.864567 0.864568 0.864567 0.864567 0.86457 0.864572 0.864571 0.864573 0.864578 0.86458 0.864581 0.864585 0.86459 0.864592 0.864594 0.8646 0.864605 0.864607 0.86461 0.864616 0.864619 0.864621 0.864625 0.864629 0.864632 0.864633 0.864636 0.864639 0.864641 0.864641 0.864642 0.864644 0.864644 0.864642 0.864642 0.864642 0.86464 0.864637 0.864636 
0.893715 0.893717 0.893718 0.893716 0.893718 0.893719 0.893716 0.893716 0.893718 0.893716 0.893712 0.893714 0.893714 0.893709 0.893708 0.89371 0.893707 0.893702 0.893704 0.893704 0.893698 0.893696 0.893699 0.893697 0.89369 0.893691 0.893694 0.893689 0.893685 0.893688 0.89369 0.893683 0.893682 0.893688 0.893687 0.89368 0.893683 0.893689 0.893685 0.893681 0.893687 0.893691 0.893687 0.893686 0.893692 0.893695 0.893692 0.893693 0.893698 0.893701 0.893699 0.893699 0.893704 0.893708 0.893706 0.893706 0.893711 0.893713 0.893711 0.893712 0.893716 0.893716 
0.914498 0.914475 0.914472 0.9145 0.914497 0.914484 0.914503 0.914511 0.914495 0.914507 0.914527 0.914509 0.914504 0.914534 0.914532 0.914505 0.914523 0.914548 0.914522 0.914508 0.914543 0.914544 0.914507 0.914518 0.914551 0.914525 0.914496 0.914528 0.914543 0.914499 0.91449 0.914533 0.914522 0.914474 0.914491 0.914528 0.914492 0.914457 0.914495 0.914511 0.914463 0.914452 0.914493 0.914489 0.914447 0.914451 0.914484 0.914475 0.914443 0.914448 0.914477 0.914472 0.914442 0.914447 0.91448 0.914475 0.914442 0.914456 0.914491 0.914475 0.91445 0.914477 
0.926933 0.926962 0.926925 0.926925 0.926969 0.926963 0.926943 0.926975 0.92699 0.926967 0.926984 0.927016 0.926995 0.926987 0.927029 0.927032 0.926998 0.927021 0.927058 0.927027 0.927008 0.927053 0.92706 0.927013 0.927023 0.927068 0.92704 0.926998 0.927036 0.927061 0.927006 0.926987 0.92704 0.927032 0.926968 0.926981 0.92703 0.926987 0.926936 0.926977 0.927002 0.926942 0.926918 0.926966 0.926966 0.926911 0.926907 0.926947 0.92694 0.926894 0.926894 0.926934 0.92693 0.926884 0.926888 0.926938 0.926927 0.926878 0.926901 0.926952 0.926924 0.92689 
0.931075 0.931089 0.931088 0.93109 0.931106 0.931117 0.931117 0.931124 0.931141 0.931148 0.931149 0.93116 0.931173 0.931176 0.93118 0.931191 0.931198 0.931199 0.931204 0.931212 0.931213 0.931212 0.931216 0.931219 0.931215 0.931212 0.931215 0.931212 0.931203 0.9312 0.931201 0.931192 0.931181 0.931178 0.931175 0.931161 0.931151 0.93115 0.931142 0.931125 0.93112 0.931119 0.931105 0.931093 0.931092 0.931087 0.931073 0.931068 0.931071 0.931062 0.931052 0.931055 0.931058 0.931049 0.931045 0.931055 0.931057 0.931049 0.931053 0.931067 0.931067 0.931064 
0.926929 0.926917 0.926952 0.926965 0.92695 0.926968 0.92699 0.926979 0.926989 0.927019 0.92701 0.927 0.927037 0.927049 0.927018 0.927033 0.927074 0.927052 0.927027 0.927066 0.927083 0.927039 0.927038 0.927084 0.927065 0.927018 0.927046 0.927077 0.927026 0.926997 0.927047 0.927046 0.926977 0.926982 0.927033 0.926994 0.926934 0.926972 0.927001 0.926937 0.926907 0.926958 0.926956 0.926895 0.926894 0.926934 0.926918 0.926876 0.926883 0.926912 0.926902 0.926872 0.926874 0.926907 0.926907 0.926873 0.92688 0.926923 0.926917 0.926885 0.92691 0.926947 
0.914471 0.914504 0.914516 0.914501 0.914517 0.914538 0.914529 0.914533 0.914558 0.914553 0.914542 0.914568 0.914579 0.914553 0.914561 0.914591 0.914573 0.91455 0.914577 0.914589 0.914551 0.914547 0.91458 0.914563 0.914523 0.914542 0.914563 0.914521 0.914497 0.914532 0.91453 0.914475 0.914476 0.914514 0.914484 0.914435 0.914463 0.914487 0.914437 0.914412 0.914453 0.914456 0.914406 0.914405 0.914443 0.914432 0.914396 0.914406 0.914436 0.914428 0.914403 0.914411 0.914443 0.914442 0.914416 0.914429 0.914466 0.914461 0.914437 0.914462 0.914495 0.914479 
0.893747 0.893751 0.893756 0.893763 0.893766 0.893769 0.893773 0.893776 0.893775 0.893776 0.893778 0.893775 0.893772 0.893773 0.89377 0.893763 0.893759 0.893758 0.893749 0.893741 0.893738 0.893732 0.89372 0.893713 0.89371 0.8937 0.893689 0.893685 0.89368 0.893669 0.89366 0.893659 0.893653 0.893642 0.893638 0.89364 0.893634 0.893626 0.893627 0.89363 0.893625 0.893622 0.893627 0.893632 0.89363 0.893631 0.893639 0.893645 0.893647 0.89365 0.89366 0.893669 0.893672 0.893677 0.893688 0.893698 0.893702 0.893708 0.893719 0.893727 0.893731 0.893738 
0.864685 0.864688 0.864688 0.864687 0.864687 0.864686 0.864682 0.864679 0.864676 0.86467 0.864664 0.864659 0.864652 0.864644 0.864636 0.86463 0.864621 0.864611 0.864605 0.864597 0.864587 0.864579 0.864573 0.864564 0.864556 0.864551 0.864546 0.864539 0.864533 0.864532 0.864528 0.864524 0.864523 0.864524 0.864523 0.864522 0.864526 0.86453 0.864531 0.864535 0.864542 0.864548 0.864552 0.864559 0.864568 0.864575 0.864581 0.86459 0.864599 0.864608 0.864615 0.864623 0.864632 0.86464 0.864646 0.864654 0.864661 0.864667 0.864671 0.864676 0.864681 0.864683 
0.827311 0.827307 0.827303 0.827297 0.827291 0.827285 0.827278 0.82727 0.827262 0.827253 0.827245 0.827236 0.827227 0.827219 0.82721 0.827201 0.827193 0.827185 0.827178 0.827171 0.827165 0.82716 0.827155 0.827151 0.827148 0.827145 0.827144 0.827144 0.827144 0.827145 0.827147 0.82715 0.827154 0.827158 0.827164 0.82717 0.827176 0.827184 0.827192 0.8272 0.827208 0.827217 0.827226 0.827234 0.827243 0.827252 0.82726 0.827268 0.827276 0.827283 0.82729 0.827296 0.827301 0.827306 0.82731 0.827313 0.827315 0.827317 0.827318 0.827317 0.827316 0.827314 
0.781666 0.781659 0.781652 0.781644 0.781636 0.781628 0.78162 0.781611 0.781603 0.781595 0.781588 0.781581 0.781574 0.781567 0.781562 0.781557 0.781552 0.781548 0.781545 0.781543 0.781541 0.781541 0.781541 0.781542 0.781544 0.781547 0.78155 0.781554 0.781559 0.781565 0.781571 0.781577 0.781584 0.781592 0.7816 0.781608 0.781616 0.781624 0.781632 0.78164 0.781648 0.781656 0.781663 0.78167 0.781676 0.781682 0.781687 0.781692 0.781696 0.781698 0.781701 0.781702 0.781703 0.781702 0.781701 0.781699 0.781697 0.781693 0.781689 0.781684 0.781679 0.781673 
0.727861 0.727854 0.727848 0.727842 0.727836 0.72783 0.727824 0.727819 0.727814 0.72781 0.727806 0.727803 0.727801 0.727799 0.727798 0.727797 0.727797 0.727798 0.727799 0.727801 0.727804 0.727807 0.727811 0.727816 0.72782 0.727826 0.727831 0.727837 0.727844 0.72785 0.727857 0.727863 0.72787 0.727876 0.727883 0.727889 0.727894 0.7279 0.727905 0.72791 0.727914 0.727918 0.727921 0.727923 0.727925 0.727926 0.727927 0.727927 0.727926 0.727925 0.727922 0.72792 0.727916 0.727913 0.727908 0.727903 0.727898 0.727892 0.727886 0.72788 0.727874 0.727867 
0.66607 0.666066 0.666063 0.66606 0.666058 0.666056 0.666054 0.666053 0.666052 0.666051 0.666051 0.666052 0.666053 0.666054 0.666056 0.666058 0.666061 0.666064 0.666067 0.666071 0.666074 0.666079 0.666083 0.666087 0.666092 0.666096 0.666101 0.666105 0.666109 0.666114 0.666118 0.666121 0.666125 0.666128 0.666131 0.666134 0.666136 0.666138 0.666139 0.66614 0.66614 0.66614 0.666139 0.666139 0.666137 0.666135 0.666133 0.66613 0.666127 0.666124 0.666121 0.666117 0.666113 0.666108 0.666104 0.666099 0.666095 0.666091 0.666086 0.666082 0.666078 0.666074 
0.596537 0.596536 0.596535 0.596535 0.596535 0.596535 0.596536 0.596537 0.596538 0.596539 0.59654 0.596542 0.596544 0.596546 0.596548 0.59655 0.596553 0.596555 0.596558 0.59656 0.596563 0.596565 0.596568 0.59657 0.596573 0.596575 0.596577 0.596579 0.596581 0.596582 0.596583 0.596584 0.596585 0.596586 0.596586 0.596586 0.596586 0.596585 0.596584 0.596583 0.596582 0.596581 0.596579 0.596577 0.596575 0.596573 0.596571 0.596568 0.596566 0.596563 0.596561 0.596558 0.596555 0.596553 0.596551 0.596548 0.596546 0.596544 0.596542 0.59654 0.596539 0.596538 
0.519616 0.519616 0.519617 0.519617 0.519618 0.519619 0.519619 0.51962 0.519621 0.519622 0.519623 0.519624 0.519626 0.519627 0.519628 0.519629 0.51963 0.519631 0.519633 0.519634 0.519635 0.519636 0.519636 0.519637 0.519638 0.519639 0.519639 0.519639 0.51964 0.51964 0.51964 0.519639 0.519639 0.519639 0.519638 0.519638 0.519637 0.519636 0.519635 0.519634 0.519633 0.519632 0.519631 0.51963 0.519629 0.519627 0.519626 0.519625 0.519624 0.519623 0.519622 0.519621 0.51962 0.519619 0.519618 0.519618 0.519617 0.519617 0.519616 0.519616 0.519616 0.519616 
0.435841 0.435841 0.435842 0.435842 0.435842 0.435843 0.435843 0.435843 0.435844 0.435844 0.435845 0.435845 0.435846 0.435846 0.435846 0.435847 0.435847 0.435848 0.435848 0.435848 0.435848 0.435849 0.435849 0.435849 0.435849 0.435849 0.435849 0.435849 0.435849 0.435849 0.435849 0.435848 0.435848 0.435848 0.435848 0.435847 0.435847 0.435846 0.435846 0.435846 0.435845 0.435845 0.435844 0.435844 0.435843 0.435843 0.435843 0.435842 0.435842 0.435842 0.435841 0.435841 0.435841 0.435841 0.435841 0.435841 0.43584 0.43584 0.435841 0.435841 0.435841 0.435841 
0.345973 0.345973 0.345973 0.345973 0.345974 0.345974 0.345974 0.345974 0.345974 0.345974 0.345974 0.345974 0.345974 0.345975 0.345975 0.345975 0.345975 0.345975 0.345975 0.345975 0.345975 0.345975 0.345975 0.345975 0.345975 0.345975 0.345975 0.345975 0.345975 0.345975 0.345975 0.345975 0.345975 0.345975 0.345975 0.345974 0.345974 0.345974 0.345974 0.345974 0.345974 0.345974 0.345974 0.345974 0.345974 0.345973 0.345973 0.345973 0.345973 0.345973 0.345973 0.345973 0.345973 0.345973 0.345973 0.345973 0.345973 0.345973 0.345973 0.345973 0.345973 0.345973 
0.251018 0.251017 0.251017 0.251017 0.251017 0.251017 0.251017 0.251017 0.251017 0.251017 0.251017 0.251017 0.251017 0.251017 0.251017 0.251017 0.251017 0.251017 0.251017 0.251017 0.251017 0.251017 0.251017 0.251017 0.251017 0.251017 0.251017 0.251017 0.251017 0.251017 0.251017 0.251017 0.251017 0.251017 0.251017 0.251017 0.251017 0.251017 0.251017 0.251017 0.251017 0.251018 0.251018 0.251018 0.251018 0.251018 0.251018 0.251018 0.251018 0.251018 0.251018 0.251018 0.251018 0.251018 0.251018 0.251018 0.251018 0.251018 0.251018 0.251018 0.251018 0.251018 
0.152215 0.152215 0.152215 0.152214 0.152214 0.152214 0.152214 0.152214 0.152214 0.152214 0.152214 0.152214 0.152213 0.152213 0.152213 0.152213 0.152213 0.152213 0.152213 0.152213 0.152213 0.152213 0.152213 0.152213 0.152213 0.152213 0.152213 0.152214 0.152214 0.152214 0.152214 0.152214 0.152214 0.152214 0.152214 0.152215 0.152215 0.152215 0.152215 0.152215 0.152215 0.152215 0.152215 0.152215 0.152216 0.152216 0.152216 0.152216 0.152216 0.152216 0.152216 0.152216 0.152216 0.152216 0.152216 0.152216 0.152215 0.152215 0.152215 0.152215 0.152215 0.152215 
0.0510106 0.0510105 0.0510104 0.0510103 0.0510103 0.0510102 0.0510101 0.05101 0.0510099 0.0510098 0.0510097 0.0510097 0.0510096 0.0510095 0.0510095 0.0510094 0.0510094 0.0510094 0.0510094 0.0510094 0.0510094 0.0510095 0.0510095 0.0510095 0.0510096 0.0510097 0.0510097 0.0510098 0.0510099 0.05101 0.0510101 0.0510102 0.0510103 0.0510104 0.0510105 0.0510106 0.0510107 0.0510108 0.0510109 0.051011 0.0510111 0.0510112 0.0510112 0.0510113 0.0510113 0.0510114 0.0510114 0.0510114 0.0510114 0.0510114 0.0510114 0.0510114 0.0510114 0.0510113 0.0510113 0.0510112 0.0510112 0.0510111 0.051011 0.0510109 0.0510108 0.0510107 
