0.0501561 0.0501561 0.0501562 0.0501563 0.0501564 0.0501565 0.0501565 0.0501566 0.0501567 0.0501567 0.0501567 0.0501568 0.0501568 0.0501568 0.0501567 0.0501567 0.0501567 0.0501566 0.0501565 0.0501565 0.0501564 0.0501563 0.0501563 0.0501562 0.0501561 0.0501561 0.0501561 0.050156 0.050156 0.050156 0.050156 0.050156 0.050156 0.0501561 0.0501561 0.0501561 0.0501562 0.0501562 0.0501562 0.0501562 0.0501563 0.0501563 0.0501563 0.0501562 0.0501562 0.0501562 0.0501562 0.0501561 0.0501561 0.050156 0.050156 0.050156 0.0501559 0.0501559 0.0501559 0.0501559 0.0501559 0.0501559 0.0501559 0.0501559 0.050156 0.050156 
0.149701 0.149701 0.149701 0.149701 0.149701 0.149701 0.149702 0.149702 0.149702 0.149702 0.149702 0.149702 0.149702 0.149702 0.149702 0.149701 0.149701 0.149701 0.149701 0.149701 0.149701 0.149701 0.1497 0.1497 0.1497 0.1497 0.1497 0.1497 0.1497 0.1497 0.1497 0.1497 0.1497 0.1497 0.1497 0.1497 0.1497 0.1497 0.1497 0.1497 0.1497 0.1497 0.1497 0.1497 0.1497 0.1497 0.1497 0.1497 0.1497 0.1497 0.1497 0.1497 0.1497 0.1497 0.1497 0.1497 0.1497 0.1497 0.149701 0.149701 0.149701 0.149701 
0.246982 0.246982 0.246982 0.246982 0.246982 0.246982 0.246982 0.246983 0.246983 0.246983 0.246983 0.246983 0.246983 0.246983 0.246983 0.246983 0.246983 0.246982 0.246982 0.246982 0.246982 0.246982 0.246981 0.246981 0.246981 0.246981 0.246981 0.246981 0.24698 0.24698 0.24698 0.24698 0.24698 0.24698 0.24698 0.24698 0.24698 0.24698 0.24698 0.24698 0.24698 0.24698 0.24698 0.24698 0.24698 0.24698 0.24698 0.24698 0.24698 0.24698 0.24698 0.24698 0.24698 0.24698 0.24698 0.246981 0.246981 0.246981 0.246981 0.246981 0.246981 0.246981 
0.340619 0.34062 0.34062 0.34062 0.34062 0.34062 0.34062 0.340621 0.340621 0.340621 0.340621 0.340621 0.340621 0.340621 0.340621 0.340621 0.340621 0.340621 0.340621 0.340621 0.340621 0.340621 0.34062 0.34062 0.34062 0.34062 0.34062 0.34062 0.340619 0.340619 0.340619 0.340619 0.340619 0.340619 0.340619 0.340619 0.340619 0.340619 0.340619 0.340619 0.340618 0.340618 0.340618 0.340618 0.340618 0.340618 0.340618 0.340618 0.340618 0.340618 0.340618 0.340618 0.340618 0.340618 0.340618 0.340618 0.340618 0.340619 0.340619 0.340619 0.340619 0.340619 
0.429411 0.429411 0.429411 0.429411 0.429411 0.429411 0.429411 0.429412 0.429412 0.429412 0.429412 0.429412 0.429412 0.429412 0.429412 0.429412 0.429412 0.429412 0.429412 0.429412 0.429412 0.429412 0.429412 0.429412 0.429411 0.429411 0.429411 0.429411 0.429411 0.429411 0.429411 0.429411 0.429411 0.429411 0.429411 0.429411 0.429412 0.429412 0.429412 0.429412 0.429412 0.429412 0.429412 0.429412 0.429412 0.429412 0.429411 0.429411 0.429411 0.429411 0.429411 0.429411 0.429411 0.429411 0.429411 0.429411 0.429411 0.429411 0.429411 0.429411 0.429411 0.429411 
0.512362 0.512362 0.512361 0.512361 0.512361 0.512361 0.512361 0.51236 0.51236 0.51236 0.51236 0.512359 0.512359 0.512359 0.512359 0.512358 0.512358 0.512358 0.512358 0.512357 0.512357 0.512357 0.512357 0.512357 0.512356 0.512356 0.512356 0.512356 0.512357 0.512357 0.512357 0.512357 0.512357 0.512358 0.512358 0.512358 0.512359 0.512359 0.51236 0.51236 0.51236 0.512361 0.512361 0.512361 0.512362 0.512362 0.512362 0.512362 0.512362 0.512362 0.512363 0.512363 0.512363 0.512363 0.512363 0.512363 0.512362 0.512362 0.512362 0.512362 0.512362 0.512362 
0.58869 0.58869 0.58869 0.58869 0.588689 0.588689 0.588688 0.588688 0.588687 0.588686 0.588686 0.588685 0.588684 0.588683 0.588682 0.588681 0.58868 0.588679 0.588678 0.588677 0.588676 0.588675 0.588675 0.588674 0.588673 0.588673 0.588672 0.588672 0.588671 0.588671 0.588671 0.588671 0.588672 0.588672 0.588673 0.588673 0.588674 0.588675 0.588675 0.588676 0.588677 0.588678 0.588679 0.58868 0.588681 0.588682 0.588683 0.588684 0.588685 0.588685 0.588686 0.588687 0.588688 0.588688 0.588689 0.588689 0.58869 0.58869 0.58869 0.58869 0.58869 0.58869 
0.65781 0.65781 0.657811 0.657811 0.657812 0.657811 0.657811 0.657811 0.65781 0.657809 0.657808 0.657808 0.657806 0.657805 0.657803 0.657802 0.6578 0.657798 0.657796 0.657794 0.657792 0.65779 0.657788 0.657786 0.657784 0.657782 0.65778 0.657779 0.657778 0.657777 0.657775 0.657775 0.657774 0.657774 0.657773 0.657774 0.657774 0.657774 0.657775 0.657776 0.657777 0.657777 0.657779 0.65778 0.657782 0.657783 0.657785 0.657787 0.657788 0.65779 0.657792 0.657794 0.657796 0.657798 0.657799 0.657801 0.657803 0.657804 0.657806 0.657807 0.657808 0.657809 
0.719298 0.7193 0.719302 0.719303 0.719306 0.719307 0.719308 0.719309 0.71931 0.71931 0.71931 0.719309 0.719309 0.719308 0.719307 0.719305 0.719304 0.719301 0.719299 0.719297 0.719294 0.719291 0.719288 0.719285 0.719282 0.719278 0.719275 0.719272 0.719269 0.719267 0.719264 0.719261 0.719259 0.719257 0.719256 0.719254 0.719253 0.719252 0.719251 0.719251 0.719251 0.719251 0.719252 0.719253 0.719254 0.719255 0.719257 0.719259 0.719261 0.719263 0.719265 0.719268 0.71927 0.719273 0.719276 0.719279 0.719282 0.719284 0.719287 0.71929 0.719293 0.719295 
0.772874 0.772876 0.772876 0.772883 0.772888 0.772888 0.772889 0.772896 0.772899 0.772897 0.7729 0.772904 0.772904 0.772902 0.772904 0.772905 0.772903 0.772901 0.772901 0.772899 0.772896 0.772894 0.772891 0.772887 0.772885 0.772882 0.772877 0.772872 0.772871 0.772867 0.772861 0.772858 0.772857 0.772852 0.772846 0.772846 0.772844 0.772839 0.772835 0.772837 0.772834 0.77283 0.77283 0.772831 0.772829 0.772827 0.77283 0.772831 0.772831 0.772831 0.772835 0.772837 0.772838 0.77284 0.772845 0.772848 0.772849 0.772852 0.772858 0.772862 0.772863 0.772867 
0.818359 0.818368 0.818368 0.818368 0.818375 0.818383 0.818382 0.818384 0.818392 0.818397 0.818396 0.818398 0.818405 0.818406 0.818405 0.818407 0.818411 0.81841 0.818409 0.81841 0.81841 0.818408 0.818406 0.818405 0.818402 0.8184 0.818398 0.818394 0.81839 0.818388 0.818385 0.818379 0.818375 0.818374 0.81837 0.818364 0.818361 0.818361 0.818355 0.81835 0.81835 0.818348 0.818343 0.81834 0.818341 0.818338 0.818335 0.818335 0.818337 0.818334 0.818333 0.818335 0.818338 0.818336 0.818336 0.818341 0.818344 0.818343 0.818345 0.818352 0.818355 0.818354 
0.855693 0.855678 0.855649 0.855677 0.855705 0.855677 0.85566 0.855701 0.855709 0.855679 0.855683 0.855717 0.85571 0.855689 0.855706 0.85572 0.855709 0.855705 0.855718 0.855715 0.85571 0.855721 0.855717 0.855705 0.855715 0.855728 0.855706 0.855696 0.855723 0.855721 0.85569 0.855693 0.855725 0.855703 0.855675 0.855699 0.855714 0.855681 0.855669 0.855702 0.855693 0.855663 0.855671 0.855694 0.855673 0.855652 0.855674 0.855681 0.855659 0.85565 0.855671 0.855673 0.855654 0.855649 0.855669 0.855673 0.855651 0.855649 0.855677 0.855677 0.855649 0.855656 
0.884754 0.884772 0.884723 0.884723 0.884764 0.884762 0.884717 0.88474 0.884769 0.884748 0.884731 0.884753 0.884763 0.884743 0.884751 0.884757 0.884752 0.884752 0.884764 0.884753 0.884747 0.884766 0.884765 0.884746 0.884752 0.884774 0.88476 0.88474 0.884764 0.884774 0.88475 0.884743 0.884775 0.884769 0.88474 0.884756 0.884778 0.88476 0.884736 0.884768 0.884774 0.884748 0.884743 0.884768 0.884767 0.88474 0.884749 0.884764 0.88476 0.884739 0.884745 0.884761 0.884756 0.884733 0.88474 0.884764 0.884751 0.884721 0.884742 0.88477 0.88474 0.884717 
0.905903 0.905834 0.905086 0.905334 0.906062 0.905602 0.904995 0.90559 0.906017 0.905356 0.905105 0.905772 0.905808 0.905245 0.905335 0.905765 0.905574 0.905317 0.905537 0.905602 0.905424 0.905521 0.905612 0.905374 0.905422 0.905755 0.905525 0.905191 0.905587 0.905874 0.905321 0.905173 0.905832 0.90578 0.905136 0.905371 0.905968 0.905533 0.905108 0.905669 0.905894 0.905302 0.905267 0.90586 0.9057 0.905214 0.90548 0.905874 0.905547 0.905249 0.905593 0.90583 0.905495 0.905271 0.905623 0.905853 0.905447 0.905217 0.905712 0.905905 0.905291 0.905199 
0.917191 0.918259 0.918884 0.917562 0.917257 0.918702 0.91857 0.917222 0.917631 0.918876 0.918085 0.917175 0.918096 0.918677 0.917696 0.917431 0.918375 0.918269 0.917537 0.917858 0.91836 0.917831 0.91766 0.918274 0.918062 0.917519 0.918065 0.918451 0.9176 0.91752 0.918573 0.918231 0.917231 0.917917 0.918811 0.917754 0.917217 0.918482 0.918585 0.917354 0.91761 0.918793 0.91812 0.917262 0.918131 0.918717 0.917751 0.917446 0.918439 0.918501 0.917597 0.917656 0.918536 0.918372 0.917517 0.917755 0.918658 0.918271 0.917351 0.917899 0.918856 0.917984 
0.921985 0.92218 0.922426 0.92213 0.921973 0.922307 0.922337 0.921994 0.922038 0.922375 0.922194 0.921919 0.922142 0.922356 0.922063 0.921907 0.922228 0.922297 0.92196 0.92194 0.922292 0.922222 0.921877 0.922027 0.92234 0.922102 0.921855 0.922174 0.92232 0.921957 0.921959 0.922315 0.92219 0.921895 0.922166 0.922348 0.922013 0.921992 0.922352 0.922247 0.921921 0.922188 0.922423 0.922094 0.92197 0.92236 0.922376 0.921992 0.922096 0.92245 0.92227 0.92197 0.922227 0.92246 0.922158 0.922 0.922338 0.922404 0.922056 0.922068 0.922418 0.922284 
0.918578 0.917964 0.917447 0.91823 0.918578 0.917661 0.917498 0.918468 0.918346 0.917468 0.917739 0.91849 0.918046 0.917504 0.917982 0.918278 0.917858 0.917747 0.918042 0.917967 0.917892 0.918046 0.917867 0.917733 0.918158 0.918187 0.917559 0.917736 0.918501 0.918042 0.917336 0.918024 0.918639 0.917725 0.91739 0.918419 0.918433 0.917486 0.917742 0.918611 0.918055 0.917492 0.918178 0.918487 0.917775 0.917722 0.918406 0.918245 0.917719 0.917959 0.918381 0.91812 0.917792 0.918007 0.918324 0.918152 0.917772 0.917943 0.918418 0.918155 0.917599 0.918002 
0.905167 0.90529 0.905985 0.905649 0.905017 0.905486 0.905996 0.905394 0.905045 0.905688 0.905826 0.905227 0.905237 0.905743 0.905583 0.905237 0.905463 0.905627 0.905393 0.905414 0.905604 0.905406 0.905339 0.905681 0.905585 0.905182 0.905474 0.905896 0.905403 0.905094 0.905759 0.905901 0.90517 0.90525 0.906006 0.905676 0.905066 0.905593 0.906026 0.905384 0.90519 0.905894 0.905835 0.905213 0.905452 0.905982 0.905609 0.905221 0.905651 0.905915 0.905486 0.905292 0.905705 0.905857 0.905443 0.905289 0.905727 0.905864 0.905347 0.90524 0.90584 0.905827 
0.884696 0.884699 0.884736 0.884715 0.884676 0.884701 0.88472 0.88469 0.884677 0.884707 0.884702 0.88468 0.884699 0.88471 0.884689 0.884693 0.884726 0.884711 0.88469 0.884725 0.884748 0.884713 0.88471 0.884762 0.884762 0.884719 0.884747 0.884794 0.884765 0.884738 0.884793 0.884812 0.884762 0.884774 0.88483 0.88481 0.884766 0.884814 0.884844 0.884794 0.884782 0.884838 0.884834 0.884779 0.884799 0.884838 0.884809 0.884771 0.8848 0.88482 0.884783 0.884759 0.884785 0.884795 0.884758 0.884738 0.884765 0.88477 0.884729 0.884714 0.884748 0.884743 
0.855604 0.855622 0.855652 0.855622 0.855598 0.855636 0.85565 0.855616 0.855614 0.855655 0.855651 0.855627 0.855646 0.855671 0.85566 0.855654 0.855679 0.855685 0.855678 0.855692 0.855705 0.855697 0.855704 0.855729 0.855721 0.855708 0.855736 0.855753 0.855726 0.855723 0.855765 0.855759 0.855725 0.855744 0.855777 0.855748 0.855724 0.855761 0.855766 0.855727 0.855726 0.855759 0.855738 0.855705 0.855723 0.855737 0.855706 0.855686 0.855708 0.855707 0.855676 0.855666 0.855684 0.855679 0.855649 0.855642 0.855663 0.855657 0.855624 0.855624 0.855654 0.855638 
0.818308 0.818309 0.818314 0.818319 0.818321 0.818325 0.818332 0.818339 0.818342 0.818348 0.818357 0.818363 0.818369 0.818375 0.818383 0.81839 0.818396 0.818401 0.818406 0.818413 0.818418 0.818421 0.818424 0.81843 0.818433 0.818432 0.818433 0.818437 0.818437 0.818433 0.818433 0.818435 0.81843 0.818425 0.818425 0.818422 0.818414 0.81841 0.818408 0.818401 0.818392 0.818388 0.818384 0.818374 0.818367 0.818363 0.818357 0.818347 0.818342 0.818339 0.818332 0.818325 0.818322 0.818319 0.818315 0.81831 0.818309 0.818309 0.818306 0.818304 0.818306 0.818309 
0.772826 0.772833 0.77284 0.772843 0.772847 0.772857 0.772864 0.772867 0.772873 0.772882 0.772887 0.77289 0.772897 0.772904 0.772908 0.772911 0.772916 0.772919 0.772921 0.772924 0.772926 0.772925 0.772926 0.772927 0.772925 0.772922 0.772922 0.77292 0.772914 0.77291 0.772909 0.772904 0.772896 0.772893 0.77289 0.772882 0.772874 0.772871 0.772866 0.772856 0.772851 0.772848 0.772841 0.772833 0.772831 0.772827 0.772821 0.772816 0.772815 0.772813 0.772808 0.772806 0.772808 0.772807 0.772805 0.772806 0.77281 0.772811 0.772811 0.772815 0.772821 0.772824 
0.719275 0.71928 0.719285 0.71929 0.719295 0.719299 0.719304 0.719308 0.719312 0.719316 0.719319 0.719322 0.719325 0.719327 0.719328 0.719329 0.71933 0.71933 0.719329 0.719328 0.719326 0.719324 0.719321 0.719319 0.719315 0.719311 0.719307 0.719303 0.719299 0.719293 0.719289 0.719285 0.719279 0.719274 0.71927 0.719266 0.719261 0.719256 0.719253 0.719249 0.719245 0.719242 0.71924 0.719237 0.719235 0.719234 0.719233 0.719232 0.719232 0.719233 0.719234 0.719235 0.719237 0.71924 0.719242 0.719245 0.719249 0.719253 0.719257 0.719261 0.719266 0.719271 
0.657808 0.657811 0.657814 0.657817 0.657819 0.657821 0.657823 0.657824 0.657826 0.657827 0.657827 0.657827 0.657827 0.657826 0.657825 0.657824 0.657822 0.65782 0.657818 0.657816 0.657813 0.65781 0.657807 0.657803 0.6578 0.657796 0.657793 0.657789 0.657786 0.657782 0.65778 0.657776 0.657773 0.657771 0.657769 0.657766 0.657764 0.657763 0.657762 0.65776 0.65776 0.65776 0.65776 0.65776 0.657761 0.657762 0.657763 0.657764 0.657766 0.657769 0.657771 0.657773 0.657776 0.657779 0.657782 0.657785 0.657789 0.657792 0.657795 0.657799 0.657802 0.657805 
0.588699 0.5887 0.5887 0.588701 0.588701 0.588701 0.588701 0.588701 0.588701 0.5887 0.588699 0.588698 0.588697 0.588696 0.588694 0.588692 0.588691 0.588689 0.588687 0.588685 0.588682 0.58868 0.588678 0.588676 0.588674 0.588672 0.58867 0.588669 0.588667 0.588666 0.588664 0.588663 0.588662 0.588662 0.588662 0.588661 0.588661 0.588662 0.588662 0.588663 0.588664 0.588665 0.588666 0.588667 0.588668 0.58867 0.588672 0.588674 0.588675 0.588677 0.588679 0.588681 0.588683 0.588685 0.588687 0.588689 0.588691 0.588692 0.588694 0.588695 0.588697 0.588698 
0.512369 0.512369 0.512369 0.512369 0.512368 0.512368 0.512367 0.512367 0.512366 0.512365 0.512365 0.512364 0.512363 0.512362 0.512361 0.51236 0.512359 0.512358 0.512357 0.512356 0.512355 0.512354 0.512353 0.512352 0.512352 0.512351 0.512351 0.51235 0.51235 0.51235 0.51235 0.51235 0.51235 0.51235 0.512351 0.512351 0.512352 0.512352 0.512353 0.512354 0.512355 0.512356 0.512357 0.512358 0.512359 0.51236 0.512361 0.512362 0.512363 0.512363 0.512364 0.512365 0.512366 0.512366 0.512367 0.512368 0.512368 0.512368 0.512369 0.512369 0.512369 0.512369 
0.429414 0.429413 0.429413 0.429413 0.429413 0.429413 0.429413 0.429412 0.429412 0.429412 0.429412 0.429411 0.429411 0.429411 0.42941 0.42941 0.42941 0.42941 0.429409 0.429409 0.429409 0.429408 0.429408 0.429408 0.429408 0.429408 0.429408 0.429408 0.429408 0.429408 0.429408 0.429409 0.429409 0.429409 0.429409 0.42941 0.42941 0.429411 0.429411 0.429411 0.429412 0.429412 0.429412 0.429413 0.429413 0.429413 0.429414 0.429414 0.429414 0.429414 0.429414 0.429414 0.429414 0.429414 0.429414 0.429414 0.429414 0.429414 0.429414 0.429414 0.429414 0.429414 
0.340619 0.340619 0.340619 0.340619 0.340619 0.34062 0.34062 0.34062 0.34062 0.34062 0.34062 0.34062 0.34062 0.34062 0.34062 0.34062 0.34062 0.34062 0.34062 0.34062 0.34062 0.34062 0.34062 0.340619 0.340619 0.340619 0.340619 0.340619 0.340619 0.340619 0.340619 0.340619 0.340619 0.340619 0.340619 0.340619 0.34062 0.34062 0.34062 0.34062 0.34062 0.34062 0.34062 0.34062 0.34062 0.34062 0.34062 0.340619 0.340619 0.340619 0.340619 0.340619 0.340619 0.340619 0.340619 0.340619 0.340619 0.340619 0.340619 0.340619 0.340619 0.340619 
0.246981 0.246981 0.246981 0.246982 0.246982 0.246982 0.246982 0.246982 0.246982 0.246983 0.246983 0.246983 0.246983 0.246983 0.246983 0.246983 0.246983 0.246983 0.246983 0.246983 0.246982 0.246982 0.246982 0.246982 0.246982 0.246982 0.246981 0.246981 0.246981 0.246981 0.246981 0.246981 0.246981 0.246981 0.24698 0.24698 0.24698 0.24698 0.24698 0.24698 0.24698 0.24698 0.24698 0.24698 0.24698 0.24698 0.24698 0.24698 0.24698 0.24698 0.24698 0.24698 0.24698 0.24698 0.24698 0.24698 0.24698 0.24698 0.24698 0.24698 0.24698 0.246981 
0.149701 0.149701 0.149701 0.149701 0.149702 0.149702 0.149702 0.149702 0.149702 0.149702 0.149702 0.149702 0.149703 0.149702 0.149702 0.149702 0.149702 0.149702 0.149702 0.149702 0.149702 0.149701 0.149701 0.149701 0.149701 0.149701 0.1497 0.1497 0.1497 0.1497 0.1497 0.1497 0.1497 0.149699 0.149699 0.149699 0.149699 0.149699 0.149699 0.149699 0.149699 0.149699 0.149699 0.149699 0.149699 0.149699 0.149699 0.149699 0.149699 0.149699 0.149699 0.149699 0.149699 0.149699 0.149699 0.149699 0.1497 0.1497 0.1497 0.1497 0.1497 0.149701 
0.0501564 0.0501565 0.0501567 0.0501568 0.050157 0.0501571 0.0501572 0.0501573 0.0501574 0.0501575 0.0501575 0.0501576 0.0501576 0.0501576 0.0501575 0.0501575 0.0501574 0.0501573 0.0501572 0.050157 0.0501569 0.0501568 0.0501566 0.0501565 0.0501564 0.0501562 0.0501561 0.050156 0.0501559 0.0501558 0.0501558 0.0501557 0.0501556 0.0501556 0.0501556 0.0501555 0.0501555 0.0501555 0.0501555 0.0501555 0.0501554 0.0501554 0.0501554 0.0501554 0.0501554 0.0501554 0.0501554 0.0501554 0.0501554 0.0501554 0.0501554 0.0501554 0.0501554 0.0501554 0.0501555 0.0501556 0.0501556 0.0501557 0.0501558 0.050156 0.0501561 0.0501562 
