0.0487849 0.048822 0.04893 0.0490837 0.0492672 0.0494322 0.0495697 0.0496613 0.0497296 0.0497771 0.0498313 0.0498891 0.0499646 0.0500385 0.0501095 0.0501509 0.0501669 0.050148 0.0501215 0.0500955 0.0501031 0.0501425 0.0502259 0.0503248 0.0504284 0.0504966 0.0505218 0.0504806 0.0503898 0.0502516 0.0501055 0.0499686 0.0498808 0.0498391 0.0498446 0.0498525 0.0498418 0.0497803 0.0496849 0.0495613 0.0494403 0.0493162 0.0492014 0.0490863 0.048995 0.0489245 0.048884 0.0488395 0.0487823 0.0486957 0.0486181 0.048573 0.0485982 0.0486715 0.0487739 0.0488534 0.0489046 0.048913 0.0489032 0.0488693 0.0488328 0.0487921 
0.147073 0.147134 0.147227 0.147405 0.147568 0.147749 0.147859 0.147966 0.148011 0.148079 0.148114 0.148195 0.148256 0.14836 0.148423 0.148497 0.1485 0.148504 0.148455 0.148446 0.148429 0.148485 0.148546 0.148663 0.148746 0.148834 0.14884 0.14882 0.148709 0.148591 0.148423 0.148305 0.148196 0.148174 0.148158 0.148185 0.148152 0.148108 0.147989 0.147883 0.147741 0.14764 0.14751 0.147423 0.14732 0.147278 0.147222 0.147198 0.147116 0.147044 0.146939 0.146909 0.146909 0.146999 0.147076 0.147173 0.147202 0.147232 0.147203 0.147189 0.147127 0.147103 
0.243238 0.243272 0.243403 0.243542 0.243723 0.24385 0.24398 0.244047 0.244125 0.24416 0.244228 0.244276 0.244375 0.244457 0.244571 0.24463 0.244682 0.244662 0.244649 0.244602 0.244611 0.244623 0.244706 0.24478 0.244889 0.244941 0.244982 0.244934 0.244869 0.244732 0.244611 0.244466 0.244389 0.244324 0.244329 0.244309 0.2443 0.244217 0.244129 0.243988 0.24388 0.24375 0.243665 0.243562 0.243512 0.243451 0.243436 0.243379 0.24333 0.243225 0.243157 0.243092 0.243116 0.243152 0.243242 0.243291 0.243353 0.243355 0.243368 0.243321 0.243291 0.24323 
0.33588 0.335966 0.33606 0.336227 0.336343 0.336482 0.336552 0.336651 0.336689 0.336766 0.336793 0.33688 0.336942 0.337076 0.337168 0.337287 0.337316 0.33735 0.337304 0.337297 0.337258 0.337295 0.337319 0.337415 0.337472 0.337556 0.337557 0.337558 0.337471 0.337397 0.337261 0.337172 0.337058 0.33702 0.336965 0.336965 0.336902 0.336852 0.336722 0.336621 0.336475 0.336393 0.336283 0.336242 0.336173 0.336167 0.336117 0.3361 0.336011 0.335952 0.335851 0.335828 0.335799 0.33585 0.335871 0.335939 0.335955 0.336004 0.335985 0.335984 0.335917 0.335901 
0.423897 0.423948 0.424089 0.424193 0.424327 0.42439 0.424484 0.424527 0.42461 0.424642 0.424716 0.424759 0.424874 0.424973 0.425124 0.425211 0.425301 0.425303 0.425318 0.425273 0.425276 0.425251 0.425298 0.425325 0.42541 0.42544 0.425489 0.425452 0.425429 0.425336 0.425276 0.425164 0.425102 0.425006 0.42497 0.424896 0.424858 0.424752 0.424665 0.424521 0.424427 0.42431 0.424264 0.424198 0.424195 0.424157 0.424158 0.424097 0.424058 0.423961 0.423916 0.423848 0.423853 0.423832 0.423869 0.423866 0.423918 0.423921 0.423957 0.423917 0.423906 0.423857 
0.506209 0.50632 0.506407 0.506543 0.506601 0.506689 0.506716 0.506799 0.506828 0.506906 0.506932 0.507031 0.507105 0.507261 0.507367 0.507506 0.507551 0.507615 0.507595 0.507614 0.507568 0.507579 0.507551 0.5076 0.507616 0.507686 0.507686 0.507709 0.507658 0.507641 0.507565 0.50753 0.507432 0.507377 0.507268 0.507213 0.507102 0.507032 0.506896 0.506808 0.506676 0.506621 0.50654 0.506537 0.506497 0.506515 0.506469 0.506458 0.506372 0.506334 0.506246 0.506231 0.506176 0.506184 0.506145 0.506168 0.506155 0.506204 0.506195 0.506218 0.506176 0.506198 
0.582109 0.582171 0.582301 0.582362 0.58245 0.582466 0.582535 0.582557 0.582634 0.582658 0.582739 0.582792 0.582929 0.583038 0.583194 0.583273 0.583369 0.583391 0.583444 0.583431 0.583448 0.5834 0.583404 0.583378 0.583427 0.583434 0.583487 0.583466 0.583485 0.583442 0.583448 0.583385 0.583351 0.583238 0.58316 0.583022 0.582935 0.582797 0.582711 0.582579 0.582516 0.582424 0.582408 0.58236 0.582377 0.582344 0.582351 0.58229 0.582263 0.58218 0.582153 0.582089 0.582085 0.582027 0.58202 0.581967 0.581987 0.581971 0.582015 0.581998 0.582032 0.582026 
0.650882 0.651 0.651062 0.65116 0.651175 0.651233 0.651244 0.65132 0.651342 0.651417 0.651452 0.651565 0.651654 0.651809 0.651902 0.652017 0.652047 0.652125 0.652141 0.652203 0.652174 0.652186 0.652123 0.652135 0.652109 0.652163 0.652157 0.652195 0.652177 0.652211 0.652192 0.652206 0.652135 0.652076 0.651931 0.651829 0.651667 0.65157 0.65143 0.651366 0.651265 0.65124 0.651183 0.651186 0.651142 0.65115 0.6511 0.65109 0.651008 0.650984 0.650908 0.650906 0.650844 0.65084 0.650765 0.650749 0.650692 0.650717 0.650706 0.650755 0.650758 0.650835 
0.712183 0.712243 0.712345 0.712365 0.712414 0.712412 0.712477 0.712497 0.712577 0.712609 0.712709 0.712766 0.712914 0.713005 0.713137 0.71317 0.713254 0.713278 0.713363 0.713388 0.713439 0.713409 0.713401 0.71336 0.713378 0.713365 0.713404 0.713391 0.713435 0.713427 0.713486 0.713456 0.713445 0.713329 0.713235 0.71306 0.712934 0.712778 0.712691 0.712579 0.712554 0.712495 0.712503 0.712438 0.71245 0.712389 0.712389 0.712315 0.7123 0.712227 0.712211 0.712164 0.712169 0.712113 0.712082 0.711998 0.711977 0.711929 0.711962 0.711962 0.712039 0.712076 
0.765616 0.76572 0.765736 0.765828 0.765799 0.765841 0.765838 0.765958 0.76598 0.766067 0.766137 0.766265 0.76634 0.766429 0.766522 0.76657 0.766586 0.76663 0.766709 0.766783 0.766781 0.76683 0.766789 0.766811 0.766734 0.766796 0.766752 0.766794 0.766781 0.766854 0.766867 0.766895 0.766847 0.766783 0.766629 0.766532 0.766339 0.766245 0.766089 0.766086 0.766002 0.766006 0.765979 0.765963 0.765903 0.765841 0.765813 0.765767 0.765701 0.765669 0.765629 0.765647 0.765592 0.765606 0.765525 0.765495 0.765386 0.765391 0.765369 0.765428 0.765441 0.765557 
0.811039 0.811095 0.81118 0.811183 0.811148 0.811181 0.811244 0.811286 0.811354 0.811481 0.81162 0.811632 0.811773 0.811822 0.811936 0.811833 0.81197 0.811961 0.812078 0.812077 0.812215 0.812229 0.812224 0.812235 0.812223 0.8122 0.812174 0.812189 0.812211 0.812208 0.812308 0.812273 0.812231 0.812122 0.812055 0.81188 0.81169 0.81162 0.811524 0.811427 0.811415 0.81145 0.81148 0.811318 0.811374 0.811252 0.811259 0.81109 0.811169 0.811093 0.811089 0.811057 0.811115 0.811092 0.811026 0.810945 0.810903 0.810844 0.810829 0.810833 0.810926 0.810976 
0.848364 0.848344 0.848324 0.84854 0.848396 0.84841 0.848356 0.848751 0.848577 0.848783 0.848866 0.849181 0.849013 0.849031 0.849228 0.849165 0.849138 0.849016 0.849424 0.849275 0.84937 0.849381 0.84959 0.849517 0.849343 0.849509 0.849382 0.849441 0.849305 0.849488 0.849485 0.84946 0.849444 0.849296 0.849227 0.849153 0.848921 0.848873 0.848663 0.848918 0.848605 0.848785 0.848719 0.8488 0.848593 0.848429 0.848562 0.848355 0.848386 0.848226 0.848418 0.848344 0.848357 0.848353 0.84837 0.848299 0.848141 0.848146 0.848171 0.84815 0.848134 0.848282 
0.877445 0.876817 0.87741 0.878115 0.877078 0.876882 0.877707 0.878259 0.876978 0.877546 0.878574 0.878399 0.877428 0.878036 0.879013 0.877838 0.877727 0.878195 0.878972 0.877761 0.878249 0.878831 0.878737 0.87831 0.878505 0.878878 0.878221 0.87846 0.878618 0.878318 0.878407 0.878671 0.87855 0.877792 0.878307 0.878614 0.87748 0.877571 0.877969 0.878304 0.876956 0.87774 0.878376 0.877696 0.877209 0.877479 0.878207 0.876922 0.877226 0.877447 0.877831 0.877066 0.877319 0.877722 0.877684 0.877128 0.877107 0.877554 0.877437 0.876823 0.877101 0.8778 
0.900858 0.898375 0.895478 0.898387 0.901412 0.897049 0.895147 0.900608 0.900944 0.896452 0.896265 0.902789 0.899936 0.895869 0.89808 0.90282 0.898431 0.895312 0.900386 0.901542 0.897607 0.896536 0.901994 0.900088 0.897076 0.898899 0.900962 0.898574 0.897652 0.900509 0.899183 0.897813 0.900123 0.899753 0.897434 0.898303 0.901406 0.897926 0.895931 0.900561 0.900532 0.89683 0.896329 0.901946 0.899124 0.895563 0.897705 0.90077 0.898055 0.895284 0.898766 0.899977 0.897645 0.896143 0.899177 0.899767 0.896955 0.896384 0.899615 0.899262 0.896132 0.896984 
0.90663 0.911287 0.915637 0.908249 0.906114 0.914414 0.914516 0.906923 0.906679 0.918383 0.912239 0.906227 0.909859 0.919342 0.909587 0.905008 0.9148 0.915551 0.908115 0.906381 0.918188 0.911344 0.907646 0.91212 0.915416 0.909326 0.908874 0.916149 0.910084 0.908444 0.914925 0.9134 0.907455 0.91005 0.919282 0.908045 0.905266 0.916601 0.915706 0.90553 0.905575 0.921771 0.910501 0.903651 0.910949 0.918949 0.907937 0.902766 0.915331 0.914287 0.906864 0.905749 0.915732 0.91242 0.906705 0.908568 0.914798 0.911213 0.90668 0.909636 0.915037 0.909873 
0.913398 0.917067 0.915557 0.912298 0.914661 0.917287 0.914338 0.912905 0.91596 0.917739 0.913705 0.914307 0.917479 0.917238 0.912919 0.915025 0.918568 0.914966 0.912631 0.916804 0.91895 0.912923 0.913707 0.919837 0.91673 0.911644 0.915979 0.92058 0.913301 0.911564 0.919785 0.917956 0.911351 0.913641 0.921315 0.914283 0.910371 0.91744 0.918847 0.912313 0.911486 0.920108 0.915831 0.911528 0.914505 0.919002 0.913642 0.911195 0.916897 0.916677 0.912584 0.912817 0.917986 0.915284 0.912245 0.914886 0.917588 0.913789 0.912274 0.9162 0.916609 0.912699 
0.915913 0.912693 0.905999 0.908698 0.918122 0.909655 0.904525 0.913586 0.917246 0.907727 0.904851 0.91887 0.914553 0.905818 0.90749 0.920573 0.911176 0.903563 0.912431 0.918909 0.908828 0.903655 0.917697 0.9153 0.906791 0.907155 0.918561 0.911557 0.905532 0.912507 0.915188 0.909265 0.9081 0.914608 0.911258 0.908403 0.912535 0.912283 0.908485 0.910948 0.914228 0.909728 0.90782 0.914398 0.913 0.907455 0.909035 0.914705 0.911421 0.906384 0.910487 0.914557 0.910709 0.906683 0.911302 0.914988 0.90951 0.906385 0.912676 0.914675 0.907658 0.906608 
0.896475 0.898147 0.900915 0.897529 0.896043 0.899565 0.900884 0.896701 0.89637 0.901616 0.900133 0.896569 0.897764 0.902534 0.898759 0.896163 0.899171 0.901413 0.897684 0.896649 0.900557 0.899974 0.897753 0.898156 0.900464 0.898689 0.898379 0.899163 0.898776 0.898305 0.899776 0.899054 0.897255 0.899229 0.90081 0.897478 0.896331 0.900702 0.90028 0.896024 0.896907 0.901981 0.898996 0.895507 0.898417 0.901368 0.897645 0.895547 0.899265 0.899976 0.897219 0.896694 0.899554 0.899494 0.897314 0.897428 0.899472 0.899096 0.896841 0.897437 0.899967 0.89855 
0.877671 0.878311 0.877495 0.876813 0.87793 0.878476 0.876971 0.877292 0.87835 0.878581 0.876973 0.878101 0.878983 0.878228 0.877221 0.878238 0.878883 0.877317 0.877658 0.878399 0.878684 0.87724 0.878382 0.87866 0.878103 0.877764 0.878595 0.878384 0.877476 0.878416 0.878572 0.877823 0.877784 0.87883 0.878146 0.877047 0.878022 0.878523 0.877203 0.87702 0.878291 0.878187 0.876789 0.877499 0.878458 0.877567 0.876807 0.877595 0.87817 0.87714 0.877164 0.877976 0.878178 0.877296 0.87744 0.878122 0.878003 0.877024 0.877335 0.877992 0.877739 0.876758 
0.848617 0.848751 0.848704 0.848597 0.848644 0.848876 0.848652 0.848741 0.848745 0.849081 0.848813 0.849038 0.849121 0.849208 0.848934 0.848916 0.849077 0.848893 0.848905 0.84889 0.849143 0.84891 0.849016 0.849045 0.849091 0.849005 0.849001 0.849055 0.848899 0.849059 0.849049 0.849107 0.849019 0.849186 0.848985 0.848775 0.848723 0.848881 0.848631 0.848554 0.848642 0.848782 0.848536 0.848578 0.848779 0.848721 0.848512 0.848475 0.848658 0.848596 0.848592 0.848714 0.848807 0.848732 0.848655 0.848736 0.848706 0.848557 0.848471 0.848527 0.848571 0.8485 
0.81143 0.811468 0.811431 0.811443 0.811504 0.811512 0.811428 0.811499 0.811532 0.811524 0.811542 0.811671 0.811774 0.811661 0.811712 0.811671 0.811725 0.811549 0.811707 0.811679 0.81172 0.811624 0.811752 0.811743 0.811701 0.811739 0.81178 0.811759 0.811698 0.811798 0.811858 0.811848 0.811906 0.811885 0.811777 0.811583 0.811572 0.811497 0.811407 0.811364 0.81138 0.811314 0.811306 0.811386 0.811497 0.811406 0.811413 0.811374 0.81143 0.811381 0.811508 0.811547 0.811558 0.811458 0.811484 0.811464 0.811423 0.811296 0.811301 0.81126 0.811264 0.811273 
0.765977 0.766085 0.766083 0.766117 0.766087 0.766158 0.766094 0.76611 0.76606 0.766121 0.766099 0.766171 0.766224 0.766278 0.766264 0.766259 0.766276 0.766261 0.766249 0.766261 0.766265 0.766259 0.766223 0.766263 0.766238 0.766294 0.766273 0.766338 0.766293 0.766366 0.766382 0.766463 0.766454 0.766463 0.766349 0.766237 0.766126 0.766112 0.766027 0.765986 0.765921 0.765935 0.765911 0.765998 0.766076 0.76613 0.766077 0.766069 0.766073 0.766127 0.766137 0.766181 0.766133 0.766098 0.766016 0.766022 0.765972 0.765938 0.76585 0.765848 0.765847 0.765923 
0.712574 0.712618 0.712675 0.71267 0.712705 0.712684 0.712691 0.712649 0.712647 0.712597 0.712629 0.712644 0.712735 0.712754 0.712836 0.712835 0.712876 0.712836 0.712866 0.71284 0.712858 0.712823 0.712836 0.712808 0.712831 0.712849 0.712916 0.712927 0.712964 0.712959 0.71301 0.713009 0.713058 0.713004 0.712947 0.712805 0.712737 0.712641 0.712605 0.712525 0.712496 0.712435 0.712479 0.712533 0.712655 0.712681 0.712724 0.712693 0.712729 0.712728 0.712783 0.712753 0.712723 0.712627 0.7126 0.71255 0.712549 0.712481 0.712459 0.7124 0.712432 0.712463 
0.651304 0.651396 0.651412 0.651459 0.651446 0.651483 0.651452 0.651456 0.651396 0.651389 0.651348 0.651393 0.651425 0.651523 0.651569 0.651642 0.651635 0.651649 0.651602 0.651618 0.651584 0.6516 0.65155 0.651563 0.651539 0.651608 0.651642 0.651722 0.651715 0.651732 0.651699 0.651726 0.651713 0.651723 0.65164 0.651569 0.65145 0.651403 0.651323 0.651298 0.651224 0.65122 0.651208 0.651303 0.651375 0.651479 0.651492 0.651531 0.651515 0.651555 0.65153 0.651529 0.651438 0.651392 0.651314 0.65132 0.651283 0.651281 0.651214 0.651207 0.651187 0.651258 
0.582568 0.582593 0.582656 0.582657 0.582703 0.582696 0.582726 0.582689 0.58268 0.582612 0.582607 0.582589 0.582661 0.582718 0.582829 0.582868 0.582909 0.582866 0.582857 0.582814 0.58283 0.582803 0.582812 0.582774 0.582808 0.582837 0.582942 0.582981 0.583023 0.582964 0.582942 0.582889 0.582915 0.582888 0.582877 0.582778 0.582714 0.582616 0.582589 0.582524 0.582506 0.582449 0.582476 0.582507 0.582622 0.58269 0.582778 0.582787 0.582821 0.582797 0.582803 0.582737 0.582695 0.582607 0.582593 0.582561 0.582587 0.582548 0.582539 0.582478 0.582493 0.582493 
0.506708 0.506763 0.506773 0.506829 0.50684 0.506895 0.506891 0.506913 0.506862 0.506844 0.506782 0.506798 0.506809 0.50691 0.506972 0.50706 0.507047 0.507039 0.506964 0.506955 0.50692 0.506947 0.50692 0.506942 0.50694 0.507027 0.507094 0.507186 0.507172 0.50714 0.50704 0.507011 0.506982 0.507018 0.506988 0.506966 0.506875 0.506839 0.506775 0.506768 0.506708 0.506695 0.506657 0.506716 0.506771 0.50689 0.506942 0.507006 0.506988 0.506996 0.506937 0.506911 0.506828 0.506805 0.506762 0.506794 0.506786 0.506809 0.506759 0.506743 0.506691 0.506711 
0.424411 0.4244 0.424452 0.424475 0.424545 0.424568 0.42462 0.42461 0.424617 0.424566 0.42455 0.424512 0.42455 0.424589 0.424685 0.424722 0.424747 0.424683 0.424638 0.42457 0.424577 0.42457 0.42461 0.424611 0.424674 0.424729 0.424844 0.42489 0.424912 0.42482 0.424743 0.424653 0.42466 0.424663 0.4247 0.424664 0.424643 0.424582 0.424574 0.424528 0.424509 0.424438 0.424424 0.424416 0.424501 0.424571 0.424668 0.424686 0.424702 0.424652 0.424631 0.424565 0.424543 0.424496 0.424516 0.424518 0.424569 0.424561 0.424564 0.424498 0.424467 0.424406 
0.336398 0.33641 0.336424 0.336502 0.336546 0.336622 0.336641 0.336686 0.336672 0.33668 0.336632 0.336627 0.336602 0.336655 0.336688 0.336752 0.336728 0.336693 0.336592 0.336549 0.336509 0.336552 0.336574 0.336645 0.33669 0.336794 0.336865 0.336944 0.336915 0.336856 0.33673 0.336673 0.336637 0.336686 0.336702 0.336736 0.336708 0.336714 0.336681 0.336677 0.336606 0.336558 0.336481 0.336494 0.336523 0.336623 0.336668 0.336712 0.336673 0.336655 0.336595 0.336585 0.336543 0.336556 0.336548 0.336603 0.336628 0.336678 0.336653 0.336624 0.336526 0.336468 
0.243741 0.243706 0.243758 0.243816 0.243907 0.243955 0.244016 0.244038 0.244079 0.244075 0.244074 0.244029 0.244016 0.244004 0.244045 0.244059 0.244063 0.243988 0.24391 0.24382 0.243808 0.243824 0.243904 0.24397 0.24407 0.244146 0.244244 0.244276 0.244274 0.24418 0.24409 0.243998 0.243991 0.244006 0.244068 0.244093 0.24413 0.244128 0.24414 0.244099 0.244048 0.243945 0.243885 0.243849 0.243898 0.24395 0.244013 0.244005 0.243987 0.243931 0.243915 0.24389 0.243904 0.243898 0.243934 0.243962 0.244033 0.244066 0.244087 0.24402 0.243934 0.243807 
0.147565 0.147547 0.147576 0.147671 0.147745 0.147824 0.147862 0.14792 0.147949 0.14799 0.147973 0.14795 0.147893 0.147881 0.147873 0.147899 0.14787 0.147819 0.147709 0.147637 0.147592 0.147639 0.147708 0.14782 0.147908 0.148012 0.148073 0.148122 0.148089 0.148025 0.147914 0.147851 0.147817 0.147859 0.147902 0.147972 0.148004 0.148047 0.148042 0.148025 0.147937 0.147848 0.147747 0.147725 0.147736 0.147801 0.147823 0.147828 0.147774 0.147744 0.147713 0.147733 0.14774 0.147773 0.147787 0.147844 0.147896 0.147968 0.147972 0.147931 0.147803 0.147679 
0.0492556 0.0492207 0.0492595 0.0493405 0.0494275 0.0494979 0.0495536 0.0496051 0.0496544 0.0496877 0.0496875 0.0496525 0.0496023 0.0495665 0.0495564 0.0495564 0.0495328 0.0494669 0.0493714 0.049287 0.0492538 0.0492858 0.049368 0.049472 0.0495766 0.0496693 0.0497403 0.0497721 0.0497518 0.0496824 0.0495938 0.049525 0.0495047 0.0495323 0.0495884 0.0496493 0.0497029 0.049741 0.049753 0.0497227 0.0496457 0.0495413 0.0494509 0.0494107 0.0494269 0.0494692 0.049496 0.049484 0.0494447 0.0494081 0.0493982 0.0494138 0.0494399 0.0494638 0.0494921 0.0495369 0.0496011 0.0496594 0.0496756 0.0496203 0.0495021 0.0493614 
