0.0491047 0.0490952 0.0490866 0.0490778 0.0490696 0.0490619 0.0490561 0.0490529 0.049054 0.0490601 0.049072 0.0490899 0.0491133 0.049142 0.0491747 0.0492116 0.0492517 0.0492962 0.0493438 0.0493945 0.0494458 0.0494965 0.0495444 0.0495884 0.0496273 0.0496598 0.0496852 0.0497028 0.0497139 0.0497191 0.0497196 0.0497153 0.0497061 0.0496915 0.0496725 0.0496502 0.0496261 0.0496013 0.0495764 0.0495521 0.049529 0.0495079 0.0494882 0.0494691 0.049449 0.0494275 0.0494045 0.0493813 0.0493582 0.049336 0.0493141 0.049293 0.0492724 0.0492529 0.0492338 0.0492148 0.0491956 0.0491763 0.0491581 0.0491414 0.0491273 0.049115 
0.14713 0.147116 0.147103 0.147092 0.147081 0.147072 0.147062 0.147054 0.147048 0.147047 0.147052 0.147065 0.147083 0.147109 0.14714 0.147176 0.147214 0.147256 0.147299 0.147345 0.147393 0.147442 0.147489 0.147534 0.147574 0.147609 0.147637 0.147658 0.147669 0.147674 0.147672 0.147667 0.147658 0.147647 0.147632 0.147615 0.147594 0.147574 0.147552 0.147533 0.147512 0.147495 0.147478 0.147464 0.147451 0.147438 0.147423 0.147406 0.147386 0.147367 0.147346 0.147326 0.147307 0.147289 0.147271 0.147255 0.147238 0.14722 0.147201 0.147183 0.147164 0.147146 
0.242983 0.242964 0.242948 0.242934 0.242923 0.242914 0.242907 0.242899 0.242894 0.242892 0.242896 0.242904 0.242921 0.242944 0.242976 0.243013 0.243056 0.243101 0.243147 0.243194 0.24324 0.243287 0.243333 0.243377 0.243418 0.243453 0.243483 0.243505 0.24352 0.243525 0.243523 0.243512 0.243498 0.24348 0.243462 0.243442 0.243421 0.243399 0.243378 0.243356 0.243336 0.243316 0.243299 0.243282 0.243269 0.243257 0.243247 0.243236 0.243223 0.243206 0.243188 0.243168 0.243149 0.243131 0.243115 0.243099 0.243084 0.243069 0.243054 0.243037 0.24302 0.243001 
0.335369 0.335352 0.335334 0.335318 0.335305 0.335296 0.335289 0.335285 0.335282 0.335282 0.335286 0.335295 0.335309 0.33533 0.335357 0.335392 0.335433 0.335481 0.335529 0.335579 0.335624 0.33567 0.33571 0.335752 0.335787 0.335821 0.335848 0.33587 0.335885 0.335893 0.335892 0.335882 0.335866 0.335845 0.335822 0.3358 0.335777 0.335756 0.335734 0.335715 0.335695 0.335677 0.335658 0.335642 0.335625 0.335612 0.3356 0.33559 0.33558 0.335569 0.335553 0.335537 0.335517 0.335499 0.33548 0.335465 0.33545 0.335438 0.335425 0.335413 0.335399 0.335386 
0.423109 0.423093 0.423076 0.423057 0.42304 0.423026 0.423018 0.423012 0.42301 0.423009 0.423015 0.423023 0.423041 0.423062 0.423092 0.423124 0.423166 0.423213 0.423267 0.423324 0.423378 0.423431 0.423476 0.42352 0.423557 0.423592 0.423618 0.423639 0.423653 0.423658 0.423659 0.423647 0.42363 0.423603 0.423575 0.423542 0.423511 0.423481 0.423454 0.423429 0.423407 0.423386 0.423368 0.42335 0.423336 0.423321 0.423311 0.423299 0.423292 0.423284 0.423276 0.423266 0.423252 0.423236 0.423218 0.423202 0.423187 0.423174 0.42316 0.423147 0.423135 0.423122 
0.505214 0.505206 0.505192 0.50518 0.505162 0.505151 0.50514 0.505137 0.505135 0.505137 0.505143 0.505152 0.505173 0.505194 0.505228 0.505258 0.505299 0.505339 0.50539 0.505443 0.505496 0.505552 0.505596 0.505644 0.505675 0.505711 0.50573 0.505751 0.505758 0.505763 0.50576 0.50575 0.505737 0.505711 0.505685 0.505652 0.505618 0.505587 0.505555 0.505532 0.505506 0.505487 0.505468 0.505451 0.505437 0.505421 0.505411 0.505394 0.505384 0.505371 0.505363 0.505354 0.505343 0.505333 0.505315 0.505301 0.505283 0.505273 0.505258 0.505249 0.505235 0.505226 
0.580887 0.580878 0.580865 0.580856 0.580836 0.580825 0.580809 0.580803 0.580797 0.5808 0.580809 0.580815 0.580839 0.58086 0.580905 0.580935 0.580991 0.581032 0.581094 0.581144 0.581211 0.581273 0.581329 0.581388 0.581428 0.581476 0.581494 0.581524 0.581525 0.581528 0.581518 0.581502 0.581485 0.58145 0.581422 0.581377 0.581335 0.58129 0.581247 0.581213 0.581174 0.581152 0.581127 0.581107 0.581094 0.581079 0.581077 0.581058 0.581057 0.58104 0.581037 0.581024 0.581022 0.581015 0.581003 0.58099 0.580973 0.580961 0.580943 0.580932 0.580916 0.580905 
0.64953 0.649526 0.649506 0.649512 0.649491 0.649495 0.649468 0.649479 0.649461 0.649476 0.649476 0.649499 0.649517 0.649537 0.649587 0.649613 0.649681 0.649703 0.649785 0.649811 0.649887 0.649927 0.649993 0.650044 0.650077 0.650135 0.65014 0.650187 0.650168 0.65019 0.650162 0.650153 0.650131 0.650097 0.65008 0.650035 0.650006 0.649958 0.649917 0.649891 0.649841 0.649829 0.649789 0.649783 0.649754 0.649739 0.649738 0.649714 0.649718 0.649683 0.649688 0.649656 0.649656 0.649639 0.649636 0.649623 0.649607 0.649596 0.649581 0.649573 0.649555 0.649549 
0.71069 0.710677 0.71066 0.710666 0.710619 0.710638 0.710606 0.710627 0.710567 0.710611 0.710597 0.710626 0.710624 0.71067 0.710726 0.710732 0.71083 0.710857 0.71098 0.71097 0.71111 0.71114 0.711235 0.711277 0.711346 0.711418 0.711408 0.711496 0.711466 0.711507 0.711452 0.71146 0.711415 0.711352 0.71134 0.711271 0.71123 0.711156 0.711118 0.711076 0.710986 0.710995 0.710937 0.710934 0.71088 0.710892 0.710894 0.710855 0.710887 0.710857 0.710888 0.710823 0.710853 0.710825 0.710831 0.710797 0.7108 0.710786 0.710763 0.71074 0.710732 0.710726 
0.764099 0.76406 0.764043 0.764044 0.76403 0.764043 0.763974 0.764067 0.763971 0.764054 0.763951 0.764113 0.764017 0.764113 0.7641 0.764199 0.764241 0.764229 0.764409 0.764349 0.764544 0.764431 0.764678 0.764593 0.764722 0.764717 0.764758 0.764841 0.764748 0.764884 0.764751 0.76484 0.764732 0.764719 0.764695 0.764614 0.764644 0.764511 0.764526 0.764482 0.764405 0.764418 0.76431 0.76442 0.764258 0.764325 0.764262 0.764292 0.764269 0.764219 0.764288 0.764195 0.764246 0.764149 0.764219 0.764146 0.764176 0.764116 0.764152 0.764105 0.764111 0.764072 
0.809464 0.809322 0.809484 0.809456 0.809306 0.809329 0.809379 0.809466 0.809129 0.809424 0.809298 0.809479 0.809116 0.809547 0.809446 0.809471 0.809474 0.80966 0.809874 0.809538 0.810054 0.809871 0.810233 0.809902 0.810373 0.810287 0.810227 0.810431 0.810332 0.810519 0.810183 0.810528 0.81028 0.810165 0.810233 0.81011 0.81009 0.809786 0.810035 0.809863 0.809604 0.809778 0.809656 0.809781 0.809373 0.809777 0.809626 0.809582 0.809555 0.809659 0.809757 0.809466 0.809681 0.809604 0.8097 0.809434 0.809618 0.809565 0.809577 0.80938 0.809543 0.809504 
0.846865 0.846512 0.846819 0.846499 0.846849 0.846478 0.846694 0.846664 0.846628 0.846686 0.846443 0.84703 0.846387 0.846998 0.846398 0.847275 0.846545 0.847078 0.846921 0.847127 0.847246 0.846854 0.847707 0.846951 0.847776 0.846989 0.847777 0.847387 0.847457 0.847614 0.847279 0.847826 0.847159 0.847538 0.84728 0.847338 0.847387 0.846866 0.847438 0.846961 0.847142 0.846853 0.846955 0.847237 0.846578 0.847134 0.846669 0.847201 0.846596 0.846955 0.84686 0.846859 0.846836 0.846725 0.846914 0.846688 0.846845 0.846633 0.846844 0.846622 0.846813 0.846541 
0.87655 0.873872 0.875985 0.876601 0.87597 0.873622 0.876471 0.876998 0.87459 0.874432 0.87648 0.877381 0.873087 0.876017 0.876394 0.87699 0.873068 0.876957 0.877253 0.875294 0.875431 0.876536 0.878343 0.874076 0.877731 0.876631 0.877182 0.8758 0.87737 0.877561 0.875152 0.878127 0.87664 0.876231 0.875962 0.877624 0.876819 0.873909 0.877718 0.876808 0.875261 0.874608 0.877213 0.877201 0.873289 0.876487 0.876614 0.876525 0.873739 0.876701 0.876954 0.875329 0.87495 0.876336 0.876942 0.874852 0.875303 0.876243 0.876715 0.87448 0.875461 0.876393 
0.897733 0.898807 0.894714 0.89342 0.900698 0.896886 0.893768 0.89492 0.902266 0.894922 0.89273 0.898312 0.901078 0.894231 0.891881 0.902202 0.898122 0.894185 0.892965 0.903562 0.896381 0.892928 0.897313 0.90066 0.896928 0.891909 0.900745 0.897577 0.896335 0.895177 0.898652 0.897811 0.895239 0.89867 0.895545 0.897481 0.898313 0.896706 0.895768 0.896635 0.901263 0.893981 0.895467 0.89896 0.899295 0.894292 0.894401 0.900767 0.896847 0.894652 0.894817 0.89978 0.896577 0.894296 0.895343 0.898954 0.896642 0.893818 0.895893 0.899219 0.895841 0.89338 
0.903184 0.896525 0.919358 0.915146 0.901704 0.897756 0.927339 0.907824 0.899608 0.904478 0.928892 0.903083 0.894683 0.919353 0.919227 0.902753 0.891448 0.934048 0.905818 0.899871 0.903005 0.929728 0.903366 0.891374 0.925887 0.910233 0.904524 0.897557 0.929131 0.903456 0.897237 0.921409 0.910932 0.904543 0.902864 0.927 0.903505 0.8974 0.925677 0.911032 0.90285 0.901314 0.931293 0.903748 0.894828 0.91861 0.918942 0.902374 0.893879 0.925556 0.911461 0.897962 0.901072 0.923261 0.908695 0.895883 0.906644 0.921761 0.905722 0.896266 0.911685 0.920299 
0.911323 0.907179 0.916267 0.916522 0.910185 0.908614 0.918435 0.914086 0.909637 0.910984 0.919105 0.912368 0.908683 0.915307 0.91753 0.911214 0.908104 0.921132 0.91357 0.909562 0.911959 0.922842 0.910429 0.906696 0.921723 0.916723 0.908894 0.908273 0.927081 0.910752 0.905187 0.918861 0.920902 0.908626 0.904677 0.926595 0.91366 0.904845 0.913285 0.923383 0.910487 0.903065 0.921379 0.917749 0.90698 0.907904 0.922426 0.913956 0.904654 0.914162 0.920145 0.910514 0.905562 0.918266 0.916825 0.907988 0.908554 0.919864 0.913539 0.906857 0.91265 0.918952 
0.907683 0.915459 0.908008 0.902296 0.913018 0.913898 0.905544 0.902214 0.919355 0.909717 0.902447 0.907309 0.920293 0.907361 0.898709 0.915629 0.916517 0.905748 0.898734 0.920623 0.91348 0.902193 0.904357 0.919694 0.912114 0.899378 0.910425 0.916458 0.909562 0.901521 0.911596 0.914126 0.907493 0.905112 0.909896 0.911752 0.909713 0.904997 0.908519 0.911815 0.911236 0.904489 0.906583 0.915602 0.908929 0.904922 0.907363 0.915721 0.908176 0.90464 0.909855 0.912374 0.909331 0.905551 0.908971 0.911187 0.910715 0.905639 0.907066 0.913053 0.910506 0.90409 
0.893747 0.893581 0.900678 0.897578 0.892585 0.895217 0.902403 0.895236 0.891952 0.898198 0.902025 0.893443 0.891875 0.90197 0.899236 0.892597 0.893622 0.903797 0.896318 0.89212 0.897886 0.901579 0.895036 0.893089 0.901289 0.897758 0.894568 0.896953 0.899839 0.89567 0.895575 0.900298 0.895944 0.894706 0.899705 0.898643 0.89359 0.895442 0.903118 0.89496 0.892041 0.899444 0.901535 0.893168 0.891856 0.902721 0.898353 0.89209 0.89425 0.902114 0.896831 0.891697 0.896472 0.900503 0.895954 0.89223 0.897416 0.899757 0.895001 0.892776 0.898656 0.899135 
0.874764 0.876687 0.876365 0.873865 0.875561 0.877016 0.875685 0.87364 0.876404 0.877243 0.87443 0.874471 0.876832 0.877241 0.873475 0.875804 0.877312 0.876537 0.873873 0.876817 0.877908 0.875406 0.875435 0.877394 0.877816 0.875014 0.876869 0.877612 0.876716 0.87589 0.8774 0.877089 0.875801 0.876915 0.877128 0.875705 0.875958 0.877252 0.876088 0.874835 0.876362 0.877138 0.874746 0.875103 0.876657 0.876515 0.874408 0.875453 0.876958 0.875774 0.874807 0.875652 0.876898 0.875499 0.874831 0.875836 0.876715 0.875245 0.874615 0.876174 0.876595 0.874616 
0.846538 0.84654 0.846794 0.846508 0.846553 0.846631 0.846778 0.846533 0.846526 0.846888 0.846643 0.84673 0.846539 0.847208 0.846645 0.84692 0.846901 0.847317 0.846999 0.847002 0.847514 0.847275 0.847402 0.847236 0.847822 0.847385 0.847467 0.847615 0.847655 0.847508 0.847444 0.847651 0.847431 0.847293 0.847466 0.847252 0.847183 0.847115 0.847206 0.847004 0.846758 0.847201 0.846781 0.846896 0.846608 0.847096 0.846715 0.84662 0.846816 0.846827 0.846802 0.846461 0.846866 0.846707 0.84669 0.84647 0.846775 0.846664 0.846564 0.846488 0.846746 0.846606 
0.809318 0.809357 0.809332 0.809203 0.809335 0.809367 0.809259 0.809267 0.809339 0.809445 0.809195 0.80944 0.80942 0.809565 0.809349 0.809659 0.809722 0.809698 0.809769 0.809911 0.810139 0.809908 0.810214 0.810218 0.810392 0.810207 0.810427 0.810472 0.810393 0.810411 0.810407 0.810433 0.810257 0.810282 0.810205 0.810098 0.810033 0.80998 0.80986 0.809798 0.809735 0.809729 0.809547 0.80962 0.809566 0.809533 0.809479 0.809504 0.809568 0.809441 0.809496 0.809458 0.809522 0.809408 0.809418 0.809428 0.809436 0.809341 0.809326 0.809379 0.809376 0.809258 
0.763903 0.763909 0.763934 0.763912 0.763891 0.763941 0.76394 0.763953 0.763918 0.764037 0.763995 0.764061 0.764053 0.764196 0.764184 0.764235 0.764337 0.764404 0.764485 0.764481 0.764666 0.764648 0.764748 0.764755 0.764882 0.764872 0.764893 0.764949 0.764939 0.764936 0.7649 0.764912 0.764836 0.764792 0.764759 0.764701 0.764614 0.764597 0.764529 0.764482 0.764376 0.764412 0.764319 0.764275 0.764242 0.764241 0.764218 0.764127 0.764182 0.764123 0.764124 0.764038 0.76408 0.764044 0.764011 0.763976 0.763985 0.763975 0.763934 0.76393 0.76395 0.763936 
0.710466 0.710467 0.710458 0.710456 0.710462 0.710485 0.710467 0.710499 0.710505 0.710554 0.710546 0.710615 0.710654 0.710711 0.710761 0.710832 0.710932 0.710969 0.711083 0.711136 0.711254 0.711279 0.711388 0.711446 0.711515 0.711557 0.711596 0.711641 0.711623 0.711641 0.711613 0.711599 0.711543 0.711503 0.711447 0.711383 0.711322 0.711261 0.711185 0.711125 0.711055 0.711005 0.710939 0.710901 0.710868 0.710823 0.710804 0.710763 0.710757 0.710707 0.710698 0.710666 0.710652 0.71062 0.710595 0.710579 0.710556 0.710536 0.710518 0.710512 0.710495 0.710472 
0.649257 0.649263 0.649266 0.649275 0.649277 0.6493 0.649308 0.649335 0.64935 0.649395 0.649423 0.649471 0.649523 0.649583 0.649647 0.649701 0.649788 0.649847 0.649931 0.649986 0.650074 0.65013 0.650199 0.65026 0.650315 0.650359 0.650378 0.650407 0.650402 0.650405 0.650383 0.650367 0.650328 0.65029 0.650245 0.650195 0.650136 0.650084 0.650022 0.649963 0.649903 0.649854 0.649805 0.649754 0.649721 0.649677 0.649644 0.649594 0.649567 0.649527 0.649496 0.649463 0.649435 0.64941 0.649375 0.649357 0.649335 0.649323 0.649299 0.649287 0.649273 0.649265 
0.580568 0.580572 0.580574 0.580581 0.580589 0.580606 0.58062 0.580645 0.58067 0.580705 0.580745 0.580795 0.580853 0.580907 0.580975 0.581037 0.581117 0.581184 0.581268 0.581341 0.581422 0.581494 0.581567 0.581635 0.581686 0.581733 0.581759 0.581784 0.581788 0.58179 0.581777 0.581756 0.581723 0.581681 0.581633 0.581575 0.581514 0.581449 0.581384 0.581319 0.581258 0.5812 0.581147 0.581096 0.581053 0.581005 0.580965 0.58092 0.580884 0.580847 0.580816 0.580785 0.580753 0.580725 0.580696 0.580674 0.58065 0.580628 0.580606 0.580589 0.580575 0.580569 
0.504873 0.504877 0.50488 0.50489 0.504901 0.50492 0.50494 0.504966 0.504997 0.505037 0.505082 0.505132 0.505187 0.505242 0.505303 0.505367 0.50544 0.505512 0.505587 0.505661 0.505735 0.505806 0.505869 0.505928 0.505971 0.50601 0.506034 0.506057 0.506064 0.506066 0.506055 0.506037 0.506008 0.50597 0.505924 0.505871 0.505814 0.505757 0.5057 0.505643 0.505588 0.505535 0.505483 0.505432 0.505384 0.505336 0.505289 0.505244 0.505202 0.505164 0.505126 0.505092 0.505055 0.505025 0.504992 0.504966 0.504937 0.504914 0.504893 0.504881 0.504874 0.504873 
0.422741 0.42274 0.422743 0.42275 0.422763 0.42278 0.422802 0.422829 0.422863 0.422903 0.422949 0.422996 0.423048 0.423104 0.423168 0.423237 0.423313 0.423391 0.423471 0.42355 0.423627 0.423699 0.423763 0.42382 0.423868 0.42391 0.423943 0.423969 0.423983 0.423985 0.423978 0.423958 0.42393 0.423889 0.423841 0.423786 0.42373 0.423673 0.423617 0.423559 0.423503 0.423445 0.42339 0.423336 0.423284 0.423233 0.423186 0.42314 0.423099 0.423059 0.42302 0.422981 0.422943 0.422907 0.422872 0.422839 0.42281 0.422785 0.422768 0.422756 0.422749 0.422744 
0.33499 0.334988 0.334991 0.335001 0.335015 0.335034 0.335058 0.335088 0.335123 0.335163 0.335206 0.335253 0.335306 0.335366 0.335432 0.335505 0.335581 0.33566 0.335737 0.335815 0.335886 0.335954 0.336014 0.336071 0.33612 0.336165 0.336199 0.336225 0.336239 0.336242 0.336234 0.336216 0.336187 0.336149 0.336105 0.336057 0.336007 0.335957 0.335905 0.335851 0.335795 0.335739 0.335683 0.335629 0.335576 0.335526 0.335476 0.33543 0.335383 0.33534 0.335294 0.335251 0.335207 0.335166 0.335127 0.335093 0.335064 0.335042 0.335025 0.335013 0.335003 0.334995 
0.242591 0.242588 0.242591 0.2426 0.242614 0.242633 0.242657 0.242686 0.24272 0.242758 0.242802 0.242852 0.24291 0.242974 0.243046 0.243121 0.2432 0.24328 0.24336 0.243437 0.243511 0.243581 0.243647 0.243709 0.243765 0.243813 0.24385 0.243876 0.24389 0.243892 0.243884 0.243865 0.243837 0.243801 0.243759 0.243714 0.243667 0.243616 0.243562 0.243505 0.243446 0.243388 0.243332 0.243277 0.243224 0.243173 0.243122 0.243073 0.243024 0.242975 0.242926 0.242878 0.242832 0.242788 0.24275 0.242716 0.242688 0.242664 0.242644 0.242625 0.242611 0.242598 
0.14673 0.146728 0.146732 0.146742 0.146756 0.146776 0.146799 0.146828 0.146861 0.146902 0.146949 0.147004 0.147066 0.147134 0.147206 0.147282 0.14736 0.14744 0.147519 0.147597 0.147672 0.147745 0.147814 0.147878 0.147934 0.14798 0.148015 0.148038 0.148051 0.148054 0.148046 0.148029 0.148004 0.147972 0.147935 0.147893 0.147847 0.147796 0.14774 0.147684 0.147626 0.147571 0.147516 0.147463 0.147409 0.147356 0.147302 0.14725 0.147196 0.147143 0.147089 0.147039 0.146992 0.14695 0.146911 0.146876 0.146844 0.146816 0.14679 0.146768 0.14675 0.146738 
0.0486875 0.0486908 0.0487002 0.0487147 0.0487338 0.0487574 0.0487862 0.048821 0.0488627 0.0489119 0.048968 0.0490307 0.0490984 0.0491709 0.0492469 0.0493268 0.0494083 0.0494916 0.0495739 0.0496557 0.0497349 0.0498114 0.0498824 0.0499462 0.0500002 0.0500437 0.0500766 0.0500993 0.050112 0.0501144 0.0501067 0.0500895 0.0500642 0.0500318 0.0499926 0.0499465 0.0498939 0.0498367 0.0497769 0.0497169 0.049657 0.0495973 0.0495367 0.0494761 0.0494152 0.0493552 0.0492949 0.0492349 0.0491745 0.0491157 0.0490593 0.0490071 0.0489584 0.0489132 0.0488704 0.0488308 0.0487948 0.0487635 0.0487373 0.0487161 0.0487006 0.0486907 
