0.0499207 0.0500124 0.0500967 0.0501665 0.0502257 0.0502708 0.0503043 0.0503261 0.0503359 0.0503378 0.0503293 0.0503178 0.0502979 0.0502756 0.0502406 0.0501971 0.050137 0.0500685 0.0499923 0.049917 0.0498453 0.0497775 0.0497148 0.0496522 0.0495936 0.0495329 0.0494732 0.0494042 0.0493241 0.0492225 0.0490997 0.0489542 0.0487923 0.0486182 0.0484374 0.0482536 0.0480716 0.0478984 0.0477415 0.0476095 0.0475059 0.0474354 0.0473959 0.0473914 0.0474183 0.0474803 0.0475719 0.0476953 0.0478439 0.0480162 0.0482027 0.0483961 0.0485876 0.0487702 0.0489421 0.049099 0.049244 0.0493733 0.0494948 0.0496058 0.0497159 0.0498189 
0.147264 0.147331 0.147397 0.147461 0.147521 0.14758 0.147627 0.147668 0.147687 0.147697 0.147682 0.147664 0.147631 0.147607 0.147573 0.147546 0.147506 0.147469 0.147424 0.147385 0.14735 0.147321 0.147295 0.147271 0.147247 0.147221 0.147193 0.147158 0.147109 0.147044 0.14695 0.146834 0.146685 0.146518 0.146327 0.14613 0.145923 0.145725 0.145539 0.145383 0.145256 0.145174 0.145126 0.145123 0.14515 0.145218 0.145311 0.145437 0.145578 0.145741 0.14591 0.146087 0.146258 0.146423 0.146572 0.146705 0.146818 0.146915 0.146996 0.147067 0.147134 0.147198 
0.24275 0.242789 0.242836 0.242878 0.24293 0.242978 0.243028 0.243072 0.243104 0.243121 0.243111 0.243084 0.243033 0.242979 0.242916 0.24286 0.242801 0.242747 0.242698 0.242656 0.24263 0.242608 0.242604 0.242593 0.242593 0.24258 0.242574 0.242551 0.242524 0.242478 0.242417 0.242331 0.242219 0.242078 0.241908 0.241716 0.241509 0.241298 0.241097 0.240915 0.240767 0.240657 0.240594 0.240577 0.240605 0.240673 0.240778 0.240912 0.241068 0.24124 0.241422 0.241607 0.241791 0.241962 0.242122 0.242256 0.242374 0.242464 0.242543 0.242601 0.242659 0.242702 
0.334902 0.33493 0.33496 0.33499 0.335026 0.335068 0.335108 0.335151 0.335176 0.335205 0.335199 0.33519 0.335134 0.335079 0.334985 0.334906 0.334808 0.334731 0.334651 0.334589 0.334541 0.334505 0.334492 0.334476 0.334478 0.334463 0.334451 0.334419 0.334379 0.334328 0.33426 0.334191 0.334091 0.333987 0.333841 0.333685 0.333495 0.333306 0.333111 0.332938 0.332786 0.332676 0.332606 0.332591 0.332621 0.332706 0.332822 0.332979 0.333147 0.333339 0.33353 0.333732 0.333925 0.334115 0.334284 0.334432 0.334552 0.334644 0.334717 0.334773 0.334824 0.334864 
0.42239 0.422402 0.422432 0.422441 0.422477 0.422506 0.422549 0.422582 0.422605 0.422625 0.422616 0.422611 0.422558 0.422509 0.422402 0.422308 0.422179 0.422075 0.421971 0.421888 0.421834 0.421784 0.421786 0.421774 0.42182 0.421827 0.421871 0.421861 0.421859 0.421816 0.421767 0.421707 0.421622 0.42154 0.421414 0.421284 0.42111 0.42093 0.420736 0.420548 0.420381 0.420238 0.420144 0.420092 0.420103 0.420167 0.42028 0.420433 0.420611 0.420805 0.421006 0.421209 0.42141 0.4216 0.42178 0.421933 0.422066 0.422155 0.422231 0.422273 0.422323 0.422348 
0.50444 0.504447 0.504479 0.504475 0.504506 0.504517 0.504559 0.504586 0.504609 0.504632 0.504613 0.504619 0.504554 0.504535 0.504416 0.504346 0.504181 0.504076 0.503916 0.503817 0.503716 0.503637 0.503598 0.503541 0.50357 0.503539 0.503593 0.503553 0.503561 0.503486 0.503424 0.503342 0.503233 0.503158 0.503021 0.502936 0.502774 0.502657 0.50249 0.502354 0.502213 0.5021 0.502024 0.501985 0.502005 0.502079 0.502201 0.50237 0.50256 0.502782 0.502996 0.503224 0.503431 0.503636 0.503812 0.503975 0.504109 0.504215 0.504293 0.50434 0.504385 0.504403 
0.579965 0.579952 0.580005 0.579978 0.580037 0.580018 0.580069 0.58006 0.580099 0.580111 0.580091 0.580091 0.580008 0.58 0.579848 0.579814 0.579613 0.57953 0.579313 0.579226 0.579095 0.579018 0.57899 0.578935 0.579021 0.578984 0.579143 0.579116 0.579235 0.579167 0.579185 0.57911 0.579021 0.578952 0.578797 0.578721 0.578526 0.578427 0.578234 0.578102 0.577939 0.57781 0.577708 0.577633 0.577628 0.577661 0.577756 0.577895 0.578075 0.578285 0.578505 0.578743 0.578968 0.579178 0.579358 0.579519 0.579655 0.579755 0.579837 0.579882 0.57993 0.579925 
0.648736 0.648719 0.648772 0.64874 0.648813 0.64876 0.648847 0.648767 0.64883 0.64879 0.648821 0.648782 0.648716 0.648718 0.648566 0.648565 0.648328 0.648334 0.648024 0.647995 0.64773 0.647706 0.647525 0.647467 0.647468 0.647383 0.647518 0.647376 0.647556 0.647334 0.647429 0.647229 0.647203 0.647072 0.646926 0.646883 0.646649 0.646647 0.64643 0.64642 0.646255 0.646238 0.646179 0.646162 0.646206 0.646274 0.64641 0.646543 0.64675 0.646974 0.64721 0.647459 0.647705 0.647949 0.648126 0.648305 0.648432 0.648563 0.648615 0.648685 0.648715 0.648734 
0.709774 0.709789 0.709843 0.709739 0.709896 0.70981 0.709983 0.70975 0.709959 0.709798 0.709884 0.709716 0.709738 0.709697 0.709461 0.709515 0.709199 0.709327 0.708803 0.709027 0.708587 0.708716 0.708361 0.708495 0.708503 0.708427 0.708768 0.708602 0.709053 0.708654 0.709071 0.708744 0.708873 0.708674 0.70858 0.708533 0.708188 0.708237 0.707875 0.707871 0.707589 0.707576 0.707425 0.707383 0.7074 0.707443 0.707521 0.707646 0.707838 0.708045 0.708249 0.708519 0.70879 0.709021 0.709193 0.709404 0.709549 0.709665 0.70968 0.709797 0.709806 0.709805 
0.763389 0.763534 0.763451 0.76356 0.763453 0.76347 0.763643 0.763408 0.763568 0.763322 0.763637 0.763169 0.763359 0.763148 0.763273 0.76297 0.762865 0.76295 0.762549 0.762695 0.762157 0.762604 0.761712 0.762119 0.761569 0.761974 0.76169 0.761732 0.762015 0.761453 0.761985 0.761232 0.761831 0.761045 0.761423 0.761074 0.760947 0.760967 0.760659 0.760884 0.760367 0.760743 0.76048 0.76067 0.760575 0.760891 0.761016 0.761091 0.761381 0.761635 0.761953 0.762038 0.762482 0.762675 0.762935 0.762993 0.763276 0.763421 0.763397 0.763502 0.763489 0.763669 
0.808215 0.809144 0.808669 0.808715 0.808469 0.808996 0.809044 0.808212 0.809137 0.80856 0.809249 0.807659 0.809182 0.80807 0.808521 0.80753 0.808311 0.807974 0.80695 0.80801 0.806986 0.808237 0.805764 0.80821 0.806451 0.80761 0.806865 0.807771 0.808239 0.806814 0.808789 0.807135 0.808631 0.806838 0.808158 0.80727 0.807029 0.80725 0.80662 0.806858 0.806012 0.806551 0.805934 0.805949 0.806033 0.806222 0.806135 0.806256 0.806707 0.806929 0.806957 0.807302 0.807884 0.807954 0.807993 0.808287 0.808755 0.808691 0.808369 0.808934 0.808835 0.808965 
0.846153 0.846502 0.8463 0.847177 0.845664 0.846745 0.846287 0.84669 0.845908 0.846343 0.846839 0.845657 0.846095 0.845626 0.846903 0.844779 0.846001 0.845113 0.846076 0.844597 0.845491 0.845737 0.844212 0.845201 0.843492 0.846121 0.842719 0.845642 0.843536 0.844664 0.843961 0.843817 0.845024 0.842293 0.844889 0.842439 0.844188 0.842254 0.843922 0.843117 0.842537 0.843289 0.842842 0.843457 0.842135 0.844231 0.843322 0.844013 0.843486 0.845116 0.84479 0.844648 0.84554 0.845744 0.846298 0.845219 0.846949 0.846243 0.846805 0.845871 0.847002 0.846871 
0.869878 0.87831 0.876829 0.875242 0.868923 0.88143 0.875384 0.872668 0.872323 0.880812 0.876172 0.868161 0.878285 0.876765 0.876388 0.864865 0.882863 0.872794 0.872712 0.868035 0.880855 0.87518 0.864829 0.878712 0.872238 0.878341 0.862865 0.883383 0.872348 0.872461 0.87438 0.875566 0.877707 0.867661 0.880462 0.870895 0.873788 0.872898 0.875427 0.871376 0.870526 0.876344 0.871217 0.869238 0.87276 0.875458 0.870367 0.869583 0.875608 0.875373 0.870639 0.871712 0.877913 0.875348 0.871951 0.87282 0.879866 0.874917 0.872021 0.874509 0.879535 0.875187 
0.896684 0.887563 0.901046 0.903496 0.890978 0.891054 0.902486 0.901989 0.886854 0.894436 0.906817 0.896071 0.885572 0.898883 0.908792 0.889497 0.886548 0.902901 0.905585 0.884104 0.892507 0.904145 0.899017 0.883035 0.896228 0.903886 0.888745 0.891429 0.893128 0.899796 0.884017 0.898277 0.89223 0.889967 0.892149 0.895372 0.890312 0.883367 0.903424 0.890387 0.88702 0.887862 0.907067 0.886951 0.883049 0.899712 0.902141 0.888199 0.883153 0.908528 0.896768 0.889121 0.888964 0.908139 0.896704 0.887722 0.896194 0.903804 0.898671 0.886287 0.900441 0.902226 
0.888375 0.907687 0.942687 0.900463 0.872706 0.938047 0.917066 0.902781 0.870401 0.957797 0.901982 0.894044 0.892128 0.95406 0.90292 0.872407 0.940407 0.918364 0.914651 0.853275 0.990459 0.884593 0.900507 0.892317 0.958205 0.905116 0.843171 0.971064 0.885079 0.910847 0.855271 0.96156 0.891051 0.865147 0.919505 0.904678 0.900196 0.86606 0.930051 0.896162 0.887585 0.900836 0.914074 0.896777 0.892507 0.918528 0.906893 0.896287 0.905935 0.92694 0.900133 0.897517 0.919001 0.9264 0.895942 0.893366 0.938276 0.913506 0.89556 0.891078 0.953177 0.899631 
0.907362 0.89026 0.920762 0.929202 0.901155 0.89701 0.922963 0.927392 0.89602 0.902268 0.929319 0.917923 0.898251 0.902755 0.939876 0.901359 0.901948 0.91153 0.933608 0.896575 0.902513 0.931739 0.909263 0.899459 0.913335 0.931491 0.895839 0.899112 0.935744 0.908018 0.893046 0.913747 0.934802 0.896362 0.884154 0.943229 0.906022 0.895758 0.892234 0.949587 0.894454 0.882409 0.929734 0.918843 0.90211 0.874645 0.958214 0.897517 0.897073 0.901421 0.945316 0.902205 0.880758 0.938108 0.917921 0.90459 0.885213 0.947393 0.908542 0.894483 0.907515 0.936216 
0.907869 0.889282 0.89386 0.948623 0.898141 0.895403 0.897107 0.956869 0.890294 0.888013 0.926417 0.931896 0.904411 0.859059 0.981682 0.880127 0.918263 0.860735 0.983782 0.87855 0.877614 0.93234 0.906304 0.916798 0.842957 0.971335 0.872677 0.902472 0.896549 0.917954 0.905509 0.875105 0.942128 0.884037 0.900086 0.923319 0.902136 0.905005 0.887296 0.957366 0.882779 0.882757 0.950386 0.901464 0.908869 0.858899 0.988606 0.876183 0.887195 0.908983 0.940071 0.897188 0.857834 0.948546 0.906649 0.895306 0.872711 0.943813 0.90782 0.886041 0.890823 0.939205 
0.890539 0.906468 0.897179 0.891008 0.89395 0.9075 0.893008 0.890772 0.900906 0.902607 0.892489 0.888753 0.91029 0.892835 0.894514 0.888205 0.913606 0.886092 0.890598 0.898994 0.9029 0.890209 0.8813 0.9114 0.888037 0.890771 0.884886 0.905936 0.887748 0.88339 0.898554 0.892613 0.89051 0.885735 0.897153 0.890912 0.887012 0.896032 0.889601 0.891921 0.893533 0.892907 0.89299 0.886024 0.904334 0.886143 0.895278 0.88991 0.902289 0.891932 0.887974 0.900156 0.896808 0.89714 0.884874 0.902778 0.899284 0.894027 0.888161 0.903262 0.901081 0.891007 
0.878801 0.874611 0.873267 0.879012 0.877757 0.872284 0.874822 0.87848 0.878001 0.868068 0.879845 0.875048 0.877993 0.865079 0.882836 0.873664 0.872259 0.870422 0.877478 0.878712 0.863718 0.880116 0.871307 0.878495 0.864378 0.879106 0.875038 0.870395 0.87516 0.872744 0.877929 0.86833 0.877093 0.872337 0.871088 0.874671 0.871443 0.871349 0.870064 0.874076 0.871941 0.864168 0.877057 0.869314 0.871355 0.865958 0.876718 0.874282 0.866152 0.876299 0.873093 0.87877 0.86714 0.879534 0.875897 0.877144 0.872446 0.877887 0.87911 0.875584 0.874028 0.877968 
0.847553 0.847815 0.847744 0.847262 0.847665 0.847341 0.847843 0.846495 0.848134 0.846192 0.847952 0.845305 0.848012 0.845045 0.846961 0.844963 0.846039 0.845463 0.8443 0.846488 0.843171 0.846258 0.841944 0.845912 0.842235 0.844064 0.843173 0.843093 0.844157 0.841632 0.844499 0.841683 0.843425 0.841752 0.84252 0.842481 0.841555 0.842457 0.841848 0.841938 0.842355 0.841184 0.843168 0.841132 0.843372 0.842172 0.843418 0.843955 0.843152 0.845615 0.843442 0.846754 0.844466 0.84724 0.845501 0.847309 0.846941 0.847344 0.847311 0.847615 0.847916 0.847465 
0.81075 0.810055 0.810468 0.810242 0.810466 0.809462 0.81041 0.809605 0.810164 0.808717 0.810085 0.808847 0.809047 0.808281 0.808724 0.808587 0.80711 0.808569 0.806914 0.80844 0.805815 0.808099 0.806225 0.806842 0.806323 0.806462 0.807213 0.805657 0.807532 0.805883 0.807063 0.805804 0.806421 0.805914 0.805414 0.805907 0.805062 0.805033 0.804925 0.804671 0.80471 0.803924 0.805094 0.804553 0.804545 0.805367 0.805361 0.806629 0.805405 0.807855 0.807042 0.808424 0.80798 0.80934 0.809592 0.809478 0.810206 0.810239 0.810879 0.810163 0.810725 0.810554 
0.765399 0.76521 0.765367 0.765066 0.765327 0.76497 0.765161 0.764711 0.764974 0.764444 0.764503 0.76408 0.764022 0.763726 0.76332 0.763427 0.762661 0.762955 0.761904 0.762479 0.761315 0.761619 0.760808 0.760871 0.760609 0.760177 0.760632 0.759899 0.760479 0.759627 0.760136 0.759549 0.759606 0.759478 0.759259 0.759402 0.759055 0.759198 0.759031 0.759028 0.75919 0.759103 0.759437 0.75956 0.759788 0.760263 0.760295 0.761214 0.761037 0.762054 0.761972 0.762889 0.763042 0.763575 0.763996 0.76423 0.764764 0.7647 0.765176 0.765068 0.765385 0.76515 
0.712079 0.711911 0.71198 0.711824 0.711839 0.71159 0.711619 0.711387 0.711276 0.711026 0.710865 0.710692 0.710293 0.710253 0.709777 0.709795 0.709091 0.709198 0.708546 0.708523 0.707966 0.707856 0.707602 0.707257 0.707381 0.707023 0.707337 0.706891 0.707187 0.706834 0.70688 0.706693 0.706548 0.706494 0.706208 0.706227 0.705938 0.705867 0.70575 0.705699 0.70569 0.705728 0.705866 0.70608 0.706152 0.706665 0.706847 0.707466 0.707692 0.708391 0.708805 0.709307 0.709858 0.710259 0.710848 0.711004 0.711516 0.711597 0.711933 0.711875 0.712075 0.712005 
0.651058 0.651016 0.651032 0.650946 0.650923 0.650795 0.650703 0.650551 0.650398 0.650233 0.649986 0.649838 0.649503 0.649358 0.648919 0.648764 0.648244 0.648041 0.647534 0.647285 0.646853 0.64652 0.646269 0.645933 0.64588 0.645561 0.645616 0.645324 0.645332 0.645111 0.645038 0.644915 0.644751 0.644712 0.644529 0.644525 0.644389 0.644398 0.644373 0.644427 0.644509 0.644632 0.644773 0.645023 0.645217 0.64562 0.645902 0.646418 0.646785 0.647313 0.647783 0.64826 0.648785 0.649159 0.649663 0.649922 0.650323 0.650474 0.650749 0.650826 0.65098 0.650984 
0.582565 0.582529 0.582503 0.582425 0.582345 0.582225 0.582096 0.581955 0.581765 0.581608 0.581363 0.581184 0.580857 0.58064 0.580251 0.579978 0.579552 0.579246 0.578852 0.578508 0.578186 0.577856 0.577666 0.577393 0.577328 0.577122 0.57709 0.576922 0.576865 0.576736 0.576615 0.57651 0.576348 0.576261 0.576106 0.576039 0.575929 0.575883 0.575849 0.575855 0.575884 0.575968 0.576083 0.576291 0.576517 0.576878 0.577242 0.577704 0.578179 0.578692 0.579238 0.57972 0.580265 0.580683 0.581157 0.581472 0.581831 0.582044 0.582271 0.582384 0.582503 0.582536 
0.507123 0.507122 0.507097 0.507047 0.506968 0.506871 0.506736 0.506607 0.506427 0.506267 0.506026 0.505812 0.505493 0.505214 0.504832 0.504502 0.504091 0.503724 0.503323 0.502946 0.502604 0.502268 0.502028 0.501763 0.501603 0.501395 0.501267 0.5011 0.500965 0.500824 0.500672 0.500558 0.500418 0.500343 0.500243 0.500202 0.50015 0.500141 0.50014 0.500175 0.500233 0.500349 0.500501 0.500741 0.501015 0.501384 0.501783 0.50225 0.502742 0.503248 0.503773 0.504256 0.504756 0.505182 0.505616 0.505962 0.506293 0.506538 0.506756 0.506907 0.507023 0.507089 
0.425272 0.425265 0.425238 0.425177 0.42509 0.424978 0.424842 0.424696 0.424519 0.424332 0.42409 0.423835 0.423517 0.423198 0.42283 0.422469 0.42208 0.421699 0.421329 0.420969 0.420663 0.420367 0.420142 0.419911 0.419745 0.419562 0.41942 0.419262 0.419119 0.418976 0.418835 0.418718 0.418601 0.418511 0.418421 0.418348 0.41828 0.418227 0.418197 0.418196 0.418241 0.418344 0.418509 0.418749 0.419051 0.419426 0.419858 0.420333 0.420847 0.421361 0.421892 0.422387 0.422889 0.423336 0.423771 0.424133 0.424462 0.424715 0.424927 0.425073 0.425183 0.425241 
0.337865 0.337878 0.337855 0.337805 0.33772 0.337619 0.337488 0.337348 0.337167 0.336969 0.336714 0.33644 0.336112 0.335777 0.335403 0.335033 0.334643 0.334267 0.333899 0.333555 0.333239 0.332944 0.332684 0.33244 0.332225 0.33202 0.331831 0.331652 0.331481 0.331332 0.331191 0.331079 0.33097 0.330883 0.330793 0.33072 0.33065 0.330607 0.330589 0.33062 0.330696 0.330841 0.331041 0.331318 0.331648 0.332047 0.332487 0.332967 0.333467 0.333974 0.334485 0.334981 0.335464 0.335913 0.336329 0.336693 0.337007 0.337266 0.337472 0.33763 0.337744 0.337823 
0.245829 0.245836 0.245816 0.245762 0.245685 0.245581 0.245454 0.245299 0.245109 0.244884 0.244618 0.244323 0.243996 0.243656 0.243298 0.242939 0.242579 0.242228 0.24189 0.241565 0.241263 0.240975 0.240716 0.240469 0.240251 0.240042 0.239854 0.239674 0.239513 0.239364 0.239231 0.239105 0.238986 0.238867 0.238755 0.238649 0.238565 0.238509 0.238496 0.238532 0.238625 0.238781 0.239003 0.239291 0.239642 0.240045 0.240491 0.240964 0.241462 0.241965 0.242477 0.242971 0.243453 0.243896 0.244305 0.24466 0.24497 0.245222 0.24543 0.245585 0.245706 0.245783 
0.15035 0.150378 0.150374 0.150342 0.150276 0.150182 0.150049 0.149885 0.149678 0.149443 0.149169 0.14888 0.148564 0.148244 0.147906 0.147571 0.147226 0.146889 0.14655 0.146224 0.145906 0.145606 0.145323 0.145062 0.14482 0.144598 0.144393 0.144206 0.144033 0.143875 0.143724 0.14358 0.143437 0.143303 0.143178 0.143079 0.143007 0.14298 0.142994 0.143064 0.143185 0.143372 0.143616 0.143925 0.144281 0.144682 0.145113 0.145573 0.146051 0.146543 0.147035 0.147517 0.147977 0.148407 0.148797 0.149143 0.149442 0.149694 0.149902 0.150069 0.150198 0.150292 
0.0529397 0.0529954 0.053014 0.0529921 0.0529297 0.0528271 0.0526846 0.0525075 0.0522955 0.0520587 0.0517955 0.0515176 0.0512185 0.0509076 0.050576 0.0502342 0.0498771 0.0495172 0.0491532 0.0487959 0.048447 0.0481141 0.0478 0.0475073 0.0472369 0.0469871 0.0467574 0.0465442 0.0463464 0.0461596 0.0459826 0.0458139 0.0456568 0.0455166 0.0454011 0.0453184 0.0452727 0.0452686 0.0453061 0.0453926 0.0455292 0.0457244 0.0459726 0.0462741 0.0466169 0.0470003 0.0474173 0.0478675 0.0483427 0.0488341 0.0493297 0.0498168 0.0502863 0.0507265 0.0511324 0.0514959 0.0518194 0.0521002 0.0523444 0.0525485 0.0527172 0.052846 
