0.0529069 0.052907 0.052907 0.052907 0.0529071 0.0529071 0.0529071 0.0529071 0.0529071 0.0529071 0.0529071 0.0529071 0.052907 0.052907 0.052907 0.052907 0.0529069 0.0529069 0.0529069 0.0529068 0.0529068 0.0529067 0.0529067 0.0529066 0.0529066 0.0529065 0.0529065 0.0529064 0.0529064 0.0529063 0.0529063 0.0529063 0.0529062 0.0529062 0.0529062 0.0529061 0.0529061 0.0529061 0.0529061 0.0529061 0.0529061 0.0529061 0.0529061 0.0529061 0.0529061 0.0529061 0.0529062 0.0529062 0.0529063 0.0529063 0.0529063 0.0529064 0.0529064 0.0529065 0.0529065 0.0529066 0.0529066 0.0529067 0.0529067 0.0529068 0.0529068 0.0529069 
0.157767 0.157767 0.157768 0.157768 0.157769 0.157769 0.157769 0.15777 0.15777 0.15777 0.157771 0.157771 0.157771 0.157772 0.157772 0.157772 0.157773 0.157773 0.157773 0.157773 0.157773 0.157773 0.157773 0.157773 0.157773 0.157773 0.157773 0.157773 0.157772 0.157772 0.157772 0.157772 0.157771 0.157771 0.15777 0.15777 0.15777 0.157769 0.157769 0.157769 0.157768 0.157768 0.157767 0.157767 0.157767 0.157767 0.157766 0.157766 0.157766 0.157766 0.157766 0.157766 0.157765 0.157765 0.157766 0.157766 0.157766 0.157766 0.157766 0.157766 0.157767 0.157767 
0.25985 0.25985 0.25985 0.259851 0.259851 0.259852 0.259852 0.259853 0.259853 0.259854 0.259855 0.259855 0.259856 0.259857 0.259858 0.259859 0.259859 0.25986 0.259861 0.259862 0.259863 0.259863 0.259864 0.259865 0.259865 0.259866 0.259866 0.259866 0.259867 0.259867 0.259867 0.259867 0.259867 0.259867 0.259867 0.259866 0.259866 0.259865 0.259865 0.259864 0.259864 0.259863 0.259862 0.259861 0.25986 0.25986 0.259859 0.259858 0.259857 0.259856 0.259855 0.259855 0.259854 0.259853 0.259853 0.259852 0.259852 0.259851 0.259851 0.259851 0.25985 0.25985 
0.357559 0.357558 0.357557 0.357556 0.357556 0.357555 0.357555 0.357554 0.357554 0.357554 0.357554 0.357554 0.357555 0.357555 0.357556 0.357556 0.357557 0.357558 0.357559 0.35756 0.357561 0.357562 0.357563 0.357564 0.357565 0.357567 0.357568 0.357569 0.35757 0.357571 0.357573 0.357574 0.357575 0.357575 0.357576 0.357577 0.357577 0.357578 0.357578 0.357578 0.357578 0.357578 0.357578 0.357578 0.357577 0.357577 0.357576 0.357575 0.357575 0.357574 0.357573 0.357572 0.35757 0.357569 0.357568 0.357567 0.357566 0.357564 0.357563 0.357562 0.357561 0.35756 
0.449591 0.44959 0.449589 0.449588 0.449586 0.449585 0.449584 0.449583 0.449582 0.449581 0.44958 0.449579 0.449578 0.449577 0.449576 0.449575 0.449575 0.449574 0.449574 0.449573 0.449573 0.449573 0.449573 0.449574 0.449574 0.449574 0.449575 0.449575 0.449576 0.449577 0.449578 0.449579 0.44958 0.449581 0.449582 0.449583 0.449585 0.449586 0.449587 0.449588 0.449589 0.44959 0.449591 0.449592 0.449593 0.449594 0.449595 0.449595 0.449596 0.449596 0.449597 0.449597 0.449597 0.449597 0.449597 0.449596 0.449596 0.449595 0.449595 0.449594 0.449593 0.449592 
0.534944 0.534945 0.534946 0.534947 0.534948 0.534949 0.534949 0.53495 0.53495 0.53495 0.53495 0.53495 0.534949 0.534949 0.534948 0.534947 0.534947 0.534946 0.534944 0.534943 0.534942 0.534941 0.534939 0.534938 0.534936 0.534935 0.534933 0.534932 0.534931 0.534929 0.534928 0.534927 0.534926 0.534925 0.534924 0.534923 0.534922 0.534922 0.534921 0.534921 0.534921 0.534921 0.534921 0.534922 0.534922 0.534923 0.534924 0.534925 0.534926 0.534927 0.534928 0.534929 0.534931 0.534932 0.534934 0.534935 0.534936 0.534938 0.534939 0.534941 0.534942 0.534943 
0.612916 0.612919 0.612922 0.612925 0.612929 0.612932 0.612936 0.61294 0.612943 0.612947 0.612951 0.612954 0.612957 0.612961 0.612963 0.612966 0.612969 0.612971 0.612973 0.612974 0.612975 0.612976 0.612976 0.612976 0.612976 0.612975 0.612974 0.612973 0.612971 0.612969 0.612966 0.612964 0.612961 0.612957 0.612954 0.612951 0.612947 0.612943 0.61294 0.612936 0.612932 0.612929 0.612925 0.612922 0.612919 0.612916 0.612913 0.612911 0.612908 0.612907 0.612905 0.612904 0.612903 0.612903 0.612903 0.612904 0.612904 0.612905 0.612907 0.612909 0.612911 0.612913 
0.683093 0.683093 0.683094 0.683096 0.683098 0.683101 0.683105 0.683109 0.683113 0.683119 0.683124 0.68313 0.683137 0.683143 0.68315 0.683157 0.683164 0.683171 0.683178 0.683185 0.683191 0.683197 0.683203 0.683208 0.683213 0.683218 0.683221 0.683225 0.683227 0.683229 0.68323 0.683231 0.683231 0.68323 0.683228 0.683226 0.683223 0.683219 0.683215 0.68321 0.683205 0.683199 0.683193 0.683187 0.68318 0.683173 0.683166 0.683159 0.683152 0.683146 0.683139 0.683132 0.683126 0.68312 0.683115 0.68311 0.683106 0.683102 0.683099 0.683096 0.683095 0.683093 
0.74527 0.745263 0.745258 0.745253 0.745249 0.745246 0.745244 0.745244 0.745244 0.745245 0.745247 0.74525 0.745254 0.745259 0.745265 0.745272 0.745279 0.745287 0.745296 0.745305 0.745314 0.745324 0.745334 0.745344 0.745354 0.745364 0.745374 0.745383 0.745392 0.745401 0.745408 0.745416 0.745422 0.745428 0.745433 0.745436 0.745439 0.745441 0.745442 0.745442 0.745441 0.745439 0.745436 0.745431 0.745426 0.745421 0.745414 0.745406 0.745398 0.74539 0.745381 0.745371 0.745361 0.745351 0.745341 0.745331 0.745321 0.745312 0.745302 0.745293 0.745285 0.745277 
0.799319 0.799307 0.799296 0.799285 0.799275 0.799266 0.799257 0.799249 0.799242 0.799236 0.799231 0.799227 0.799224 0.799223 0.799222 0.799223 0.799225 0.799228 0.799233 0.799238 0.799245 0.799252 0.79926 0.799269 0.799279 0.79929 0.7993 0.799312 0.799323 0.799335 0.799347 0.799359 0.79937 0.799381 0.799392 0.799402 0.799412 0.79942 0.799428 0.799435 0.799441 0.799446 0.79945 0.799453 0.799454 0.799455 0.799454 0.799452 0.799449 0.799444 0.799439 0.799432 0.799425 0.799417 0.799408 0.799398 0.799387 0.799376 0.799365 0.799354 0.799342 0.79933 
0.845122 0.845112 0.845101 0.84509 0.845079 0.845067 0.845056 0.845045 0.845035 0.845024 0.845015 0.845005 0.844997 0.844989 0.844983 0.844977 0.844972 0.844968 0.844966 0.844964 0.844964 0.844964 0.844966 0.844969 0.844973 0.844979 0.844985 0.844992 0.845 0.845008 0.845018 0.845027 0.845038 0.845049 0.84506 0.845071 0.845082 0.845093 0.845104 0.845115 0.845125 0.845135 0.845144 0.845152 0.84516 0.845167 0.845172 0.845177 0.845181 0.845184 0.845185 0.845185 0.845185 0.845183 0.84518 0.845176 0.84517 0.845164 0.845157 0.845149 0.845141 0.845132 
0.88259 0.882586 0.882581 0.882575 0.882569 0.882562 0.882555 0.882548 0.88254 0.882531 0.882523 0.882514 0.882506 0.882498 0.882489 0.882481 0.882474 0.882467 0.88246 0.882454 0.882448 0.882443 0.882439 0.882436 0.882433 0.882432 0.882431 0.882431 0.882432 0.882434 0.882436 0.88244 0.882444 0.882449 0.882454 0.88246 0.882467 0.882474 0.882482 0.88249 0.882498 0.882507 0.882515 0.882524 0.882532 0.88254 0.882548 0.882556 0.882563 0.88257 0.882576 0.882581 0.882586 0.88259 0.882593 0.882596 0.882597 0.882598 0.882598 0.882597 0.882596 0.882593 
0.91169 0.911693 0.911695 0.911697 0.911699 0.9117 0.9117 0.9117 0.911699 0.911697 0.911695 0.911692 0.911689 0.911686 0.911682 0.911677 0.911672 0.911667 0.911662 0.911656 0.91165 0.911645 0.911639 0.911633 0.911627 0.911622 0.911616 0.911611 0.911606 0.911602 0.911598 0.911594 0.911591 0.911589 0.911587 0.911585 0.911585 0.911584 0.911585 0.911586 0.911587 0.911589 0.911592 0.911595 0.911599 0.911603 0.911607 0.911612 0.911617 0.911623 0.911628 0.911634 0.91164 0.911646 0.911652 0.911657 0.911663 0.911668 0.911673 0.911678 0.911682 0.911686 
0.932439 0.932447 0.932455 0.932463 0.932471 0.932479 0.932486 0.932493 0.9325 0.932506 0.932512 0.932516 0.932521 0.932524 0.932527 0.932529 0.93253 0.93253 0.93253 0.932528 0.932526 0.932523 0.93252 0.932515 0.93251 0.932504 0.932498 0.932491 0.932484 0.932477 0.932469 0.932461 0.932453 0.932445 0.932437 0.932429 0.932421 0.932414 0.932407 0.9324 0.932394 0.932389 0.932384 0.93238 0.932376 0.932373 0.932371 0.93237 0.93237 0.932371 0.932372 0.932374 0.932377 0.932381 0.932385 0.93239 0.932396 0.932402 0.932409 0.932416 0.932424 0.932431 
0.944871 0.944882 0.944893 0.944905 0.944917 0.944929 0.944941 0.944953 0.944965 0.944977 0.944988 0.944999 0.945009 0.945019 0.945027 0.945035 0.945041 0.945047 0.945051 0.945054 0.945056 0.945057 0.945056 0.945055 0.945052 0.945047 0.945042 0.945036 0.945028 0.94502 0.94501 0.945 0.94499 0.944978 0.944967 0.944955 0.944942 0.94493 0.944918 0.944906 0.944894 0.944883 0.944872 0.944862 0.944852 0.944844 0.944836 0.94483 0.944824 0.94482 0.944817 0.944815 0.944815 0.944815 0.944817 0.94482 0.944824 0.94483 0.944836 0.944844 0.944852 0.944861 
0.949012 0.949024 0.949037 0.949051 0.949065 0.949079 0.949094 0.949109 0.949123 0.949137 0.949151 0.949165 0.949177 0.949189 0.9492 0.94921 0.949219 0.949226 0.949232 0.949237 0.94924 0.949242 0.949243 0.949242 0.949239 0.949235 0.94923 0.949223 0.949215 0.949205 0.949195 0.949184 0.949171 0.949158 0.949145 0.949131 0.949116 0.949101 0.949087 0.949072 0.949058 0.949044 0.949031 0.949018 0.949006 0.948995 0.948985 0.948977 0.948969 0.948963 0.948959 0.948955 0.948953 0.948953 0.948954 0.948957 0.948961 0.948967 0.948973 0.948981 0.948991 0.949001 
0.944874 0.944887 0.944901 0.944915 0.94493 0.944944 0.944959 0.944973 0.944987 0.945 0.945013 0.945025 0.945036 0.945046 0.945054 0.945062 0.945068 0.945073 0.945077 0.945079 0.94508 0.945079 0.945076 0.945073 0.945068 0.945061 0.945053 0.945044 0.945034 0.945023 0.945011 0.944998 0.944985 0.944971 0.944957 0.944942 0.944928 0.944913 0.944899 0.944885 0.944872 0.944859 0.944847 0.944836 0.944826 0.944818 0.94481 0.944804 0.944799 0.944795 0.944793 0.944793 0.944794 0.944796 0.9448 0.944805 0.944812 0.944819 0.944829 0.944839 0.94485 0.944862 
0.932454 0.932467 0.93248 0.932492 0.932504 0.932516 0.932527 0.932537 0.932546 0.932555 0.932562 0.932568 0.932573 0.932577 0.932579 0.93258 0.93258 0.932578 0.932576 0.932571 0.932566 0.932559 0.932552 0.932543 0.932533 0.932523 0.932511 0.932499 0.932487 0.932474 0.932461 0.932448 0.932435 0.932422 0.93241 0.932397 0.932386 0.932375 0.932364 0.932355 0.932347 0.93234 0.932334 0.932329 0.932325 0.932323 0.932322 0.932322 0.932324 0.932327 0.932331 0.932336 0.932343 0.932351 0.93236 0.932369 0.93238 0.932391 0.932403 0.932415 0.932428 0.932441 
0.91173 0.911739 0.911747 0.911754 0.91176 0.911765 0.911768 0.911771 0.911772 0.911771 0.91177 0.911767 0.911762 0.911757 0.91175 0.911743 0.911734 0.911724 0.911714 0.911702 0.91169 0.911678 0.911665 0.911652 0.911639 0.911626 0.911614 0.911601 0.911589 0.911578 0.911567 0.911557 0.911548 0.911539 0.911532 0.911526 0.911522 0.911518 0.911516 0.911515 0.911515 0.911517 0.91152 0.911524 0.91153 0.911537 0.911544 0.911553 0.911563 0.911574 0.911585 0.911597 0.911609 0.911622 0.911635 0.911648 0.911661 0.911673 0.911686 0.911698 0.911709 0.91172 
0.882663 0.882664 0.882663 0.882661 0.882657 0.882652 0.882645 0.882637 0.882628 0.882618 0.882606 0.882594 0.882581 0.882567 0.882553 0.882538 0.882523 0.882508 0.882493 0.882479 0.882464 0.882451 0.882437 0.882425 0.882414 0.882404 0.882394 0.882387 0.88238 0.882375 0.882371 0.882369 0.882368 0.882369 0.882371 0.882375 0.882381 0.882387 0.882395 0.882405 0.882415 0.882426 0.882439 0.882452 0.882466 0.88248 0.882495 0.88251 0.882525 0.882539 0.882554 0.882568 0.882582 0.882595 0.882607 0.882619 0.882629 0.882638 0.882646 0.882652 0.882657 0.882661 
0.845217 0.845208 0.845197 0.845185 0.845171 0.845157 0.845142 0.845126 0.84511 0.845093 0.845076 0.845059 0.845043 0.845027 0.845011 0.844996 0.844981 0.844968 0.844956 0.844945 0.844935 0.844927 0.84492 0.844915 0.844912 0.84491 0.84491 0.844912 0.844915 0.844921 0.844927 0.844935 0.844945 0.844956 0.844968 0.844982 0.844996 0.845011 0.845027 0.845043 0.84506 0.845077 0.845093 0.84511 0.845126 0.845142 0.845157 0.845171 0.845185 0.845197 0.845208 0.845217 0.845225 0.845232 0.845237 0.84524 0.845242 0.845242 0.84524 0.845237 0.845232 0.845225 
0.799401 0.799385 0.799369 0.799352 0.799336 0.799319 0.799302 0.799286 0.799271 0.799256 0.799242 0.799229 0.799217 0.799206 0.799197 0.799189 0.799183 0.799179 0.799176 0.799174 0.799175 0.799177 0.799181 0.799186 0.799194 0.799202 0.799212 0.799223 0.799236 0.799249 0.799264 0.799279 0.799295 0.799312 0.799328 0.799345 0.799362 0.799378 0.799394 0.79941 0.799425 0.799439 0.799452 0.799464 0.799474 0.799483 0.799491 0.799497 0.799502 0.799505 0.799506 0.799505 0.799503 0.799499 0.799494 0.799486 0.799478 0.799468 0.799456 0.799444 0.79943 0.799416 
0.745303 0.745289 0.745276 0.745264 0.745252 0.745242 0.745232 0.745224 0.745216 0.74521 0.745206 0.745203 0.745201 0.745201 0.745202 0.745205 0.745209 0.745215 0.745222 0.74523 0.745239 0.74525 0.745261 0.745273 0.745286 0.7453 0.745314 0.745328 0.745343 0.745357 0.745372 0.745386 0.745399 0.745412 0.745425 0.745436 0.745447 0.745457 0.745465 0.745472 0.745478 0.745483 0.745486 0.745487 0.745488 0.745486 0.745483 0.745479 0.745474 0.745467 0.745458 0.745449 0.745439 0.745427 0.745415 0.745402 0.745388 0.745374 0.74536 0.745345 0.745331 0.745317 
0.683072 0.683067 0.683063 0.68306 0.683058 0.683057 0.683057 0.683059 0.683061 0.683064 0.683069 0.683074 0.68308 0.683087 0.683095 0.683104 0.683113 0.683123 0.683133 0.683143 0.683154 0.683165 0.683175 0.683186 0.683196 0.683206 0.683216 0.683225 0.683233 0.683241 0.683248 0.683254 0.683259 0.683263 0.683266 0.683268 0.683269 0.683269 0.683268 0.683265 0.683262 0.683257 0.683252 0.683246 0.683239 0.683231 0.683222 0.683213 0.683203 0.683193 0.683182 0.683172 0.683161 0.68315 0.68314 0.683129 0.683119 0.68311 0.683101 0.683093 0.683085 0.683078 
0.612879 0.612881 0.612884 0.612888 0.612892 0.612896 0.612901 0.612907 0.612912 0.612918 0.612925 0.612931 0.612938 0.612944 0.612951 0.612957 0.612963 0.612969 0.612975 0.612981 0.612986 0.61299 0.612994 0.612998 0.613001 0.613003 0.613004 0.613005 0.613006 0.613005 0.613004 0.613003 0.613 0.612997 0.612994 0.61299 0.612985 0.61298 0.612975 0.612969 0.612963 0.612957 0.61295 0.612944 0.612937 0.61293 0.612924 0.612918 0.612912 0.612906 0.6129 0.612895 0.612891 0.612887 0.612884 0.612881 0.612879 0.612877 0.612876 0.612876 0.612876 0.612877 
0.534931 0.534934 0.534938 0.534941 0.534944 0.534947 0.53495 0.534953 0.534956 0.534958 0.534961 0.534963 0.534965 0.534966 0.534967 0.534968 0.534969 0.534969 0.534969 0.534968 0.534968 0.534967 0.534965 0.534963 0.534961 0.534959 0.534957 0.534954 0.534951 0.534948 0.534945 0.534942 0.534939 0.534935 0.534932 0.534929 0.534926 0.534923 0.53492 0.534917 0.534914 0.534912 0.53491 0.534908 0.534907 0.534905 0.534905 0.534904 0.534904 0.534904 0.534904 0.534905 0.534906 0.534908 0.53491 0.534912 0.534914 0.534916 0.534919 0.534922 0.534925 0.534928 
0.449603 0.449603 0.449603 0.449603 0.449603 0.449602 0.449602 0.449601 0.4496 0.449599 0.449597 0.449596 0.449595 0.449593 0.449591 0.44959 0.449588 0.449586 0.449584 0.449583 0.449581 0.449579 0.449577 0.449576 0.449574 0.449573 0.449572 0.449571 0.44957 0.449569 0.449568 0.449568 0.449568 0.449568 0.449568 0.449568 0.449569 0.449569 0.44957 0.449571 0.449572 0.449574 0.449575 0.449577 0.449578 0.44958 0.449582 0.449583 0.449585 0.449587 0.449589 0.449591 0.449592 0.449594 0.449596 0.449597 0.449598 0.4496 0.449601 0.449602 0.449602 0.449603 
0.357571 0.35757 0.357568 0.357566 0.357565 0.357563 0.357562 0.35756 0.357559 0.357557 0.357556 0.357555 0.357554 0.357553 0.357553 0.357552 0.357551 0.357551 0.357551 0.357551 0.357551 0.357552 0.357552 0.357553 0.357553 0.357554 0.357555 0.357557 0.357558 0.357559 0.357561 0.357562 0.357564 0.357565 0.357567 0.357568 0.35757 0.357571 0.357573 0.357574 0.357576 0.357577 0.357578 0.357579 0.35758 0.357581 0.357581 0.357582 0.357582 0.357582 0.357582 0.357582 0.357582 0.357581 0.357581 0.35758 0.357579 0.357578 0.357577 0.357575 0.357574 0.357573 
0.25985 0.259849 0.259848 0.259848 0.259847 0.259847 0.259846 0.259846 0.259846 0.259846 0.259847 0.259847 0.259848 0.259848 0.259849 0.25985 0.259851 0.259852 0.259853 0.259854 0.259855 0.259856 0.259857 0.259859 0.25986 0.259861 0.259863 0.259864 0.259865 0.259866 0.259867 0.259868 0.259869 0.25987 0.25987 0.259871 0.259871 0.259871 0.259872 0.259872 0.259872 0.259871 0.259871 0.25987 0.25987 0.259869 0.259868 0.259867 0.259866 0.259865 0.259864 0.259863 0.259862 0.25986 0.259859 0.259858 0.259857 0.259855 0.259854 0.259853 0.259852 0.259851 
0.157761 0.157762 0.157762 0.157762 0.157762 0.157763 0.157763 0.157764 0.157764 0.157765 0.157766 0.157766 0.157767 0.157768 0.157769 0.15777 0.15777 0.157771 0.157772 0.157773 0.157773 0.157774 0.157775 0.157775 0.157776 0.157776 0.157777 0.157777 0.157777 0.157777 0.157777 0.157777 0.157777 0.157777 0.157777 0.157777 0.157776 0.157776 0.157775 0.157775 0.157774 0.157773 0.157773 0.157772 0.157771 0.15777 0.157769 0.157769 0.157768 0.157767 0.157766 0.157766 0.157765 0.157764 0.157764 0.157763 0.157763 0.157762 0.157762 0.157762 0.157762 0.157761 
0.0529045 0.0529046 0.0529048 0.0529049 0.0529051 0.0529053 0.0529055 0.0529057 0.0529059 0.0529061 0.0529063 0.0529065 0.0529068 0.052907 0.0529072 0.0529074 0.0529076 0.0529078 0.052908 0.0529082 0.0529083 0.0529085 0.0529086 0.0529087 0.0529088 0.0529088 0.0529089 0.0529089 0.0529089 0.0529088 0.0529088 0.0529087 0.0529086 0.0529085 0.0529083 0.0529082 0.052908 0.0529078 0.0529076 0.0529074 0.0529072 0.052907 0.0529067 0.0529065 0.0529063 0.0529061 0.0529058 0.0529056 0.0529054 0.0529052 0.0529051 0.0529049 0.0529048 0.0529047 0.0529046 0.0529045 0.0529044 0.0529044 0.0529044 0.0529044 0.0529044 0.0529045 
