0.0525704 0.0525704 0.0525704 0.0525705 0.0525705 0.0525705 0.0525705 0.0525705 0.0525705 0.0525704 0.0525704 0.0525703 0.0525703 0.0525702 0.0525701 0.0525701 0.05257 0.0525699 0.0525698 0.0525698 0.0525697 0.0525696 0.0525695 0.0525694 0.0525694 0.0525693 0.0525692 0.0525692 0.0525691 0.0525691 0.052569 0.052569 0.0525689 0.0525689 0.0525689 0.0525689 0.0525689 0.0525689 0.0525689 0.0525689 0.052569 0.052569 0.0525691 0.0525691 0.0525692 0.0525692 0.0525693 0.0525694 0.0525695 0.0525695 0.0525696 0.0525697 0.0525698 0.0525699 0.0525699 0.05257 0.0525701 0.0525702 0.0525702 0.0525703 0.0525703 0.0525703 
0.156784 0.156784 0.156784 0.156784 0.156784 0.156785 0.156785 0.156785 0.156785 0.156785 0.156785 0.156785 0.156786 0.156786 0.156786 0.156786 0.156786 0.156786 0.156786 0.156787 0.156787 0.156787 0.156787 0.156787 0.156787 0.156787 0.156787 0.156787 0.156787 0.156787 0.156787 0.156787 0.156787 0.156787 0.156787 0.156787 0.156786 0.156786 0.156786 0.156786 0.156786 0.156786 0.156786 0.156785 0.156785 0.156785 0.156785 0.156785 0.156785 0.156785 0.156784 0.156784 0.156784 0.156784 0.156784 0.156784 0.156784 0.156784 0.156784 0.156784 0.156784 0.156784 
0.258298 0.258298 0.258298 0.258298 0.258297 0.258297 0.258297 0.258297 0.258297 0.258297 0.258297 0.258297 0.258298 0.258298 0.258298 0.258298 0.258299 0.258299 0.2583 0.2583 0.2583 0.258301 0.258301 0.258302 0.258302 0.258303 0.258303 0.258304 0.258304 0.258305 0.258305 0.258305 0.258306 0.258306 0.258306 0.258306 0.258307 0.258307 0.258307 0.258307 0.258307 0.258307 0.258307 0.258306 0.258306 0.258306 0.258305 0.258305 0.258305 0.258304 0.258304 0.258303 0.258303 0.258302 0.258302 0.258301 0.258301 0.2583 0.2583 0.2583 0.258299 0.258299 
0.355542 0.355541 0.35554 0.35554 0.355539 0.355538 0.355537 0.355537 0.355536 0.355535 0.355535 0.355534 0.355534 0.355534 0.355534 0.355533 0.355533 0.355533 0.355533 0.355534 0.355534 0.355534 0.355534 0.355535 0.355535 0.355536 0.355537 0.355537 0.355538 0.355539 0.35554 0.35554 0.355541 0.355542 0.355543 0.355544 0.355544 0.355545 0.355546 0.355546 0.355547 0.355548 0.355548 0.355548 0.355549 0.355549 0.355549 0.355549 0.355549 0.355549 0.355549 0.355549 0.355548 0.355548 0.355548 0.355547 0.355546 0.355546 0.355545 0.355544 0.355544 0.355543 
0.447213 0.447212 0.447212 0.447212 0.447211 0.44721 0.44721 0.447209 0.447209 0.447208 0.447207 0.447207 0.447206 0.447205 0.447204 0.447204 0.447203 0.447203 0.447202 0.447201 0.447201 0.447201 0.4472 0.4472 0.4472 0.447199 0.447199 0.447199 0.447199 0.447199 0.4472 0.4472 0.4472 0.447201 0.447201 0.447201 0.447202 0.447203 0.447203 0.447204 0.447205 0.447205 0.447206 0.447207 0.447207 0.447208 0.447209 0.447209 0.44721 0.447211 0.447211 0.447212 0.447212 0.447212 0.447213 0.447213 0.447213 0.447213 0.447213 0.447213 0.447213 0.447213 
0.532306 0.532306 0.532307 0.532308 0.532308 0.532309 0.53231 0.53231 0.532311 0.532312 0.532312 0.532313 0.532314 0.532314 0.532315 0.532315 0.532315 0.532316 0.532316 0.532316 0.532316 0.532316 0.532316 0.532316 0.532316 0.532316 0.532316 0.532315 0.532315 0.532314 0.532314 0.532313 0.532313 0.532312 0.532311 0.53231 0.53231 0.532309 0.532308 0.532308 0.532307 0.532306 0.532306 0.532305 0.532305 0.532304 0.532304 0.532303 0.532303 0.532303 0.532303 0.532302 0.532302 0.532302 0.532303 0.532303 0.532303 0.532303 0.532304 0.532304 0.532305 0.532305 
0.610127 0.610126 0.610126 0.610126 0.610126 0.610126 0.610127 0.610128 0.610129 0.61013 0.610132 0.610134 0.610136 0.610138 0.610141 0.610143 0.610146 0.610148 0.610151 0.610154 0.610157 0.610159 0.610162 0.610165 0.610167 0.610169 0.610171 0.610173 0.610175 0.610176 0.610177 0.610178 0.610179 0.61018 0.61018 0.61018 0.610179 0.610178 0.610177 0.610176 0.610175 0.610173 0.610171 0.610169 0.610167 0.610164 0.610162 0.610159 0.610157 0.610154 0.610151 0.610149 0.610146 0.610143 0.610141 0.610138 0.610136 0.610134 0.610132 0.610131 0.610129 0.610128 
0.680253 0.680248 0.680244 0.680239 0.680236 0.680232 0.680229 0.680227 0.680225 0.680223 0.680223 0.680222 0.680223 0.680223 0.680225 0.680227 0.680229 0.680232 0.680236 0.68024 0.680244 0.680249 0.680253 0.680259 0.680264 0.68027 0.680275 0.680281 0.680286 0.680292 0.680297 0.680302 0.680307 0.680312 0.680316 0.68032 0.680323 0.680326 0.680329 0.680331 0.680332 0.680333 0.680333 0.680333 0.680332 0.680331 0.680329 0.680326 0.680323 0.68032 0.680316 0.680311 0.680307 0.680302 0.680297 0.680291 0.680286 0.68028 0.680275 0.680269 0.680264 0.680258 
0.742424 0.742415 0.742407 0.742399 0.74239 0.742382 0.742374 0.742366 0.742359 0.742352 0.742346 0.74234 0.742335 0.74233 0.742327 0.742324 0.742322 0.742321 0.742321 0.742321 0.742323 0.742325 0.742328 0.742332 0.742336 0.742342 0.742348 0.742354 0.742361 0.742369 0.742376 0.742384 0.742393 0.742401 0.74241 0.742418 0.742426 0.742434 0.742442 0.742449 0.742456 0.742462 0.742468 0.742473 0.742478 0.742481 0.742484 0.742486 0.742487 0.742487 0.742487 0.742485 0.742483 0.74248 0.742476 0.742471 0.742466 0.74246 0.742454 0.742447 0.742439 0.742432 
0.796447 0.796441 0.796433 0.796425 0.796416 0.796407 0.796397 0.796387 0.796377 0.796367 0.796357 0.796347 0.796337 0.796327 0.796319 0.79631 0.796302 0.796295 0.796289 0.796284 0.796279 0.796275 0.796273 0.796271 0.796271 0.796271 0.796273 0.796275 0.796279 0.796283 0.796288 0.796295 0.796301 0.796309 0.796317 0.796326 0.796336 0.796345 0.796355 0.796365 0.796375 0.796386 0.796396 0.796405 0.796415 0.796423 0.796432 0.79644 0.796447 0.796453 0.796458 0.796463 0.796466 0.796469 0.796471 0.796471 0.796471 0.796469 0.796467 0.796463 0.796459 0.796453 
0.842189 0.842188 0.842185 0.842182 0.842177 0.842172 0.842166 0.842159 0.842152 0.842144 0.842135 0.842126 0.842117 0.842107 0.842097 0.842087 0.842077 0.842068 0.842058 0.842049 0.842041 0.842033 0.842025 0.842019 0.842013 0.842007 0.842003 0.842 0.841997 0.841996 0.841995 0.841996 0.841998 0.842 0.842004 0.842008 0.842013 0.842019 0.842026 0.842034 0.842042 0.842051 0.84206 0.842069 0.842079 0.842088 0.842098 0.842108 0.842118 0.842127 0.842136 0.842145 0.842153 0.84216 0.842167 0.842173 0.842178 0.842182 0.842186 0.842188 0.842189 0.84219 
0.879588 0.879592 0.879595 0.879597 0.879598 0.879599 0.879599 0.879598 0.879597 0.879594 0.879591 0.879588 0.879583 0.879578 0.879573 0.879567 0.879561 0.879554 0.879547 0.87954 0.879533 0.879525 0.879518 0.87951 0.879503 0.879496 0.87949 0.879483 0.879478 0.879472 0.879468 0.879463 0.87946 0.879457 0.879455 0.879454 0.879453 0.879453 0.879454 0.879455 0.879458 0.879461 0.879464 0.879469 0.879474 0.879479 0.879485 0.879491 0.879498 0.879505 0.879512 0.87952 0.879527 0.879535 0.879542 0.879549 0.879556 0.879562 0.879569 0.879574 0.87958 0.879584 
0.908648 0.908653 0.908658 0.908662 0.908667 0.908671 0.908676 0.90868 0.908683 0.908687 0.90869 0.908692 0.908695 0.908696 0.908698 0.908698 0.908699 0.908698 0.908698 0.908696 0.908695 0.908693 0.90869 0.908687 0.908684 0.90868 0.908676 0.908672 0.908667 0.908663 0.908658 0.908653 0.908648 0.908643 0.908639 0.908634 0.90863 0.908625 0.908621 0.908618 0.908614 0.908611 0.908609 0.908607 0.908605 0.908604 0.908603 0.908603 0.908603 0.908604 0.908605 0.908607 0.908609 0.908611 0.908614 0.908618 0.908621 0.908625 0.90863 0.908634 0.908639 0.908643 
0.929392 0.929394 0.929398 0.929402 0.929406 0.929411 0.929417 0.929423 0.929429 0.929435 0.929442 0.929449 0.929456 0.929463 0.92947 0.929477 0.929484 0.92949 0.929496 0.929502 0.929507 0.929512 0.929516 0.929519 0.929522 0.929525 0.929526 0.929527 0.929527 0.929526 0.929525 0.929523 0.92952 0.929517 0.929513 0.929509 0.929504 0.929498 0.929492 0.929486 0.929479 0.929472 0.929466 0.929458 0.929451 0.929444 0.929438 0.929431 0.929425 0.929418 0.929413 0.929408 0.929403 0.929399 0.929395 0.929392 0.92939 0.929389 0.929388 0.929388 0.929388 0.92939 
0.941833 0.941833 0.941834 0.941836 0.941839 0.941843 0.941848 0.941854 0.941861 0.941869 0.941878 0.941887 0.941897 0.941907 0.941918 0.941929 0.94194 0.941951 0.941962 0.941973 0.941983 0.941993 0.942003 0.942012 0.94202 0.942027 0.942034 0.94204 0.942044 0.942048 0.94205 0.942052 0.942052 0.942051 0.942049 0.942046 0.942042 0.942037 0.942031 0.942024 0.942016 0.942007 0.941998 0.941988 0.941978 0.941967 0.941956 0.941945 0.941934 0.941923 0.941912 0.941902 0.941892 0.941882 0.941873 0.941865 0.941858 0.941851 0.941845 0.941841 0.941837 0.941835 
0.945973 0.945972 0.945972 0.945974 0.945977 0.945981 0.945986 0.945993 0.946001 0.94601 0.946019 0.94603 0.946042 0.946054 0.946066 0.946079 0.946093 0.946106 0.94612 0.946133 0.946146 0.946158 0.94617 0.946182 0.946192 0.946202 0.94621 0.946218 0.946224 0.946229 0.946233 0.946236 0.946237 0.946237 0.946235 0.946232 0.946228 0.946223 0.946216 0.946208 0.946199 0.94619 0.946179 0.946167 0.946155 0.946142 0.946129 0.946116 0.946103 0.946089 0.946076 0.946063 0.94605 0.946038 0.946027 0.946017 0.946007 0.945998 0.945991 0.945985 0.94598 0.945976 
0.941812 0.941813 0.941816 0.94182 0.941825 0.941831 0.941839 0.941848 0.941857 0.941868 0.941879 0.941891 0.941904 0.941917 0.94193 0.941943 0.941956 0.94197 0.941983 0.941995 0.942007 0.942018 0.942029 0.942039 0.942047 0.942055 0.942061 0.942067 0.942071 0.942073 0.942075 0.942075 0.942073 0.94207 0.942066 0.942061 0.942055 0.942047 0.942038 0.942029 0.942018 0.942007 0.941995 0.941982 0.941969 0.941956 0.941943 0.941929 0.941916 0.941903 0.941891 0.941879 0.941867 0.941857 0.941847 0.941838 0.941831 0.941824 0.941819 0.941815 0.941813 0.941811 
0.929356 0.929362 0.92937 0.929378 0.929387 0.929398 0.929408 0.929419 0.929431 0.929443 0.929455 0.929467 0.929479 0.92949 0.929502 0.929513 0.929523 0.929533 0.929542 0.92955 0.929557 0.929563 0.929568 0.929572 0.929575 0.929577 0.929577 0.929576 0.929574 0.929571 0.929566 0.929561 0.929554 0.929547 0.929538 0.929529 0.929519 0.929508 0.929497 0.929485 0.929474 0.929462 0.92945 0.929438 0.929426 0.929414 0.929403 0.929393 0.929383 0.929374 0.929366 0.929359 0.929353 0.929348 0.929344 0.929341 0.92934 0.929339 0.92934 0.929342 0.929346 0.92935 
0.908615 0.908626 0.908638 0.908649 0.908661 0.908673 0.908685 0.908696 0.908707 0.908717 0.908727 0.908735 0.908743 0.90875 0.908756 0.908761 0.908765 0.908768 0.908769 0.908769 0.908768 0.908766 0.908763 0.908758 0.908753 0.908746 0.908738 0.90873 0.908721 0.908711 0.9087 0.908689 0.908677 0.908666 0.908654 0.908642 0.90863 0.908618 0.908607 0.908596 0.908586 0.908577 0.908568 0.90856 0.908553 0.908547 0.908542 0.908538 0.908536 0.908535 0.908534 0.908535 0.908538 0.908541 0.908546 0.908551 0.908558 0.908565 0.908574 0.908583 0.908593 0.908604 
0.879581 0.879593 0.879604 0.879615 0.879625 0.879634 0.879641 0.879648 0.879653 0.879657 0.87966 0.879661 0.879661 0.87966 0.879657 0.879653 0.879647 0.879641 0.879633 0.879624 0.879614 0.879603 0.879592 0.87958 0.879567 0.879554 0.87954 0.879527 0.879513 0.8795 0.879486 0.879474 0.879462 0.87945 0.879439 0.87943 0.879421 0.879413 0.879407 0.879401 0.879397 0.879395 0.879393 0.879394 0.879395 0.879398 0.879402 0.879407 0.879414 0.879422 0.879431 0.879441 0.879452 0.879463 0.879476 0.879488 0.879502 0.879515 0.879529 0.879542 0.879555 0.879568 
0.842224 0.842231 0.842236 0.84224 0.842242 0.842243 0.842242 0.84224 0.842236 0.842231 0.842224 0.842216 0.842207 0.842197 0.842185 0.842173 0.84216 0.842146 0.842131 0.842117 0.842102 0.842087 0.842072 0.842057 0.842042 0.842029 0.842015 0.842003 0.841992 0.841981 0.841972 0.841964 0.841957 0.841952 0.841948 0.841946 0.841945 0.841946 0.841949 0.841952 0.841958 0.841964 0.841972 0.841982 0.841992 0.842003 0.842016 0.842029 0.842043 0.842057 0.842072 0.842087 0.842102 0.842117 0.842132 0.842146 0.84216 0.842173 0.842186 0.842197 0.842207 0.842216 
0.796517 0.796514 0.79651 0.796505 0.796498 0.79649 0.796481 0.79647 0.796459 0.796447 0.796434 0.79642 0.796406 0.796391 0.796376 0.796362 0.796347 0.796333 0.796319 0.796305 0.796292 0.79628 0.79627 0.79626 0.796251 0.796243 0.796237 0.796232 0.796229 0.796227 0.796227 0.796228 0.796231 0.796235 0.79624 0.796247 0.796255 0.796264 0.796275 0.796286 0.796299 0.796312 0.796325 0.79634 0.796354 0.796369 0.796384 0.796398 0.796413 0.796427 0.79644 0.796453 0.796465 0.796476 0.796485 0.796494 0.796502 0.796508 0.796512 0.796516 0.796518 0.796518 
0.742492 0.742483 0.742473 0.742462 0.742451 0.742439 0.742427 0.742415 0.742402 0.74239 0.742378 0.742366 0.742354 0.742343 0.742333 0.742323 0.742314 0.742306 0.7423 0.742294 0.742289 0.742286 0.742284 0.742283 0.742283 0.742285 0.742287 0.742291 0.742297 0.742303 0.74231 0.742319 0.742328 0.742338 0.742349 0.74236 0.742372 0.742384 0.742396 0.742409 0.742421 0.742433 0.742445 0.742457 0.742468 0.742478 0.742488 0.742497 0.742505 0.742511 0.742517 0.742522 0.742525 0.742527 0.742528 0.742528 0.742526 0.742523 0.742519 0.742514 0.742508 0.7425 
0.680285 0.680276 0.680267 0.680259 0.68025 0.680242 0.680234 0.680227 0.68022 0.680214 0.680208 0.680203 0.680199 0.680196 0.680194 0.680192 0.680192 0.680192 0.680193 0.680195 0.680198 0.680202 0.680207 0.680212 0.680218 0.680225 0.680232 0.680239 0.680247 0.680256 0.680264 0.680273 0.680282 0.680291 0.6803 0.680308 0.680316 0.680324 0.680331 0.680338 0.680344 0.68035 0.680355 0.680359 0.680362 0.680364 0.680366 0.680366 0.680366 0.680365 0.680363 0.68036 0.680356 0.680351 0.680346 0.68034 0.680333 0.680326 0.680318 0.68031 0.680302 0.680293 
0.61012 0.610116 0.610113 0.61011 0.610108 0.610106 0.610105 0.610104 0.610104 0.610104 0.610105 0.610106 0.610108 0.61011 0.610113 0.610116 0.610119 0.610123 0.610127 0.610131 0.610136 0.610141 0.610146 0.610151 0.610156 0.610161 0.610166 0.610171 0.610175 0.61018 0.610184 0.610188 0.610191 0.610194 0.610197 0.610199 0.610201 0.610202 0.610203 0.610204 0.610203 0.610203 0.610201 0.6102 0.610197 0.610195 0.610192 0.610188 0.610184 0.61018 0.610176 0.610171 0.610166 0.610161 0.610156 0.610151 0.610146 0.610141 0.610137 0.610132 0.610128 0.610123 
0.53229 0.532291 0.532292 0.532293 0.532294 0.532295 0.532297 0.532298 0.5323 0.532302 0.532304 0.532306 0.532308 0.53231 0.532312 0.532314 0.532316 0.532318 0.53232 0.532322 0.532324 0.532325 0.532326 0.532328 0.532329 0.53233 0.53233 0.532331 0.532331 0.532331 0.532331 0.53233 0.53233 0.532329 0.532328 0.532327 0.532325 0.532324 0.532322 0.53232 0.532318 0.532316 0.532314 0.532312 0.53231 0.532308 0.532306 0.532304 0.532302 0.5323 0.532298 0.532297 0.532295 0.532294 0.532293 0.532292 0.532291 0.53229 0.53229 0.53229 0.53229 0.53229 
0.447212 0.447213 0.447214 0.447214 0.447215 0.447215 0.447216 0.447216 0.447216 0.447216 0.447216 0.447216 0.447216 0.447216 0.447215 0.447215 0.447214 0.447214 0.447213 0.447212 0.447212 0.447211 0.44721 0.447209 0.447208 0.447207 0.447206 0.447205 0.447204 0.447203 0.447203 0.447202 0.447201 0.4472 0.4472 0.447199 0.447199 0.447198 0.447198 0.447198 0.447197 0.447197 0.447198 0.447198 0.447198 0.447198 0.447199 0.447199 0.4472 0.447201 0.447201 0.447202 0.447203 0.447204 0.447205 0.447206 0.447207 0.447208 0.447209 0.44721 0.447211 0.447211 
0.355551 0.35555 0.355549 0.355549 0.355548 0.355547 0.355546 0.355545 0.355544 0.355543 0.355541 0.35554 0.355539 0.355538 0.355537 0.355536 0.355535 0.355535 0.355534 0.355533 0.355533 0.355532 0.355532 0.355531 0.355531 0.355531 0.355531 0.355531 0.355531 0.355532 0.355532 0.355533 0.355533 0.355534 0.355535 0.355536 0.355537 0.355538 0.355539 0.35554 0.355541 0.355542 0.355543 0.355544 0.355545 0.355546 0.355547 0.355548 0.355549 0.35555 0.35555 0.355551 0.355551 0.355552 0.355552 0.355552 0.355552 0.355552 0.355552 0.355552 0.355552 0.355551 
0.258302 0.258301 0.2583 0.258299 0.258299 0.258298 0.258297 0.258296 0.258296 0.258295 0.258295 0.258294 0.258294 0.258294 0.258294 0.258293 0.258293 0.258294 0.258294 0.258294 0.258294 0.258295 0.258295 0.258296 0.258297 0.258297 0.258298 0.258299 0.2583 0.258301 0.258301 0.258302 0.258303 0.258304 0.258305 0.258306 0.258307 0.258307 0.258308 0.258309 0.258309 0.25831 0.25831 0.258311 0.258311 0.258311 0.258311 0.258311 0.258311 0.258311 0.25831 0.25831 0.25831 0.258309 0.258309 0.258308 0.258307 0.258306 0.258306 0.258305 0.258304 0.258303 
0.156782 0.156782 0.156781 0.156781 0.156781 0.156781 0.156781 0.156781 0.156781 0.156781 0.156781 0.156781 0.156781 0.156781 0.156782 0.156782 0.156782 0.156783 0.156783 0.156784 0.156784 0.156785 0.156785 0.156786 0.156786 0.156787 0.156787 0.156788 0.156788 0.156789 0.156789 0.156789 0.15679 0.15679 0.15679 0.15679 0.156791 0.156791 0.156791 0.156791 0.156791 0.156791 0.15679 0.15679 0.15679 0.15679 0.156789 0.156789 0.156788 0.156788 0.156788 0.156787 0.156787 0.156786 0.156786 0.156785 0.156785 0.156784 0.156784 0.156783 0.156783 0.156782 
0.0525687 0.0525687 0.0525686 0.0525686 0.0525687 0.0525687 0.0525687 0.0525687 0.0525688 0.0525689 0.0525689 0.052569 0.0525691 0.0525691 0.0525692 0.0525693 0.0525694 0.0525695 0.0525696 0.0525697 0.0525698 0.05257 0.0525701 0.0525702 0.0525703 0.0525703 0.0525704 0.0525705 0.0525706 0.0525706 0.0525707 0.0525707 0.0525708 0.0525708 0.0525708 0.0525708 0.0525708 0.0525708 0.0525707 0.0525707 0.0525707 0.0525706 0.0525705 0.0525704 0.0525704 0.0525703 0.0525702 0.0525701 0.05257 0.0525699 0.0525697 0.0525696 0.0525695 0.0525694 0.0525693 0.0525692 0.0525691 0.0525691 0.052569 0.0525689 0.0525688 0.0525687 
