0.0517137 0.0517138 0.0517139 0.051714 0.0517141 0.0517142 0.0517144 0.0517145 0.0517146 0.0517148 0.0517149 0.0517151 0.0517152 0.0517153 0.0517154 0.0517155 0.0517156 0.0517157 0.0517158 0.0517159 0.0517159 0.051716 0.051716 0.051716 0.051716 0.051716 0.051716 0.0517159 0.0517159 0.0517158 0.0517157 0.0517156 0.0517155 0.0517154 0.0517153 0.0517152 0.051715 0.0517149 0.0517148 0.0517146 0.0517145 0.0517143 0.0517142 0.0517141 0.0517139 0.0517138 0.0517137 0.0517136 0.0517135 0.0517134 0.0517134 0.0517133 0.0517133 0.0517133 0.0517132 0.0517132 0.0517133 0.0517133 0.0517133 0.0517134 0.0517135 0.0517136 
0.154281 0.154281 0.154281 0.154281 0.154281 0.154281 0.154282 0.154282 0.154282 0.154282 0.154282 0.154282 0.154283 0.154283 0.154283 0.154283 0.154283 0.154283 0.154283 0.154284 0.154284 0.154284 0.154284 0.154284 0.154284 0.154284 0.154284 0.154284 0.154284 0.154284 0.154283 0.154283 0.154283 0.154283 0.154283 0.154283 0.154283 0.154283 0.154282 0.154282 0.154282 0.154282 0.154282 0.154281 0.154281 0.154281 0.154281 0.154281 0.154281 0.154281 0.154281 0.15428 0.15428 0.15428 0.15428 0.15428 0.15428 0.15428 0.15428 0.15428 0.154281 0.154281 
0.254322 0.254322 0.254322 0.254322 0.254322 0.254322 0.254322 0.254322 0.254322 0.254322 0.254322 0.254322 0.254322 0.254322 0.254322 0.254322 0.254322 0.254323 0.254323 0.254323 0.254323 0.254323 0.254323 0.254323 0.254323 0.254323 0.254323 0.254323 0.254323 0.254323 0.254323 0.254322 0.254322 0.254322 0.254322 0.254322 0.254322 0.254322 0.254322 0.254322 0.254322 0.254322 0.254322 0.254322 0.254322 0.254322 0.254321 0.254321 0.254321 0.254321 0.254321 0.254321 0.254321 0.254321 0.254321 0.254321 0.254321 0.254321 0.254321 0.254321 0.254321 0.254322 
0.350332 0.350332 0.350332 0.350332 0.350332 0.350333 0.350333 0.350333 0.350333 0.350333 0.350333 0.350333 0.350333 0.350332 0.350332 0.350332 0.350332 0.350332 0.350332 0.350332 0.350332 0.350332 0.350332 0.350332 0.350331 0.350331 0.350331 0.350331 0.350331 0.350331 0.350331 0.350331 0.350331 0.35033 0.35033 0.35033 0.35033 0.35033 0.35033 0.35033 0.35033 0.35033 0.35033 0.35033 0.35033 0.35033 0.35033 0.35033 0.35033 0.35033 0.350331 0.350331 0.350331 0.350331 0.350331 0.350331 0.350331 0.350331 0.350332 0.350332 0.350332 0.350332 
0.441044 0.441044 0.441044 0.441044 0.441044 0.441044 0.441044 0.441044 0.441044 0.441044 0.441044 0.441044 0.441044 0.441044 0.441044 0.441044 0.441044 0.441043 0.441043 0.441043 0.441043 0.441043 0.441043 0.441042 0.441042 0.441042 0.441042 0.441042 0.441042 0.441042 0.441041 0.441041 0.441041 0.441041 0.441041 0.441041 0.441041 0.441041 0.441041 0.441041 0.441041 0.441041 0.441041 0.441041 0.441041 0.441041 0.441041 0.441041 0.441041 0.441042 0.441042 0.441042 0.441042 0.441042 0.441042 0.441043 0.441043 0.441043 0.441043 0.441043 0.441043 0.441043 
0.525461 0.525461 0.525461 0.525461 0.525461 0.52546 0.52546 0.52546 0.525459 0.525459 0.525459 0.525458 0.525458 0.525457 0.525456 0.525456 0.525455 0.525455 0.525454 0.525454 0.525453 0.525453 0.525452 0.525452 0.525452 0.525451 0.525451 0.525451 0.525451 0.525451 0.52545 0.52545 0.525451 0.525451 0.525451 0.525451 0.525451 0.525452 0.525452 0.525452 0.525453 0.525453 0.525454 0.525454 0.525455 0.525455 0.525456 0.525456 0.525457 0.525457 0.525458 0.525458 0.525459 0.525459 0.52546 0.52546 0.52546 0.525461 0.525461 0.525461 0.525461 0.525461 
0.60285 0.60285 0.60285 0.602851 0.602851 0.60285 0.60285 0.60285 0.602849 0.602848 0.602847 0.602846 0.602845 0.602843 0.602842 0.60284 0.602839 0.602837 0.602835 0.602833 0.602832 0.60283 0.602828 0.602826 0.602825 0.602823 0.602822 0.602821 0.60282 0.602819 0.602818 0.602817 0.602817 0.602816 0.602816 0.602816 0.602816 0.602817 0.602817 0.602818 0.602819 0.60282 0.602821 0.602822 0.602824 0.602825 0.602827 0.602828 0.60283 0.602832 0.602833 0.602835 0.602837 0.602839 0.60284 0.602842 0.602843 0.602845 0.602846 0.602847 0.602848 0.602849 
0.672685 0.672688 0.67269 0.672693 0.672695 0.672696 0.672698 0.672699 0.672699 0.6727 0.672699 0.672699 0.672698 0.672697 0.672696 0.672694 0.672692 0.672689 0.672686 0.672684 0.67268 0.672677 0.672674 0.67267 0.672667 0.672663 0.672659 0.672656 0.672652 0.672649 0.672646 0.672643 0.67264 0.672637 0.672635 0.672633 0.672632 0.67263 0.672629 0.672629 0.672628 0.672628 0.672629 0.67263 0.672631 0.672633 0.672634 0.672637 0.672639 0.672642 0.672645 0.672648 0.672651 0.672654 0.672658 0.672662 0.672665 0.672669 0.672672 0.672676 0.672679 0.672682 
0.734618 0.734624 0.734629 0.734634 0.73464 0.734645 0.734649 0.734653 0.734657 0.734661 0.734664 0.734666 0.734668 0.73467 0.734671 0.734671 0.734671 0.73467 0.734669 0.734667 0.734664 0.734662 0.734658 0.734654 0.73465 0.734645 0.734641 0.734635 0.73463 0.734625 0.734619 0.734613 0.734608 0.734602 0.734597 0.734592 0.734587 0.734582 0.734578 0.734574 0.73457 0.734567 0.734565 0.734563 0.734561 0.734561 0.73456 0.734561 0.734561 0.734563 0.734565 0.734567 0.73457 0.734573 0.734577 0.734582 0.734586 0.734591 0.734596 0.734602 0.734607 0.734613 
0.788451 0.788457 0.788463 0.78847 0.788477 0.788484 0.788491 0.788498 0.788505 0.788511 0.788518 0.788524 0.788529 0.788535 0.788539 0.788543 0.788547 0.78855 0.788552 0.788554 0.788554 0.788555 0.788554 0.788553 0.788551 0.788548 0.788545 0.788541 0.788536 0.788531 0.788526 0.78852 0.788514 0.788507 0.788501 0.788494 0.788487 0.78848 0.788473 0.788466 0.788459 0.788453 0.788447 0.788441 0.788436 0.788431 0.788427 0.788424 0.788421 0.788419 0.788417 0.788416 0.788416 0.788417 0.788418 0.78842 0.788423 0.788426 0.78843 0.788435 0.78844 0.788445 
0.834096 0.8341 0.834104 0.834108 0.834114 0.834119 0.834125 0.834132 0.834139 0.834145 0.834152 0.834159 0.834166 0.834173 0.83418 0.834186 0.834192 0.834198 0.834203 0.834208 0.834212 0.834216 0.834219 0.834222 0.834223 0.834225 0.834225 0.834225 0.834224 0.834222 0.834219 0.834216 0.834213 0.834208 0.834204 0.834198 0.834193 0.834187 0.83418 0.834173 0.834167 0.83416 0.834153 0.834146 0.834139 0.834132 0.834126 0.83412 0.834114 0.834109 0.834104 0.8341 0.834096 0.834093 0.834091 0.834089 0.834088 0.834087 0.834088 0.834089 0.834091 0.834093 
0.871513 0.871513 0.871514 0.871514 0.871516 0.871518 0.87152 0.871523 0.871526 0.87153 0.871534 0.871538 0.871543 0.871547 0.871552 0.871557 0.871563 0.871568 0.871573 0.871578 0.871583 0.871588 0.871592 0.871596 0.8716 0.871604 0.871607 0.871609 0.871612 0.871613 0.871614 0.871615 0.871615 0.871615 0.871614 0.871613 0.871611 0.871608 0.871606 0.871602 0.871599 0.871595 0.87159 0.871586 0.871581 0.871576 0.871571 0.871566 0.871561 0.871555 0.87155 0.871546 0.871541 0.871536 0.871532 0.871528 0.871525 0.871522 0.871519 0.871517 0.871515 0.871514 
0.900667 0.900665 0.900662 0.90066 0.900658 0.900656 0.900654 0.900653 0.900651 0.90065 0.90065 0.900649 0.900649 0.900649 0.90065 0.900651 0.900652 0.900653 0.900654 0.900656 0.900658 0.90066 0.900663 0.900665 0.900668 0.90067 0.900673 0.900676 0.900679 0.900682 0.900684 0.900687 0.90069 0.900692 0.900694 0.900697 0.900699 0.9007 0.900702 0.900703 0.900704 0.900705 0.900705 0.900705 0.900705 0.900704 0.900704 0.900703 0.900701 0.9007 0.900698 0.900696 0.900694 0.900692 0.900689 0.900686 0.900684 0.900681 0.900678 0.900675 0.900672 0.90067 
0.92152 0.921517 0.921514 0.92151 0.921506 0.921502 0.921498 0.921493 0.921489 0.921484 0.921479 0.921474 0.92147 0.921465 0.92146 0.921456 0.921452 0.921448 0.921444 0.921441 0.921438 0.921436 0.921434 0.921432 0.921431 0.921431 0.921431 0.921431 0.921432 0.921434 0.921436 0.921438 0.921441 0.921444 0.921447 0.921451 0.921455 0.921459 0.921464 0.921469 0.921474 0.921478 0.921483 0.921488 0.921493 0.921497 0.921502 0.921506 0.92151 0.921513 0.921516 0.921519 0.921521 0.921523 0.921525 0.921526 0.921526 0.921526 0.921526 0.921525 0.921524 0.921522 
0.934043 0.934042 0.934039 0.934035 0.934031 0.934026 0.934021 0.934014 0.934008 0.934 0.933993 0.933985 0.933977 0.933968 0.93396 0.933951 0.933943 0.933935 0.933927 0.93392 0.933913 0.933906 0.9339 0.933895 0.93389 0.933886 0.933883 0.933881 0.933879 0.933879 0.933879 0.93388 0.933882 0.933885 0.933888 0.933892 0.933897 0.933903 0.933909 0.933916 0.933923 0.933931 0.933939 0.933947 0.933956 0.933964 0.933972 0.933981 0.933989 0.933997 0.934004 0.934011 0.934018 0.934024 0.934029 0.934033 0.934037 0.93404 0.934043 0.934044 0.934045 0.934045 
0.938226 0.938224 0.938221 0.938217 0.938212 0.938206 0.938199 0.938191 0.938183 0.938174 0.938165 0.938155 0.938145 0.938134 0.938124 0.938113 0.938103 0.938093 0.938083 0.938074 0.938065 0.938056 0.938049 0.938042 0.938036 0.93803 0.938026 0.938023 0.938021 0.93802 0.93802 0.938021 0.938023 0.938026 0.93803 0.938035 0.938041 0.938048 0.938055 0.938064 0.938073 0.938082 0.938092 0.938102 0.938112 0.938123 0.938133 0.938144 0.938154 0.938164 0.938173 0.938182 0.93819 0.938198 0.938205 0.938211 0.938216 0.93822 0.938223 0.938226 0.938227 0.938227 
0.93406 0.934056 0.934051 0.934045 0.934038 0.93403 0.934022 0.934013 0.934003 0.933994 0.933983 0.933973 0.933962 0.933952 0.933941 0.933931 0.933921 0.933912 0.933903 0.933894 0.933887 0.93388 0.933874 0.933869 0.933864 0.933861 0.933859 0.933858 0.933858 0.933859 0.933861 0.933864 0.933869 0.933874 0.93388 0.933887 0.933894 0.933903 0.933912 0.933921 0.933931 0.933941 0.933952 0.933962 0.933973 0.933983 0.933994 0.934004 0.934013 0.934022 0.93403 0.934038 0.934045 0.934051 0.934056 0.93406 0.934063 0.934065 0.934066 0.934066 0.934065 0.934063 
0.921543 0.921535 0.921528 0.921519 0.92151 0.921501 0.921492 0.921482 0.921472 0.921463 0.921454 0.921445 0.921436 0.921428 0.92142 0.921413 0.921406 0.921401 0.921396 0.921392 0.921389 0.921387 0.921385 0.921385 0.921386 0.921387 0.92139 0.921394 0.921398 0.921403 0.921409 0.921416 0.921424 0.921432 0.92144 0.921449 0.921458 0.921468 0.921477 0.921487 0.921496 0.921506 0.921515 0.921523 0.921532 0.921539 0.921546 0.921553 0.921558 0.921563 0.921567 0.92157 0.921572 0.921574 0.921574 0.921573 0.921571 0.921569 0.921565 0.921561 0.921556 0.92155 
0.90068 0.900671 0.900662 0.900652 0.900644 0.900635 0.900627 0.900619 0.900612 0.900606 0.900601 0.900596 0.900592 0.900589 0.900587 0.900586 0.900586 0.900586 0.900588 0.900591 0.900594 0.900599 0.900604 0.90061 0.900616 0.900624 0.900632 0.90064 0.900649 0.900658 0.900667 0.900676 0.900686 0.900695 0.900704 0.900713 0.900722 0.90073 0.900737 0.900744 0.90075 0.900756 0.900761 0.900764 0.900767 0.900769 0.900771 0.900771 0.90077 0.900768 0.900766 0.900762 0.900758 0.900752 0.900746 0.90074 0.900732 0.900725 0.900716 0.900708 0.900699 0.900689 
0.871499 0.871491 0.871484 0.871478 0.871473 0.871469 0.871466 0.871464 0.871462 0.871462 0.871463 0.871465 0.871468 0.871472 0.871477 0.871483 0.87149 0.871498 0.871506 0.871515 0.871524 0.871534 0.871544 0.871554 0.871565 0.871575 0.871586 0.871596 0.871606 0.871615 0.871624 0.871632 0.87164 0.871647 0.871653 0.871658 0.871662 0.871665 0.871667 0.871669 0.871669 0.871668 0.871666 0.871663 0.871658 0.871653 0.871647 0.871641 0.871633 0.871625 0.871616 0.871607 0.871597 0.871587 0.871576 0.871566 0.871556 0.871545 0.871535 0.871525 0.871516 0.871507 
0.834049 0.834047 0.834047 0.834047 0.834048 0.834051 0.834054 0.834059 0.834065 0.834072 0.834079 0.834087 0.834096 0.834106 0.834116 0.834127 0.834138 0.834149 0.83416 0.834172 0.834183 0.834194 0.834204 0.834214 0.834223 0.834232 0.83424 0.834247 0.834253 0.834258 0.834263 0.834266 0.834268 0.834268 0.834268 0.834267 0.834264 0.83426 0.834256 0.83425 0.834243 0.834236 0.834227 0.834218 0.834209 0.834198 0.834188 0.834177 0.834165 0.834154 0.834143 0.834132 0.834121 0.834111 0.834101 0.834091 0.834083 0.834075 0.834068 0.834062 0.834057 0.834052 
0.78839 0.788394 0.7884 0.788406 0.788413 0.788421 0.788429 0.788439 0.788448 0.788458 0.788469 0.788479 0.78849 0.788501 0.788511 0.788521 0.788531 0.78854 0.788549 0.788557 0.788565 0.788572 0.788577 0.788582 0.788586 0.788589 0.788591 0.788592 0.788591 0.78859 0.788587 0.788584 0.788579 0.788574 0.788568 0.78856 0.788552 0.788544 0.788535 0.788525 0.788515 0.788504 0.788494 0.788483 0.788473 0.788462 0.788452 0.788442 0.788433 0.788424 0.788416 0.788408 0.788402 0.788396 0.788391 0.788387 0.788385 0.788383 0.788382 0.788382 0.788384 0.788386 
0.734572 0.734579 0.734587 0.734595 0.734604 0.734612 0.734621 0.734629 0.734638 0.734646 0.734654 0.734661 0.734668 0.734675 0.734681 0.734686 0.734691 0.734695 0.734698 0.7347 0.734701 0.734702 0.734701 0.7347 0.734698 0.734695 0.734691 0.734687 0.734682 0.734676 0.734669 0.734662 0.734655 0.734647 0.734639 0.73463 0.734622 0.734613 0.734604 0.734596 0.734588 0.73458 0.734572 0.734565 0.734559 0.734553 0.734548 0.734543 0.734539 0.734536 0.734534 0.734533 0.734532 0.734533 0.734534 0.734536 0.734539 0.734543 0.734548 0.734553 0.734559 0.734565 
0.67267 0.672676 0.672681 0.672687 0.672692 0.672697 0.672702 0.672706 0.67271 0.672713 0.672716 0.672718 0.67272 0.672722 0.672722 0.672722 0.672722 0.672721 0.672719 0.672717 0.672714 0.672711 0.672708 0.672703 0.672699 0.672694 0.672689 0.672683 0.672678 0.672672 0.672666 0.67266 0.672655 0.672649 0.672644 0.672638 0.672633 0.672629 0.672624 0.67262 0.672617 0.672614 0.672612 0.67261 0.672609 0.672608 0.672608 0.672608 0.672609 0.672611 0.672613 0.672616 0.672619 0.672623 0.672627 0.672632 0.672637 0.672642 0.672647 0.672653 0.672658 0.672664 
0.602855 0.602857 0.602859 0.602861 0.602862 0.602863 0.602864 0.602865 0.602865 0.602865 0.602865 0.602864 0.602863 0.602862 0.60286 0.602858 0.602856 0.602854 0.602851 0.602849 0.602846 0.602843 0.60284 0.602837 0.602834 0.602831 0.602827 0.602824 0.602822 0.602819 0.602816 0.602814 0.602811 0.602809 0.602808 0.602806 0.602805 0.602804 0.602804 0.602803 0.602804 0.602804 0.602805 0.602806 0.602807 0.602809 0.60281 0.602813 0.602815 0.602817 0.60282 0.602823 0.602826 0.602829 0.602832 0.602835 0.602838 0.602841 0.602844 0.602847 0.60285 0.602853 
0.525468 0.525468 0.525468 0.525468 0.525468 0.525468 0.525467 0.525467 0.525466 0.525466 0.525465 0.525464 0.525463 0.525462 0.525461 0.52546 0.525459 0.525458 0.525457 0.525456 0.525455 0.525453 0.525452 0.525451 0.52545 0.525449 0.525449 0.525448 0.525447 0.525446 0.525446 0.525446 0.525445 0.525445 0.525445 0.525445 0.525446 0.525446 0.525446 0.525447 0.525448 0.525448 0.525449 0.52545 0.525451 0.525452 0.525453 0.525454 0.525455 0.525457 0.525458 0.525459 0.52546 0.525461 0.525462 0.525463 0.525464 0.525465 0.525466 0.525466 0.525467 0.525467 
0.441045 0.441045 0.441045 0.441045 0.441045 0.441045 0.441045 0.441045 0.441045 0.441045 0.441045 0.441045 0.441045 0.441045 0.441045 0.441045 0.441045 0.441044 0.441044 0.441044 0.441044 0.441043 0.441043 0.441043 0.441043 0.441042 0.441042 0.441042 0.441042 0.441042 0.441041 0.441041 0.441041 0.441041 0.441041 0.441041 0.441041 0.441041 0.441041 0.441041 0.441041 0.441041 0.441041 0.441041 0.441041 0.441041 0.441042 0.441042 0.441042 0.441042 0.441042 0.441043 0.441043 0.441043 0.441043 0.441043 0.441044 0.441044 0.441044 0.441044 0.441044 0.441045 
0.350333 0.350333 0.350334 0.350334 0.350334 0.350334 0.350335 0.350335 0.350335 0.350335 0.350335 0.350335 0.350335 0.350335 0.350335 0.350335 0.350335 0.350335 0.350334 0.350334 0.350334 0.350334 0.350333 0.350333 0.350333 0.350333 0.350332 0.350332 0.350332 0.350331 0.350331 0.350331 0.35033 0.35033 0.35033 0.35033 0.350329 0.350329 0.350329 0.350329 0.350329 0.350329 0.350329 0.350329 0.350329 0.350329 0.350329 0.350329 0.350329 0.350329 0.350329 0.35033 0.35033 0.35033 0.35033 0.350331 0.350331 0.350331 0.350332 0.350332 0.350332 0.350333 
0.254324 0.254324 0.254324 0.254324 0.254324 0.254325 0.254325 0.254324 0.254324 0.254324 0.254324 0.254324 0.254324 0.254324 0.254324 0.254324 0.254323 0.254323 0.254323 0.254323 0.254323 0.254322 0.254322 0.254322 0.254322 0.254322 0.254321 0.254321 0.254321 0.254321 0.254321 0.254321 0.25432 0.25432 0.25432 0.25432 0.25432 0.25432 0.25432 0.25432 0.25432 0.25432 0.25432 0.254321 0.254321 0.254321 0.254321 0.254321 0.254321 0.254322 0.254322 0.254322 0.254322 0.254322 0.254323 0.254323 0.254323 0.254323 0.254323 0.254324 0.254324 0.254324 
0.154283 0.154283 0.154283 0.154282 0.154282 0.154282 0.154282 0.154282 0.154282 0.154282 0.154282 0.154282 0.154282 0.154282 0.154282 0.154282 0.154282 0.154282 0.154282 0.154282 0.154282 0.154282 0.154282 0.154282 0.154282 0.154282 0.154282 0.154282 0.154282 0.154282 0.154282 0.154282 0.154282 0.154282 0.154282 0.154282 0.154282 0.154282 0.154282 0.154282 0.154282 0.154282 0.154282 0.154282 0.154282 0.154282 0.154282 0.154282 0.154282 0.154282 0.154282 0.154282 0.154282 0.154282 0.154282 0.154282 0.154282 0.154283 0.154283 0.154283 0.154283 0.154283 
0.0517141 0.0517141 0.0517141 0.0517141 0.0517141 0.0517142 0.0517142 0.0517142 0.0517143 0.0517144 0.0517144 0.0517145 0.0517145 0.0517146 0.0517147 0.0517148 0.0517148 0.0517149 0.051715 0.051715 0.0517151 0.0517151 0.0517152 0.0517152 0.0517153 0.0517153 0.0517153 0.0517153 0.0517154 0.0517154 0.0517154 0.0517154 0.0517153 0.0517153 0.0517153 0.0517153 0.0517152 0.0517152 0.0517151 0.0517151 0.051715 0.0517149 0.0517149 0.0517148 0.0517147 0.0517147 0.0517146 0.0517145 0.0517145 0.0517144 0.0517144 0.0517143 0.0517142 0.0517142 0.0517141 0.0517141 0.0517141 0.0517141 0.051714 0.051714 0.051714 0.051714 
