0.0515593 0.0515594 0.0515594 0.0515595 0.0515596 0.0515597 0.0515598 0.0515599 0.05156 0.0515602 0.0515603 0.0515604 0.0515606 0.0515607 0.0515608 0.051561 0.0515611 0.0515612 0.0515614 0.0515615 0.0515616 0.0515617 0.0515617 0.0515618 0.0515619 0.0515619 0.0515619 0.051562 0.051562 0.0515619 0.0515619 0.0515619 0.0515618 0.0515618 0.0515617 0.0515616 0.0515615 0.0515614 0.0515613 0.0515611 0.051561 0.0515609 0.0515607 0.0515606 0.0515605 0.0515603 0.0515602 0.0515601 0.0515599 0.0515598 0.0515597 0.0515596 0.0515595 0.0515594 0.0515594 0.0515593 0.0515593 0.0515593 0.0515592 0.0515592 0.0515593 0.0515593 
0.153828 0.153828 0.153829 0.153829 0.153829 0.153829 0.153829 0.153829 0.153829 0.153829 0.15383 0.15383 0.15383 0.15383 0.15383 0.153831 0.153831 0.153831 0.153831 0.153831 0.153832 0.153832 0.153832 0.153832 0.153832 0.153832 0.153832 0.153832 0.153832 0.153832 0.153832 0.153832 0.153832 0.153832 0.153832 0.153832 0.153832 0.153831 0.153831 0.153831 0.153831 0.153831 0.15383 0.15383 0.15383 0.15383 0.15383 0.15383 0.153829 0.153829 0.153829 0.153829 0.153829 0.153829 0.153829 0.153828 0.153828 0.153828 0.153828 0.153828 0.153828 0.153828 
0.2536 0.2536 0.2536 0.2536 0.2536 0.2536 0.2536 0.2536 0.2536 0.253601 0.253601 0.253601 0.253601 0.253601 0.253601 0.253601 0.253601 0.253601 0.253602 0.253602 0.253602 0.253602 0.253602 0.253602 0.253602 0.253602 0.253602 0.253602 0.253602 0.253602 0.253602 0.253602 0.253602 0.253602 0.253602 0.253602 0.253602 0.253602 0.253602 0.253602 0.253602 0.253601 0.253601 0.253601 0.253601 0.253601 0.253601 0.253601 0.253601 0.2536 0.2536 0.2536 0.2536 0.2536 0.2536 0.2536 0.2536 0.2536 0.2536 0.2536 0.2536 0.2536 
0.349383 0.349383 0.349383 0.349383 0.349383 0.349383 0.349383 0.349383 0.349383 0.349383 0.349383 0.349384 0.349384 0.349384 0.349384 0.349384 0.349384 0.349384 0.349384 0.349384 0.349384 0.349384 0.349384 0.349384 0.349384 0.349384 0.349383 0.349383 0.349383 0.349383 0.349383 0.349383 0.349383 0.349383 0.349383 0.349383 0.349383 0.349383 0.349383 0.349383 0.349383 0.349382 0.349382 0.349382 0.349382 0.349382 0.349382 0.349382 0.349382 0.349382 0.349382 0.349382 0.349382 0.349382 0.349382 0.349382 0.349382 0.349382 0.349382 0.349383 0.349383 0.349383 
0.439915 0.439915 0.439915 0.439915 0.439915 0.439916 0.439916 0.439916 0.439916 0.439916 0.439916 0.439916 0.439916 0.439916 0.439915 0.439915 0.439915 0.439915 0.439915 0.439915 0.439915 0.439915 0.439915 0.439914 0.439914 0.439914 0.439914 0.439914 0.439914 0.439914 0.439914 0.439914 0.439913 0.439913 0.439913 0.439913 0.439913 0.439913 0.439913 0.439913 0.439913 0.439913 0.439913 0.439913 0.439913 0.439913 0.439913 0.439913 0.439913 0.439913 0.439914 0.439914 0.439914 0.439914 0.439914 0.439914 0.439914 0.439914 0.439915 0.439915 0.439915 0.439915 
0.524199 0.524199 0.5242 0.5242 0.5242 0.5242 0.5242 0.5242 0.5242 0.5242 0.524199 0.524199 0.524199 0.524198 0.524198 0.524197 0.524197 0.524196 0.524196 0.524195 0.524195 0.524194 0.524194 0.524193 0.524192 0.524192 0.524191 0.524191 0.524191 0.52419 0.52419 0.52419 0.524189 0.524189 0.524189 0.524189 0.524189 0.524189 0.524189 0.524189 0.524189 0.52419 0.52419 0.52419 0.524191 0.524191 0.524192 0.524192 0.524193 0.524193 0.524194 0.524194 0.524195 0.524195 0.524196 0.524196 0.524197 0.524197 0.524198 0.524198 0.524199 0.524199 
0.601489 0.601491 0.601492 0.601493 0.601494 0.601494 0.601495 0.601495 0.601496 0.601496 0.601496 0.601495 0.601495 0.601495 0.601494 0.601493 0.601492 0.601491 0.601489 0.601488 0.601487 0.601485 0.601484 0.601482 0.60148 0.601479 0.601477 0.601475 0.601474 0.601472 0.601471 0.601469 0.601468 0.601467 0.601466 0.601465 0.601464 0.601464 0.601463 0.601463 0.601463 0.601463 0.601463 0.601464 0.601464 0.601465 0.601466 0.601467 0.601468 0.601469 0.601471 0.601472 0.601473 0.601475 0.601477 0.601478 0.60148 0.601482 0.601483 0.601485 0.601486 0.601488 
0.671252 0.671256 0.671259 0.671262 0.671265 0.671268 0.671271 0.671273 0.671275 0.671277 0.671279 0.67128 0.671282 0.671282 0.671283 0.671283 0.671282 0.671282 0.671281 0.67128 0.671278 0.671276 0.671274 0.671272 0.671269 0.671266 0.671263 0.67126 0.671257 0.671253 0.67125 0.671247 0.671243 0.67124 0.671237 0.671234 0.671231 0.671228 0.671226 0.671223 0.671221 0.67122 0.671218 0.671217 0.671216 0.671216 0.671216 0.671216 0.671217 0.671218 0.671219 0.671221 0.671223 0.671225 0.671227 0.67123 0.671233 0.671236 0.671239 0.671242 0.671246 0.671249 
0.733139 0.733144 0.733149 0.733154 0.733159 0.733164 0.73317 0.733175 0.73318 0.733185 0.73319 0.733194 0.733198 0.733202 0.733205 0.733208 0.733211 0.733213 0.733214 0.733215 0.733216 0.733216 0.733215 0.733214 0.733212 0.73321 0.733208 0.733205 0.733201 0.733197 0.733193 0.733189 0.733184 0.733179 0.733174 0.733168 0.733163 0.733158 0.733153 0.733148 0.733143 0.733138 0.733134 0.73313 0.733126 0.733122 0.733119 0.733117 0.733115 0.733114 0.733113 0.733112 0.733112 0.733113 0.733114 0.733116 0.733118 0.73312 0.733123 0.733127 0.733131 0.733135 
0.786956 0.786959 0.786963 0.786968 0.786973 0.786978 0.786984 0.78699 0.786996 0.787003 0.787009 0.787016 0.787023 0.787029 0.787035 0.787041 0.787047 0.787052 0.787057 0.787062 0.787066 0.787069 0.787072 0.787074 0.787076 0.787077 0.787077 0.787076 0.787075 0.787074 0.787071 0.787068 0.787065 0.787061 0.787056 0.787051 0.787046 0.78704 0.787034 0.787027 0.787021 0.787014 0.787008 0.787001 0.786995 0.786989 0.786983 0.786977 0.786972 0.786967 0.786962 0.786958 0.786955 0.786952 0.78695 0.786948 0.786948 0.786947 0.786948 0.786949 0.786951 0.786953 
0.832606 0.832607 0.832608 0.832609 0.832611 0.832614 0.832617 0.832621 0.832626 0.832631 0.832636 0.832642 0.832648 0.832654 0.83266 0.832667 0.832673 0.83268 0.832686 0.832693 0.832699 0.832704 0.83271 0.832715 0.832719 0.832724 0.832727 0.83273 0.832732 0.832734 0.832735 0.832736 0.832735 0.832734 0.832733 0.832731 0.832728 0.832724 0.83272 0.832716 0.832711 0.832706 0.8327 0.832694 0.832688 0.832681 0.832675 0.832668 0.832662 0.832655 0.832649 0.832643 0.832637 0.832632 0.832627 0.832622 0.832618 0.832615 0.832612 0.832609 0.832608 0.832607 
0.870033 0.870031 0.870029 0.870027 0.870026 0.870025 0.870025 0.870026 0.870026 0.870028 0.87003 0.870032 0.870034 0.870037 0.870041 0.870045 0.870049 0.870053 0.870057 0.870062 0.870067 0.870072 0.870076 0.870081 0.870086 0.870091 0.870095 0.870099 0.870103 0.870107 0.87011 0.870113 0.870115 0.870117 0.870119 0.87012 0.870121 0.870121 0.87012 0.87012 0.870118 0.870116 0.870114 0.870112 0.870108 0.870105 0.870101 0.870097 0.870093 0.870088 0.870084 0.870079 0.870074 0.870069 0.870065 0.87006 0.870055 0.870051 0.870047 0.870043 0.870039 0.870036 
0.899186 0.899184 0.899181 0.899179 0.899176 0.899174 0.899172 0.899169 0.899167 0.899165 0.899164 0.899162 0.899161 0.89916 0.899159 0.899158 0.899158 0.899158 0.899158 0.899158 0.899159 0.89916 0.899161 0.899162 0.899164 0.899166 0.899168 0.89917 0.899172 0.899174 0.899177 0.899179 0.899182 0.899184 0.899187 0.899189 0.899192 0.899194 0.899196 0.899198 0.8992 0.899202 0.899204 0.899205 0.899206 0.899207 0.899207 0.899208 0.899208 0.899208 0.899207 0.899207 0.899206 0.899205 0.899203 0.899202 0.8992 0.899198 0.899196 0.899194 0.899191 0.899189 
0.920028 0.920027 0.920027 0.920026 0.920024 0.920022 0.92002 0.920017 0.920014 0.92001 0.920007 0.920003 0.919999 0.919994 0.91999 0.919985 0.919981 0.919976 0.919972 0.919968 0.919964 0.91996 0.919956 0.919952 0.919949 0.919947 0.919944 0.919942 0.919941 0.919939 0.919939 0.919938 0.919939 0.919939 0.91994 0.919942 0.919944 0.919946 0.919949 0.919952 0.919956 0.919959 0.919963 0.919968 0.919972 0.919976 0.919981 0.919985 0.91999 0.919994 0.919999 0.920003 0.920007 0.92001 0.920014 0.920017 0.92002 0.920022 0.920024 0.920026 0.920027 0.920027 
0.932539 0.932542 0.932543 0.932544 0.932544 0.932543 0.932542 0.93254 0.932537 0.932533 0.932528 0.932523 0.932517 0.932511 0.932504 0.932497 0.93249 0.932482 0.932474 0.932466 0.932458 0.93245 0.932443 0.932435 0.932428 0.932421 0.932415 0.932409 0.932404 0.932399 0.932395 0.932392 0.932389 0.932388 0.932387 0.932387 0.932388 0.932389 0.932391 0.932395 0.932398 0.932403 0.932408 0.932414 0.93242 0.932427 0.932434 0.932442 0.932449 0.932457 0.932465 0.932473 0.932481 0.932489 0.932496 0.932503 0.93251 0.932517 0.932522 0.932528 0.932532 0.932536 
0.936718 0.936722 0.936724 0.936725 0.936726 0.936725 0.936723 0.936721 0.936717 0.936712 0.936707 0.936701 0.936694 0.936686 0.936678 0.936669 0.93666 0.93665 0.93664 0.93663 0.93662 0.93661 0.9366 0.936591 0.936582 0.936573 0.936565 0.936557 0.936551 0.936545 0.936539 0.936535 0.936532 0.93653 0.936528 0.936528 0.936529 0.93653 0.936533 0.936537 0.936541 0.936547 0.936553 0.93656 0.936568 0.936576 0.936585 0.936594 0.936604 0.936614 0.936624 0.936634 0.936644 0.936654 0.936663 0.936672 0.936681 0.936689 0.936696 0.936703 0.936709 0.936714 
0.932564 0.932565 0.932566 0.932565 0.932563 0.93256 0.932557 0.932552 0.932546 0.93254 0.932533 0.932525 0.932517 0.932508 0.932498 0.932488 0.932478 0.932468 0.932458 0.932448 0.932438 0.932429 0.93242 0.932411 0.932403 0.932395 0.932388 0.932382 0.932377 0.932373 0.93237 0.932368 0.932366 0.932366 0.932367 0.932369 0.932372 0.932375 0.93238 0.932386 0.932392 0.932399 0.932407 0.932416 0.932425 0.932434 0.932444 0.932454 0.932464 0.932474 0.932484 0.932494 0.932503 0.932513 0.932521 0.932529 0.932537 0.932544 0.932549 0.932555 0.932559 0.932562 
0.92007 0.920067 0.920063 0.920058 0.920053 0.920046 0.920039 0.920032 0.920024 0.920015 0.920007 0.919998 0.919988 0.919979 0.91997 0.919961 0.919952 0.919944 0.919936 0.919928 0.919921 0.919915 0.919909 0.919905 0.919901 0.919897 0.919895 0.919894 0.919893 0.919894 0.919895 0.919898 0.919901 0.919905 0.91991 0.919915 0.919922 0.919929 0.919936 0.919944 0.919953 0.919961 0.91997 0.91998 0.919989 0.919998 0.920007 0.920016 0.920024 0.920032 0.92004 0.920046 0.920053 0.920058 0.920063 0.920067 0.92007 0.920073 0.920074 0.920074 0.920074 0.920072 
0.899231 0.899223 0.899215 0.899206 0.899197 0.899188 0.899179 0.89917 0.899162 0.899153 0.899145 0.899137 0.89913 0.899123 0.899117 0.899111 0.899106 0.899102 0.899099 0.899097 0.899096 0.899095 0.899096 0.899097 0.899099 0.899103 0.899106 0.899111 0.899117 0.899123 0.89913 0.899137 0.899145 0.899153 0.899162 0.899171 0.89918 0.899189 0.899198 0.899207 0.899215 0.899223 0.899231 0.899239 0.899245 0.899251 0.899257 0.899262 0.899266 0.899269 0.899271 0.899272 0.899273 0.899272 0.899271 0.899268 0.899265 0.899261 0.899256 0.899251 0.899245 0.899238 
0.870058 0.870048 0.870039 0.87003 0.870021 0.870013 0.870006 0.869999 0.869993 0.869988 0.869983 0.86998 0.869978 0.869976 0.869976 0.869977 0.869978 0.869981 0.869984 0.869989 0.869994 0.870001 0.870007 0.870015 0.870023 0.870032 0.870041 0.870051 0.870061 0.870071 0.870081 0.870091 0.8701 0.87011 0.870119 0.870128 0.870136 0.870143 0.87015 0.870156 0.870161 0.870165 0.870169 0.870171 0.870172 0.870173 0.870172 0.87017 0.870168 0.870164 0.870159 0.870154 0.870148 0.870141 0.870133 0.870125 0.870116 0.870107 0.870097 0.870088 0.870078 0.870068 
0.832597 0.83259 0.832584 0.832578 0.832574 0.832571 0.832569 0.832567 0.832567 0.832568 0.83257 0.832574 0.832578 0.832583 0.832589 0.832596 0.832603 0.832612 0.832621 0.83263 0.83264 0.832651 0.832661 0.832672 0.832682 0.832693 0.832703 0.832713 0.832723 0.832732 0.832741 0.832748 0.832755 0.832761 0.832767 0.832771 0.832774 0.832776 0.832777 0.832777 0.832776 0.832774 0.832771 0.832767 0.832762 0.832756 0.832749 0.832741 0.832733 0.832724 0.832714 0.832704 0.832694 0.832683 0.832673 0.832662 0.832651 0.832641 0.832631 0.832622 0.832613 0.832604 
0.786916 0.786915 0.786915 0.786916 0.786918 0.78692 0.786924 0.786929 0.786935 0.786941 0.786949 0.786956 0.786965 0.786974 0.786983 0.786993 0.787003 0.787013 0.787023 0.787033 0.787043 0.787052 0.787061 0.78707 0.787078 0.787085 0.787091 0.787097 0.787102 0.787106 0.787109 0.787111 0.787112 0.787112 0.787111 0.787109 0.787106 0.787102 0.787098 0.787092 0.787085 0.787078 0.78707 0.787062 0.787053 0.787043 0.787034 0.787024 0.787014 0.787004 0.786994 0.786984 0.786975 0.786966 0.786957 0.786949 0.786942 0.786935 0.78693 0.786925 0.786921 0.786918 
0.733094 0.733098 0.733102 0.733107 0.733113 0.73312 0.733127 0.733134 0.733141 0.733149 0.733157 0.733165 0.733173 0.733181 0.733189 0.733197 0.733204 0.733211 0.733217 0.733223 0.733228 0.733233 0.733237 0.73324 0.733242 0.733244 0.733245 0.733245 0.733244 0.733242 0.73324 0.733237 0.733233 0.733228 0.733223 0.733217 0.733211 0.733204 0.733196 0.733189 0.733181 0.733173 0.733165 0.733157 0.733149 0.733141 0.733133 0.733126 0.733119 0.733113 0.733107 0.733102 0.733097 0.733093 0.73309 0.733088 0.733086 0.733086 0.733086 0.733087 0.733088 0.733091 
0.671226 0.671231 0.671236 0.671241 0.671246 0.671252 0.671257 0.671263 0.671268 0.671273 0.671278 0.671282 0.671287 0.671291 0.671294 0.671297 0.6713 0.671302 0.671303 0.671304 0.671305 0.671304 0.671304 0.671302 0.671301 0.671298 0.671296 0.671292 0.671289 0.671285 0.67128 0.671276 0.671271 0.671265 0.67126 0.671255 0.671249 0.671244 0.671238 0.671233 0.671228 0.671223 0.671219 0.671214 0.67121 0.671207 0.671204 0.671201 0.671199 0.671198 0.671197 0.671197 0.671197 0.671198 0.671199 0.671201 0.671203 0.671206 0.671209 0.671213 0.671217 0.671221 
0.601484 0.601487 0.60149 0.601493 0.601496 0.601498 0.6015 0.601502 0.601504 0.601506 0.601507 0.601508 0.601509 0.601509 0.60151 0.60151 0.601509 0.601508 0.601507 0.601506 0.601505 0.601503 0.601501 0.601498 0.601496 0.601493 0.601491 0.601488 0.601485 0.601482 0.601479 0.601476 0.601473 0.60147 0.601467 0.601465 0.601462 0.60146 0.601458 0.601456 0.601455 0.601453 0.601452 0.601452 0.601451 0.601451 0.601451 0.601451 0.601452 0.601453 0.601455 0.601456 0.601458 0.60146 0.601462 0.601465 0.601467 0.60147 0.601473 0.601476 0.601479 0.601482 
0.524202 0.524203 0.524204 0.524205 0.524205 0.524206 0.524206 0.524207 0.524207 0.524207 0.524207 0.524207 0.524206 0.524206 0.524205 0.524205 0.524204 0.524203 0.524202 0.524201 0.5242 0.524199 0.524198 0.524197 0.524196 0.524195 0.524193 0.524192 0.524191 0.52419 0.524189 0.524188 0.524187 0.524186 0.524186 0.524185 0.524184 0.524184 0.524184 0.524184 0.524184 0.524184 0.524184 0.524184 0.524185 0.524185 0.524186 0.524187 0.524187 0.524188 0.524189 0.52419 0.524191 0.524193 0.524194 0.524195 0.524196 0.524197 0.524198 0.524199 0.5242 0.524201 
0.439917 0.439917 0.439917 0.439917 0.439917 0.439918 0.439918 0.439918 0.439918 0.439918 0.439918 0.439918 0.439918 0.439918 0.439918 0.439918 0.439918 0.439917 0.439917 0.439917 0.439917 0.439916 0.439916 0.439916 0.439915 0.439915 0.439915 0.439914 0.439914 0.439914 0.439914 0.439913 0.439913 0.439913 0.439913 0.439912 0.439912 0.439912 0.439912 0.439912 0.439912 0.439912 0.439912 0.439912 0.439912 0.439912 0.439912 0.439912 0.439913 0.439913 0.439913 0.439913 0.439914 0.439914 0.439914 0.439914 0.439915 0.439915 0.439915 0.439916 0.439916 0.439916 
0.349384 0.349384 0.349384 0.349384 0.349385 0.349385 0.349385 0.349385 0.349385 0.349386 0.349386 0.349386 0.349386 0.349386 0.349386 0.349386 0.349386 0.349386 0.349386 0.349386 0.349386 0.349385 0.349385 0.349385 0.349385 0.349385 0.349384 0.349384 0.349384 0.349384 0.349383 0.349383 0.349383 0.349383 0.349382 0.349382 0.349382 0.349382 0.349382 0.349381 0.349381 0.349381 0.349381 0.349381 0.349381 0.349381 0.349381 0.349381 0.349381 0.349381 0.349381 0.349381 0.349381 0.349382 0.349382 0.349382 0.349382 0.349382 0.349383 0.349383 0.349383 0.349383 
0.253602 0.253602 0.253602 0.253602 0.253602 0.253603 0.253603 0.253603 0.253603 0.253603 0.253603 0.253603 0.253603 0.253603 0.253603 0.253603 0.253602 0.253602 0.253602 0.253602 0.253602 0.253602 0.253602 0.253602 0.253602 0.253601 0.253601 0.253601 0.253601 0.253601 0.253601 0.253601 0.253601 0.2536 0.2536 0.2536 0.2536 0.2536 0.2536 0.2536 0.2536 0.2536 0.2536 0.2536 0.2536 0.2536 0.2536 0.2536 0.2536 0.2536 0.2536 0.253601 0.253601 0.253601 0.253601 0.253601 0.253601 0.253601 0.253601 0.253602 0.253602 0.253602 
0.15383 0.15383 0.15383 0.15383 0.15383 0.15383 0.15383 0.15383 0.15383 0.15383 0.15383 0.15383 0.15383 0.15383 0.15383 0.15383 0.15383 0.15383 0.15383 0.15383 0.15383 0.15383 0.15383 0.15383 0.15383 0.15383 0.15383 0.15383 0.153831 0.153831 0.153831 0.153831 0.153831 0.153831 0.153831 0.153831 0.153831 0.153831 0.153831 0.153831 0.153831 0.153831 0.153831 0.153831 0.153831 0.153831 0.153831 0.153831 0.15383 0.15383 0.15383 0.15383 0.15383 0.15383 0.15383 0.15383 0.15383 0.15383 0.15383 0.15383 0.15383 0.15383 
0.0515599 0.0515599 0.0515599 0.0515599 0.0515599 0.0515599 0.0515599 0.0515599 0.05156 0.05156 0.0515601 0.0515601 0.0515602 0.0515603 0.0515603 0.0515604 0.0515605 0.0515606 0.0515607 0.0515607 0.0515608 0.0515609 0.051561 0.0515611 0.0515611 0.0515612 0.0515613 0.0515613 0.0515614 0.0515614 0.0515614 0.0515614 0.0515615 0.0515615 0.0515615 0.0515615 0.0515614 0.0515614 0.0515614 0.0515613 0.0515613 0.0515612 0.0515612 0.0515611 0.051561 0.051561 0.0515609 0.0515608 0.0515607 0.0515606 0.0515606 0.0515605 0.0515604 0.0515603 0.0515602 0.0515602 0.0515601 0.05156 0.05156 0.05156 0.0515599 0.0515599 
