0.0501568 0.0501568 0.0501569 0.0501569 0.050157 0.050157 0.0501571 0.0501571 0.0501571 0.0501572 0.0501572 0.0501572 0.0501572 0.0501572 0.0501572 0.0501572 0.0501572 0.0501571 0.0501571 0.0501571 0.050157 0.050157 0.0501569 0.0501569 0.0501568 0.0501568 0.0501567 0.0501566 0.0501566 0.0501565 0.0501564 0.0501564 0.0501563 0.0501563 0.0501562 0.0501562 0.0501561 0.0501561 0.050156 0.050156 0.050156 0.050156 0.0501559 0.0501559 0.0501559 0.0501559 0.050156 0.050156 0.050156 0.050156 0.0501561 0.0501561 0.0501562 0.0501562 0.0501563 0.0501563 0.0501564 0.0501564 0.0501565 0.0501566 0.0501566 0.0501567 
0.149702 0.149702 0.149702 0.149702 0.149703 0.149703 0.149703 0.149703 0.149703 0.149703 0.149703 0.149703 0.149703 0.149703 0.149703 0.149702 0.149702 0.149702 0.149702 0.149702 0.149702 0.149702 0.149702 0.149702 0.149701 0.149701 0.149701 0.149701 0.149701 0.149701 0.149701 0.149701 0.149701 0.1497 0.1497 0.1497 0.1497 0.1497 0.1497 0.1497 0.1497 0.1497 0.1497 0.1497 0.1497 0.1497 0.1497 0.1497 0.149701 0.149701 0.149701 0.149701 0.149701 0.149701 0.149701 0.149701 0.149702 0.149702 0.149702 0.149702 0.149702 0.149702 
0.246983 0.246984 0.246984 0.246984 0.246984 0.246984 0.246984 0.246984 0.246984 0.246984 0.246984 0.246984 0.246984 0.246984 0.246984 0.246984 0.246984 0.246984 0.246984 0.246984 0.246984 0.246984 0.246983 0.246983 0.246983 0.246983 0.246983 0.246982 0.246982 0.246982 0.246982 0.246982 0.246982 0.246981 0.246981 0.246981 0.246981 0.246981 0.246981 0.246981 0.246981 0.246981 0.246981 0.246981 0.246981 0.246981 0.246981 0.246981 0.246981 0.246981 0.246981 0.246982 0.246982 0.246982 0.246982 0.246982 0.246982 0.246983 0.246983 0.246983 0.246983 0.246983 
0.340622 0.340622 0.340622 0.340622 0.340622 0.340623 0.340623 0.340623 0.340623 0.340623 0.340623 0.340623 0.340623 0.340623 0.340623 0.340623 0.340623 0.340623 0.340623 0.340623 0.340623 0.340623 0.340623 0.340623 0.340623 0.340622 0.340622 0.340622 0.340622 0.340622 0.340622 0.340621 0.340621 0.340621 0.340621 0.340621 0.340621 0.34062 0.34062 0.34062 0.34062 0.34062 0.34062 0.34062 0.34062 0.34062 0.34062 0.34062 0.34062 0.34062 0.34062 0.34062 0.34062 0.34062 0.34062 0.340621 0.340621 0.340621 0.340621 0.340621 0.340621 0.340622 
0.429414 0.429414 0.429414 0.429414 0.429414 0.429414 0.429414 0.429414 0.429414 0.429414 0.429414 0.429414 0.429414 0.429414 0.429414 0.429414 0.429414 0.429414 0.429414 0.429414 0.429414 0.429414 0.429414 0.429414 0.429414 0.429414 0.429414 0.429414 0.429414 0.429414 0.429414 0.429414 0.429414 0.429414 0.429414 0.429414 0.429414 0.429414 0.429414 0.429414 0.429414 0.429414 0.429413 0.429413 0.429413 0.429413 0.429413 0.429413 0.429413 0.429413 0.429413 0.429413 0.429413 0.429413 0.429413 0.429413 0.429413 0.429413 0.429413 0.429414 0.429414 0.429414 
0.512365 0.512365 0.512364 0.512364 0.512364 0.512364 0.512363 0.512363 0.512363 0.512362 0.512362 0.512362 0.512362 0.512361 0.512361 0.512361 0.512361 0.51236 0.51236 0.51236 0.51236 0.51236 0.51236 0.512359 0.512359 0.512359 0.51236 0.51236 0.51236 0.51236 0.51236 0.51236 0.51236 0.512361 0.512361 0.512361 0.512361 0.512362 0.512362 0.512362 0.512363 0.512363 0.512363 0.512363 0.512364 0.512364 0.512364 0.512364 0.512365 0.512365 0.512365 0.512365 0.512365 0.512365 0.512365 0.512365 0.512365 0.512365 0.512365 0.512365 0.512365 0.512365 
0.588694 0.588694 0.588693 0.588693 0.588693 0.588692 0.588691 0.588691 0.58869 0.588689 0.588688 0.588687 0.588686 0.588686 0.588685 0.588684 0.588683 0.588682 0.588681 0.58868 0.588679 0.588678 0.588678 0.588677 0.588676 0.588676 0.588675 0.588675 0.588675 0.588675 0.588675 0.588675 0.588675 0.588675 0.588676 0.588676 0.588677 0.588677 0.588678 0.588679 0.58868 0.588681 0.588681 0.588682 0.588683 0.588684 0.588685 0.588686 0.588687 0.588688 0.588689 0.58869 0.58869 0.588691 0.588692 0.588692 0.588693 0.588693 0.588694 0.588694 0.588694 0.588694 
0.657813 0.657814 0.657814 0.657815 0.657815 0.657815 0.657814 0.657814 0.657813 0.657812 0.657811 0.65781 0.657809 0.657807 0.657806 0.657804 0.657802 0.6578 0.657799 0.657797 0.657795 0.657793 0.657791 0.657789 0.657787 0.657786 0.657784 0.657783 0.657781 0.65778 0.657779 0.657778 0.657778 0.657777 0.657777 0.657777 0.657777 0.657777 0.657778 0.657779 0.657779 0.65778 0.657782 0.657783 0.657784 0.657786 0.657788 0.657789 0.657791 0.657793 0.657795 0.657797 0.657799 0.657801 0.657803 0.657804 0.657806 0.657808 0.657809 0.65781 0.657812 0.657813 
0.719302 0.719304 0.719306 0.719308 0.719309 0.719311 0.719312 0.719312 0.719313 0.719313 0.719313 0.719312 0.719312 0.719311 0.719309 0.719308 0.719306 0.719304 0.719302 0.719299 0.719297 0.719294 0.719291 0.719288 0.719285 0.719282 0.719279 0.719276 0.719273 0.719271 0.719268 0.719266 0.719263 0.719261 0.719259 0.719258 0.719257 0.719255 0.719255 0.719254 0.719254 0.719254 0.719255 0.719256 0.719257 0.719258 0.71926 0.719261 0.719263 0.719266 0.719268 0.719271 0.719274 0.719276 0.719279 0.719282 0.719285 0.719288 0.719291 0.719294 0.719297 0.719299 
0.772876 0.77288 0.772883 0.772887 0.77289 0.772893 0.772896 0.772898 0.772901 0.772902 0.772904 0.772905 0.772906 0.772907 0.772907 0.772906 0.772906 0.772905 0.772903 0.772902 0.7729 0.772897 0.772894 0.772892 0.772888 0.772885 0.772882 0.772878 0.772874 0.77287 0.772867 0.772863 0.772859 0.772856 0.772852 0.772849 0.772846 0.772843 0.772841 0.772839 0.772837 0.772835 0.772834 0.772833 0.772833 0.772832 0.772833 0.772833 0.772834 0.772836 0.772838 0.77284 0.772842 0.772845 0.772848 0.772851 0.772854 0.772858 0.772861 0.772865 0.772869 0.772872 
0.818366 0.818369 0.818373 0.818377 0.81838 0.818384 0.818388 0.818391 0.818395 0.818398 0.818401 0.818403 0.818406 0.818408 0.81841 0.818411 0.818412 0.818413 0.818413 0.818413 0.818412 0.818411 0.81841 0.818408 0.818406 0.818404 0.818402 0.818399 0.818396 0.818392 0.818389 0.818385 0.818382 0.818378 0.818374 0.81837 0.818366 0.818363 0.818359 0.818356 0.818353 0.81835 0.818347 0.818345 0.818343 0.818341 0.81834 0.818339 0.818338 0.818338 0.818338 0.818339 0.81834 0.818341 0.818343 0.818344 0.818347 0.818349 0.818352 0.818355 0.818359 0.818362 
0.855675 0.855677 0.85568 0.855682 0.855685 0.855687 0.85569 0.855693 0.855695 0.855698 0.855701 0.855703 0.855706 0.855708 0.85571 0.855712 0.855714 0.855716 0.855717 0.855718 0.855719 0.855719 0.85572 0.85572 0.855719 0.855719 0.855718 0.855717 0.855715 0.855714 0.855712 0.85571 0.855708 0.855705 0.855703 0.8557 0.855698 0.855695 0.855692 0.855689 0.855687 0.855684 0.855681 0.855679 0.855677 0.855675 0.855673 0.855671 0.855669 0.855668 0.855667 0.855666 0.855666 0.855665 0.855665 0.855666 0.855666 0.855667 0.855668 0.85567 0.855671 0.855673 
0.884749 0.884749 0.884749 0.88475 0.88475 0.88475 0.884751 0.884751 0.884752 0.884752 0.884753 0.884753 0.884754 0.884755 0.884756 0.884757 0.884757 0.884758 0.884759 0.88476 0.884761 0.884761 0.884762 0.884763 0.884763 0.884764 0.884764 0.884765 0.884765 0.884765 0.884765 0.884766 0.884766 0.884765 0.884765 0.884765 0.884765 0.884764 0.884764 0.884763 0.884763 0.884762 0.884761 0.884761 0.88476 0.884759 0.884758 0.884757 0.884757 0.884756 0.884755 0.884754 0.884753 0.884753 0.884752 0.884752 0.884751 0.884751 0.88475 0.88475 0.88475 0.884749 
0.905549 0.905547 0.905545 0.905543 0.90554 0.905538 0.905536 0.905533 0.905531 0.905529 0.905527 0.905525 0.905523 0.905521 0.905519 0.905518 0.905516 0.905515 0.905514 0.905513 0.905513 0.905513 0.905512 0.905513 0.905513 0.905514 0.905515 0.905516 0.905517 0.905518 0.90552 0.905522 0.905524 0.905526 0.905528 0.90553 0.905533 0.905535 0.905537 0.905539 0.905542 0.905544 0.905546 0.905548 0.90555 0.905552 0.905553 0.905554 0.905556 0.905557 0.905557 0.905558 0.905558 0.905558 0.905558 0.905557 0.905557 0.905556 0.905555 0.905554 0.905552 0.90555 
0.918043 0.918039 0.918036 0.918032 0.918027 0.918023 0.918018 0.918014 0.918009 0.918004 0.917999 0.917995 0.91799 0.917986 0.917982 0.917978 0.917974 0.917971 0.917968 0.917966 0.917964 0.917962 0.917961 0.917961 0.917961 0.917961 0.917962 0.917963 0.917965 0.917967 0.91797 0.917973 0.917976 0.91798 0.917984 0.917988 0.917993 0.917997 0.918002 0.918007 0.918011 0.918016 0.918021 0.918025 0.91803 0.918034 0.918038 0.918041 0.918044 0.918047 0.918049 0.918051 0.918053 0.918054 0.918055 0.918055 0.918054 0.918054 0.918052 0.91805 0.918048 0.918046 
0.92221 0.922206 0.922201 0.922195 0.92219 0.922184 0.922178 0.922172 0.922165 0.922159 0.922153 0.922147 0.922141 0.922135 0.92213 0.922125 0.922121 0.922116 0.922113 0.92211 0.922108 0.922106 0.922105 0.922104 0.922104 0.922105 0.922106 0.922108 0.922111 0.922114 0.922118 0.922122 0.922126 0.922132 0.922137 0.922143 0.922149 0.922155 0.922161 0.922167 0.922173 0.92218 0.922186 0.922192 0.922197 0.922202 0.922207 0.922212 0.922216 0.922219 0.922222 0.922225 0.922226 0.922228 0.922228 0.922228 0.922227 0.922226 0.922224 0.922221 0.922218 0.922215 
0.918042 0.918037 0.918031 0.918024 0.918018 0.918011 0.918005 0.917998 0.917992 0.917986 0.91798 0.917974 0.917968 0.917963 0.917959 0.917955 0.917951 0.917948 0.917946 0.917944 0.917943 0.917943 0.917944 0.917945 0.917946 0.917948 0.917951 0.917955 0.917959 0.917963 0.917968 0.917974 0.91798 0.917986 0.917992 0.917998 0.918005 0.918011 0.918018 0.918024 0.918031 0.918037 0.918042 0.918048 0.918053 0.918057 0.918061 0.918065 0.918068 0.91807 0.918072 0.918073 0.918073 0.918073 0.918072 0.91807 0.918068 0.918065 0.918061 0.918057 0.918053 0.918048 
0.905541 0.905535 0.905529 0.905523 0.905517 0.905511 0.905506 0.905501 0.905496 0.905491 0.905487 0.905484 0.905481 0.905479 0.905477 0.905476 0.905475 0.905475 0.905476 0.905477 0.905479 0.905482 0.905485 0.905488 0.905493 0.905497 0.905502 0.905507 0.905513 0.905519 0.905525 0.905531 0.905537 0.905543 0.905549 0.905555 0.905561 0.905566 0.905571 0.905576 0.905581 0.905585 0.905588 0.905591 0.905593 0.905595 0.905596 0.905597 0.905597 0.905596 0.905594 0.905593 0.90559 0.905587 0.905583 0.905579 0.905575 0.90557 0.905565 0.905559 0.905553 0.905547 
0.884726 0.884721 0.884717 0.884713 0.884709 0.884706 0.884703 0.884701 0.8847 0.884699 0.884699 0.884699 0.8847 0.884702 0.884704 0.884707 0.88471 0.884714 0.884718 0.884723 0.884728 0.884733 0.884739 0.884744 0.88475 0.884756 0.884762 0.884768 0.884774 0.88478 0.884785 0.884791 0.884796 0.8848 0.884804 0.884808 0.884811 0.884813 0.884815 0.884817 0.884817 0.884818 0.884817 0.884816 0.884815 0.884812 0.88481 0.884806 0.884803 0.884798 0.884794 0.884789 0.884783 0.884778 0.884772 0.884766 0.88476 0.884754 0.884748 0.884742 0.884737 0.884731 
0.855633 0.855632 0.855631 0.85563 0.855631 0.855632 0.855633 0.855635 0.855638 0.855641 0.855645 0.85565 0.855654 0.85566 0.855665 0.855671 0.855677 0.855683 0.85569 0.855696 0.855703 0.855709 0.855715 0.855721 0.855727 0.855732 0.855737 0.855741 0.855745 0.855749 0.855751 0.855754 0.855755 0.855756 0.855757 0.855757 0.855756 0.855754 0.855752 0.855749 0.855746 0.855742 0.855737 0.855733 0.855727 0.855722 0.855716 0.85571 0.855704 0.855697 0.855691 0.855684 0.855678 0.855672 0.855666 0.85566 0.855655 0.85565 0.855646 0.855642 0.855639 0.855636 
0.818314 0.818317 0.81832 0.818323 0.818327 0.818332 0.818337 0.818342 0.818348 0.818354 0.81836 0.818367 0.818373 0.81838 0.818387 0.818393 0.818399 0.818405 0.818411 0.818417 0.818422 0.818426 0.81843 0.818434 0.818437 0.818439 0.818441 0.818442 0.818442 0.818441 0.81844 0.818439 0.818436 0.818434 0.81843 0.818426 0.818421 0.818416 0.818411 0.818405 0.818399 0.818393 0.818386 0.81838 0.818373 0.818366 0.81836 0.818354 0.818348 0.818342 0.818336 0.818331 0.818327 0.818323 0.81832 0.818317 0.818314 0.818313 0.818312 0.818311 0.818312 0.818313 
0.772833 0.772838 0.772843 0.772849 0.772854 0.77286 0.772866 0.772873 0.772879 0.772885 0.77289 0.772896 0.772901 0.772907 0.772911 0.772915 0.772919 0.772923 0.772925 0.772928 0.772929 0.77293 0.772931 0.772931 0.77293 0.772928 0.772926 0.772924 0.772921 0.772917 0.772913 0.772908 0.772903 0.772898 0.772893 0.772887 0.772881 0.772875 0.772869 0.772863 0.772857 0.772851 0.772845 0.77284 0.772835 0.77283 0.772826 0.772822 0.772819 0.772816 0.772814 0.772812 0.772811 0.772811 0.772811 0.772812 0.772813 0.772815 0.772818 0.772821 0.772825 0.772829 
0.71928 0.719285 0.71929 0.719295 0.719299 0.719304 0.719308 0.719312 0.719316 0.71932 0.719323 0.719326 0.719328 0.71933 0.719331 0.719332 0.719333 0.719333 0.719332 0.719331 0.71933 0.719328 0.719326 0.719323 0.71932 0.719316 0.719312 0.719308 0.719304 0.719299 0.719294 0.719289 0.719285 0.71928 0.719275 0.71927 0.719266 0.719261 0.719257 0.719253 0.71925 0.719247 0.719244 0.719241 0.71924 0.719238 0.719237 0.719237 0.719237 0.719237 0.719238 0.71924 0.719242 0.719244 0.719247 0.71925 0.719254 0.719258 0.719262 0.719266 0.719271 0.719275 
0.657813 0.657816 0.657818 0.657821 0.657823 0.657825 0.657827 0.657828 0.657829 0.65783 0.65783 0.65783 0.65783 0.657829 0.657828 0.657827 0.657825 0.657824 0.657821 0.657819 0.657816 0.657813 0.65781 0.657807 0.657804 0.657801 0.657797 0.657794 0.657791 0.657787 0.657784 0.657781 0.657778 0.657775 0.657773 0.657771 0.657769 0.657767 0.657766 0.657765 0.657764 0.657764 0.657764 0.657764 0.657765 0.657766 0.657767 0.657769 0.65777 0.657773 0.657775 0.657778 0.657781 0.657784 0.657787 0.65779 0.657793 0.657797 0.6578 0.657803 0.657807 0.65781 
0.588703 0.588704 0.588704 0.588705 0.588705 0.588705 0.588705 0.588704 0.588704 0.588703 0.588702 0.588701 0.5887 0.588698 0.588697 0.588695 0.588693 0.588692 0.58869 0.588688 0.588686 0.588684 0.588682 0.58868 0.588678 0.588676 0.588674 0.588673 0.588671 0.58867 0.588669 0.588668 0.588667 0.588666 0.588666 0.588666 0.588666 0.588666 0.588666 0.588667 0.588668 0.588669 0.58867 0.588671 0.588672 0.588674 0.588676 0.588677 0.588679 0.588681 0.588683 0.588685 0.588687 0.588689 0.588691 0.588693 0.588695 0.588696 0.588698 0.588699 0.588701 0.588702 
0.512373 0.512372 0.512372 0.512372 0.512371 0.512371 0.51237 0.51237 0.512369 0.512368 0.512367 0.512366 0.512365 0.512364 0.512364 0.512363 0.512362 0.512361 0.51236 0.512359 0.512358 0.512357 0.512357 0.512356 0.512355 0.512355 0.512355 0.512354 0.512354 0.512354 0.512354 0.512354 0.512354 0.512354 0.512355 0.512355 0.512356 0.512356 0.512357 0.512358 0.512359 0.512359 0.51236 0.512361 0.512362 0.512363 0.512364 0.512365 0.512366 0.512367 0.512368 0.512369 0.512369 0.51237 0.512371 0.512371 0.512372 0.512372 0.512372 0.512373 0.512373 0.512373 
0.429417 0.429416 0.429416 0.429416 0.429416 0.429415 0.429415 0.429415 0.429414 0.429414 0.429414 0.429414 0.429413 0.429413 0.429413 0.429412 0.429412 0.429412 0.429412 0.429412 0.429412 0.429411 0.429411 0.429411 0.429411 0.429411 0.429411 0.429412 0.429412 0.429412 0.429412 0.429412 0.429413 0.429413 0.429413 0.429413 0.429414 0.429414 0.429414 0.429415 0.429415 0.429415 0.429416 0.429416 0.429416 0.429416 0.429417 0.429417 0.429417 0.429417 0.429417 0.429417 0.429418 0.429418 0.429418 0.429418 0.429418 0.429417 0.429417 0.429417 0.429417 0.429417 
0.340622 0.340622 0.340622 0.340622 0.340622 0.340622 0.340622 0.340622 0.340622 0.340622 0.340622 0.340622 0.340622 0.340622 0.340622 0.340622 0.340622 0.340622 0.340622 0.340622 0.340622 0.340622 0.340622 0.340622 0.340622 0.340622 0.340622 0.340622 0.340622 0.340622 0.340622 0.340622 0.340622 0.340623 0.340623 0.340622 0.340622 0.340622 0.340622 0.340622 0.340622 0.340622 0.340622 0.340622 0.340622 0.340622 0.340622 0.340622 0.340622 0.340622 0.340622 0.340622 0.340622 0.340622 0.340622 0.340622 0.340622 0.340622 0.340622 0.340622 0.340622 0.340622 
0.246983 0.246983 0.246983 0.246983 0.246983 0.246983 0.246983 0.246984 0.246984 0.246984 0.246984 0.246984 0.246984 0.246984 0.246984 0.246984 0.246984 0.246984 0.246984 0.246984 0.246984 0.246984 0.246984 0.246984 0.246984 0.246984 0.246984 0.246984 0.246984 0.246984 0.246983 0.246983 0.246983 0.246983 0.246983 0.246983 0.246983 0.246983 0.246982 0.246982 0.246982 0.246982 0.246982 0.246982 0.246982 0.246982 0.246982 0.246982 0.246982 0.246982 0.246982 0.246982 0.246982 0.246982 0.246982 0.246982 0.246982 0.246982 0.246982 0.246982 0.246982 0.246982 
0.149702 0.149702 0.149702 0.149702 0.149702 0.149703 0.149703 0.149703 0.149703 0.149703 0.149703 0.149703 0.149703 0.149703 0.149703 0.149703 0.149703 0.149703 0.149703 0.149703 0.149703 0.149703 0.149703 0.149703 0.149702 0.149702 0.149702 0.149702 0.149702 0.149702 0.149702 0.149701 0.149701 0.149701 0.149701 0.149701 0.149701 0.149701 0.149701 0.1497 0.1497 0.1497 0.1497 0.1497 0.1497 0.1497 0.1497 0.1497 0.1497 0.1497 0.1497 0.1497 0.1497 0.149701 0.149701 0.149701 0.149701 0.149701 0.149701 0.149701 0.149702 0.149702 
0.0501567 0.0501568 0.0501569 0.0501569 0.050157 0.0501571 0.0501571 0.0501572 0.0501573 0.0501573 0.0501573 0.0501574 0.0501574 0.0501574 0.0501574 0.0501574 0.0501574 0.0501574 0.0501574 0.0501574 0.0501573 0.0501573 0.0501572 0.0501572 0.0501571 0.0501571 0.050157 0.0501569 0.0501568 0.0501567 0.0501567 0.0501566 0.0501565 0.0501564 0.0501563 0.0501563 0.0501562 0.0501561 0.0501561 0.050156 0.050156 0.0501559 0.0501559 0.0501558 0.0501558 0.0501558 0.0501558 0.0501558 0.0501558 0.0501559 0.0501559 0.0501559 0.050156 0.050156 0.0501561 0.0501561 0.0501562 0.0501563 0.0501564 0.0501565 0.0501565 0.0501566 
