0.0499278 0.0499279 0.0499279 0.049928 0.049928 0.0499281 0.0499281 0.0499282 0.0499283 0.0499283 0.0499284 0.0499284 0.0499285 0.0499285 0.0499286 0.0499286 0.0499286 0.0499287 0.0499287 0.0499287 0.0499287 0.0499287 0.0499287 0.0499287 0.0499287 0.0499287 0.0499287 0.0499286 0.0499286 0.0499286 0.0499285 0.0499285 0.0499284 0.0499284 0.0499283 0.0499283 0.0499282 0.0499282 0.0499281 0.049928 0.049928 0.0499279 0.0499279 0.0499278 0.0499278 0.0499278 0.0499277 0.0499277 0.0499277 0.0499276 0.0499276 0.0499276 0.0499276 0.0499276 0.0499276 0.0499276 0.0499276 0.0499277 0.0499277 0.0499277 0.0499278 0.0499278 
0.149028 0.149028 0.149028 0.149028 0.149028 0.149029 0.149029 0.149029 0.149029 0.149029 0.149029 0.149029 0.149029 0.149029 0.149029 0.149029 0.149029 0.149029 0.149029 0.149029 0.149029 0.149029 0.149029 0.149029 0.149029 0.149029 0.149029 0.149029 0.149029 0.149029 0.149029 0.149028 0.149028 0.149028 0.149028 0.149028 0.149028 0.149028 0.149028 0.149028 0.149028 0.149027 0.149027 0.149027 0.149027 0.149027 0.149027 0.149027 0.149027 0.149027 0.149027 0.149027 0.149027 0.149027 0.149027 0.149027 0.149027 0.149028 0.149028 0.149028 0.149028 0.149028 
0.245898 0.245899 0.245899 0.245899 0.245899 0.245899 0.245899 0.245899 0.2459 0.2459 0.2459 0.2459 0.2459 0.2459 0.2459 0.2459 0.2459 0.2459 0.2459 0.2459 0.2459 0.2459 0.2459 0.2459 0.2459 0.2459 0.2459 0.2459 0.2459 0.2459 0.245899 0.245899 0.245899 0.245899 0.245899 0.245899 0.245899 0.245898 0.245898 0.245898 0.245898 0.245898 0.245898 0.245898 0.245898 0.245897 0.245897 0.245897 0.245897 0.245897 0.245897 0.245897 0.245897 0.245897 0.245897 0.245898 0.245898 0.245898 0.245898 0.245898 0.245898 0.245898 
0.339177 0.339177 0.339178 0.339178 0.339178 0.339178 0.339178 0.339178 0.339179 0.339179 0.339179 0.339179 0.339179 0.339179 0.339179 0.33918 0.33918 0.33918 0.33918 0.33918 0.33918 0.33918 0.33918 0.33918 0.33918 0.33918 0.33918 0.33918 0.33918 0.33918 0.339179 0.339179 0.339179 0.339179 0.339179 0.339179 0.339179 0.339178 0.339178 0.339178 0.339178 0.339178 0.339178 0.339177 0.339177 0.339177 0.339177 0.339177 0.339177 0.339177 0.339177 0.339177 0.339177 0.339177 0.339177 0.339177 0.339177 0.339177 0.339177 0.339177 0.339177 0.339177 
0.427672 0.427672 0.427672 0.427672 0.427672 0.427672 0.427672 0.427672 0.427672 0.427672 0.427672 0.427672 0.427672 0.427672 0.427672 0.427673 0.427673 0.427673 0.427673 0.427673 0.427673 0.427673 0.427673 0.427673 0.427673 0.427673 0.427673 0.427673 0.427673 0.427673 0.427673 0.427673 0.427673 0.427673 0.427672 0.427672 0.427672 0.427672 0.427672 0.427672 0.427672 0.427672 0.427672 0.427672 0.427672 0.427672 0.427672 0.427672 0.427672 0.427672 0.427672 0.427672 0.427672 0.427672 0.427672 0.427672 0.427672 0.427672 0.427672 0.427672 0.427672 0.427672 
0.510388 0.510388 0.510388 0.510388 0.510388 0.510388 0.510388 0.510388 0.510388 0.510388 0.510388 0.510387 0.510387 0.510387 0.510387 0.510386 0.510386 0.510386 0.510386 0.510385 0.510385 0.510385 0.510385 0.510384 0.510384 0.510384 0.510384 0.510383 0.510383 0.510383 0.510383 0.510383 0.510383 0.510383 0.510383 0.510383 0.510383 0.510383 0.510383 0.510383 0.510383 0.510384 0.510384 0.510384 0.510384 0.510384 0.510385 0.510385 0.510385 0.510385 0.510386 0.510386 0.510386 0.510386 0.510387 0.510387 0.510387 0.510387 0.510387 0.510388 0.510388 0.510388 
0.586537 0.586538 0.586538 0.586539 0.586539 0.58654 0.58654 0.58654 0.58654 0.58654 0.58654 0.586539 0.586539 0.586539 0.586538 0.586538 0.586537 0.586536 0.586535 0.586535 0.586534 0.586533 0.586532 0.586531 0.58653 0.58653 0.586529 0.586528 0.586527 0.586526 0.586526 0.586525 0.586524 0.586524 0.586523 0.586523 0.586523 0.586523 0.586523 0.586523 0.586523 0.586523 0.586523 0.586523 0.586524 0.586524 0.586525 0.586526 0.586526 0.586527 0.586528 0.586529 0.586529 0.58653 0.586531 0.586532 0.586533 0.586534 0.586535 0.586535 0.586536 0.586537 
0.655522 0.655524 0.655525 0.655527 0.655528 0.65553 0.655531 0.655532 0.655533 0.655533 0.655534 0.655534 0.655535 0.655535 0.655534 0.655534 0.655534 0.655533 0.655532 0.655531 0.65553 0.655529 0.655527 0.655526 0.655524 0.655523 0.655521 0.655519 0.655517 0.655516 0.655514 0.655512 0.655511 0.655509 0.655508 0.655506 0.655505 0.655504 0.655503 0.655502 0.655501 0.655501 0.6555 0.6555 0.6555 0.6555 0.6555 0.655501 0.655502 0.655502 0.655503 0.655505 0.655506 0.655507 0.655509 0.65551 0.655512 0.655514 0.655515 0.655517 0.655519 0.655521 
0.716914 0.716917 0.71692 0.716923 0.716925 0.716928 0.71693 0.716933 0.716935 0.716937 0.716939 0.716941 0.716943 0.716944 0.716945 0.716946 0.716947 0.716947 0.716947 0.716947 0.716946 0.716946 0.716944 0.716943 0.716942 0.71694 0.716938 0.716936 0.716933 0.716931 0.716928 0.716926 0.716923 0.71692 0.716918 0.716915 0.716912 0.71691 0.716907 0.716905 0.716903 0.716901 0.716899 0.716897 0.716896 0.716895 0.716894 0.716894 0.716893 0.716893 0.716893 0.716894 0.716895 0.716896 0.716897 0.716899 0.7169 0.716902 0.716905 0.716907 0.716909 0.716912 
0.77043 0.770432 0.770435 0.770439 0.770442 0.770445 0.770449 0.770452 0.770455 0.770459 0.770462 0.770465 0.770468 0.770471 0.770474 0.770476 0.770479 0.770481 0.770482 0.770484 0.770484 0.770485 0.770485 0.770485 0.770485 0.770484 0.770483 0.770482 0.77048 0.770478 0.770475 0.770473 0.77047 0.770467 0.770464 0.770461 0.770457 0.770454 0.77045 0.770447 0.770444 0.77044 0.770437 0.770434 0.770431 0.770428 0.770426 0.770424 0.770422 0.77042 0.770419 0.770418 0.770418 0.770417 0.770417 0.770418 0.770419 0.77042 0.770421 0.770423 0.770425 0.770427 
0.815893 0.815894 0.815896 0.815898 0.815901 0.815904 0.815907 0.81591 0.815913 0.815916 0.81592 0.815923 0.815927 0.81593 0.815934 0.815937 0.81594 0.815943 0.815946 0.815948 0.815951 0.815953 0.815954 0.815956 0.815957 0.815958 0.815958 0.815958 0.815958 0.815957 0.815956 0.815954 0.815953 0.815951 0.815949 0.815946 0.815943 0.81594 0.815937 0.815934 0.81593 0.815927 0.815924 0.81592 0.815917 0.815913 0.81591 0.815907 0.815904 0.815901 0.815899 0.815896 0.815894 0.815893 0.815891 0.81589 0.81589 0.815889 0.815889 0.815889 0.81589 0.815891 
0.853196 0.853196 0.853197 0.853197 0.853198 0.8532 0.853201 0.853203 0.853205 0.853207 0.853209 0.853211 0.853213 0.853216 0.853218 0.853221 0.853223 0.853226 0.853228 0.853231 0.853233 0.853235 0.853237 0.853239 0.853241 0.853242 0.853243 0.853244 0.853245 0.853245 0.853246 0.853246 0.853245 0.853245 0.853244 0.853243 0.853242 0.853241 0.853239 0.853237 0.853235 0.853233 0.853231 0.853228 0.853226 0.853223 0.853221 0.853218 0.853216 0.853213 0.853211 0.853209 0.853207 0.853205 0.853203 0.853201 0.8532 0.853198 0.853197 0.853197 0.853196 0.853196 
0.88227 0.882269 0.882269 0.882269 0.882268 0.882268 0.882268 0.882268 0.882268 0.882268 0.882268 0.882268 0.882269 0.882269 0.882269 0.88227 0.88227 0.882271 0.882271 0.882272 0.882273 0.882273 0.882274 0.882275 0.882275 0.882276 0.882277 0.882277 0.882278 0.882279 0.882279 0.88228 0.88228 0.882281 0.882281 0.882281 0.882281 0.882281 0.882282 0.882282 0.882281 0.882281 0.882281 0.882281 0.882281 0.88228 0.88228 0.882279 0.882279 0.882278 0.882277 0.882277 0.882276 0.882275 0.882275 0.882274 0.882273 0.882273 0.882272 0.882271 0.882271 0.88227 
0.903067 0.903067 0.903067 0.903066 0.903065 0.903064 0.903063 0.903062 0.90306 0.903059 0.903057 0.903055 0.903053 0.903051 0.903049 0.903047 0.903045 0.903043 0.903041 0.903039 0.903037 0.903036 0.903034 0.903032 0.903031 0.90303 0.903029 0.903028 0.903027 0.903027 0.903027 0.903026 0.903027 0.903027 0.903028 0.903028 0.903029 0.90303 0.903032 0.903033 0.903035 0.903036 0.903038 0.90304 0.903042 0.903044 0.903046 0.903048 0.90305 0.903052 0.903054 0.903056 0.903058 0.90306 0.903061 0.903063 0.903064 0.903065 0.903066 0.903066 0.903067 0.903067 
0.915559 0.915559 0.915559 0.915559 0.915558 0.915557 0.915555 0.915553 0.915551 0.915548 0.915545 0.915541 0.915537 0.915534 0.915529 0.915525 0.915521 0.915517 0.915512 0.915508 0.915504 0.9155 0.915496 0.915492 0.915488 0.915485 0.915482 0.91548 0.915478 0.915476 0.915475 0.915474 0.915473 0.915473 0.915474 0.915475 0.915476 0.915478 0.91548 0.915482 0.915485 0.915489 0.915492 0.915496 0.9155 0.915504 0.915508 0.915512 0.915517 0.915521 0.915525 0.91553 0.915534 0.915538 0.915541 0.915545 0.915548 0.915551 0.915553 0.915555 0.915557 0.915558 
0.919731 0.919731 0.919731 0.91973 0.919729 0.919727 0.919724 0.919721 0.919718 0.919714 0.919709 0.919704 0.919699 0.919694 0.919688 0.919683 0.919677 0.919671 0.919665 0.91966 0.919654 0.919649 0.919644 0.919639 0.919635 0.919631 0.919627 0.919624 0.919621 0.919619 0.919618 0.919617 0.919617 0.919617 0.919618 0.91962 0.919622 0.919624 0.919627 0.919631 0.919635 0.919639 0.919644 0.919649 0.919654 0.91966 0.919666 0.919671 0.919677 0.919683 0.919689 0.919694 0.9197 0.919705 0.919709 0.919714 0.919718 0.919721 0.919724 0.919727 0.919729 0.91973 
0.915576 0.915575 0.915574 0.915571 0.915568 0.915565 0.915561 0.915557 0.915552 0.915547 0.915541 0.915536 0.91553 0.915524 0.915518 0.915511 0.915505 0.915499 0.915494 0.915488 0.915483 0.915478 0.915474 0.91547 0.915466 0.915463 0.91546 0.915459 0.915457 0.915457 0.915457 0.915457 0.915458 0.91546 0.915462 0.915465 0.915469 0.915473 0.915477 0.915482 0.915487 0.915493 0.915498 0.915504 0.91551 0.915516 0.915522 0.915529 0.915534 0.91554 0.915546 0.915551 0.915556 0.91556 0.915564 0.915568 0.915571 0.915573 0.915575 0.915576 0.915577 0.915577 
0.903094 0.903091 0.903087 0.903082 0.903078 0.903073 0.903067 0.903062 0.903056 0.90305 0.903045 0.903039 0.903033 0.903028 0.903023 0.903017 0.903013 0.903008 0.903004 0.903001 0.902998 0.902995 0.902993 0.902992 0.902991 0.902991 0.902991 0.902992 0.902993 0.902995 0.902998 0.903001 0.903004 0.903008 0.903013 0.903017 0.903023 0.903028 0.903033 0.903039 0.903045 0.90305 0.903056 0.903062 0.903067 0.903073 0.903078 0.903082 0.903087 0.903091 0.903094 0.903097 0.9031 0.903102 0.903103 0.903104 0.903104 0.903104 0.903103 0.903102 0.9031 0.903097 
0.882293 0.882287 0.882282 0.882276 0.882271 0.882265 0.88226 0.882254 0.882249 0.882244 0.88224 0.882236 0.882232 0.882229 0.882226 0.882224 0.882222 0.882221 0.88222 0.88222 0.882221 0.882222 0.882223 0.882226 0.882228 0.882231 0.882235 0.882239 0.882244 0.882248 0.882253 0.882259 0.882264 0.88227 0.882275 0.882281 0.882287 0.882292 0.882297 0.882302 0.882307 0.882312 0.882316 0.882319 0.882323 0.882325 0.882328 0.882329 0.882331 0.882331 0.882331 0.882331 0.88233 0.882328 0.882326 0.882323 0.88232 0.882316 0.882312 0.882308 0.882303 0.882298 
0.853201 0.853196 0.85319 0.853186 0.853181 0.853177 0.853173 0.85317 0.853168 0.853166 0.853164 0.853163 0.853163 0.853163 0.853164 0.853166 0.853168 0.853171 0.853174 0.853178 0.853182 0.853186 0.853191 0.853197 0.853202 0.853208 0.853214 0.85322 0.853226 0.853232 0.853237 0.853243 0.853248 0.853254 0.853259 0.853263 0.853267 0.853271 0.853274 0.853276 0.853278 0.85328 0.853281 0.853281 0.85328 0.853279 0.853278 0.853276 0.853273 0.85327 0.853266 0.853262 0.853257 0.853252 0.853247 0.853242 0.853236 0.85323 0.853224 0.853218 0.853212 0.853206 
0.815875 0.815871 0.815869 0.815867 0.815865 0.815865 0.815864 0.815865 0.815866 0.815867 0.81587 0.815873 0.815876 0.81588 0.815884 0.815889 0.815894 0.815899 0.815905 0.815911 0.815917 0.815923 0.815929 0.815935 0.815941 0.815947 0.815952 0.815958 0.815963 0.815967 0.815971 0.815975 0.815978 0.815981 0.815983 0.815984 0.815985 0.815985 0.815985 0.815984 0.815982 0.81598 0.815977 0.815973 0.81597 0.815965 0.815961 0.815955 0.81595 0.815944 0.815939 0.815932 0.815926 0.81592 0.815914 0.815908 0.815902 0.815897 0.815892 0.815887 0.815882 0.815878 
0.770397 0.770397 0.770398 0.7704 0.770401 0.770404 0.770407 0.77041 0.770414 0.770418 0.770423 0.770428 0.770433 0.770438 0.770444 0.770449 0.770455 0.770461 0.770466 0.770472 0.770477 0.770482 0.770486 0.770491 0.770494 0.770498 0.770501 0.770503 0.770505 0.770507 0.770508 0.770508 0.770508 0.770507 0.770505 0.770504 0.770501 0.770498 0.770495 0.770491 0.770487 0.770482 0.770477 0.770472 0.770467 0.770461 0.770455 0.77045 0.770444 0.770439 0.770433 0.770428 0.770423 0.770419 0.770414 0.770411 0.770407 0.770404 0.770402 0.7704 0.770398 0.770397 
0.716884 0.716887 0.71689 0.716893 0.716897 0.7169 0.716905 0.716909 0.716913 0.716918 0.716922 0.716927 0.716931 0.716935 0.71694 0.716944 0.716947 0.716951 0.716954 0.716957 0.716959 0.716962 0.716963 0.716965 0.716965 0.716966 0.716966 0.716965 0.716964 0.716963 0.716961 0.716959 0.716956 0.716953 0.71695 0.716946 0.716942 0.716938 0.716934 0.716929 0.716925 0.71692 0.716916 0.716911 0.716907 0.716903 0.716899 0.716895 0.716892 0.716888 0.716886 0.716883 0.716881 0.716879 0.716878 0.716877 0.716877 0.716877 0.716878 0.716879 0.71688 0.716882 
0.655506 0.655509 0.655512 0.655515 0.655518 0.655521 0.655525 0.655528 0.655531 0.655533 0.655536 0.655538 0.655541 0.655543 0.655545 0.655546 0.655547 0.655548 0.655549 0.655549 0.655549 0.655549 0.655548 0.655547 0.655546 0.655544 0.655543 0.655541 0.655538 0.655536 0.655533 0.65553 0.655528 0.655524 0.655521 0.655518 0.655515 0.655512 0.655509 0.655506 0.655503 0.655501 0.655498 0.655496 0.655494 0.655492 0.655491 0.655489 0.655489 0.655488 0.655488 0.655488 0.655488 0.655489 0.65549 0.655491 0.655492 0.655494 0.655496 0.655498 0.655501 0.655504 
0.586536 0.586537 0.586539 0.586541 0.586542 0.586544 0.586545 0.586546 0.586547 0.586548 0.586549 0.58655 0.58655 0.58655 0.58655 0.58655 0.58655 0.586549 0.586548 0.586548 0.586547 0.586545 0.586544 0.586543 0.586541 0.586539 0.586538 0.586536 0.586534 0.586532 0.58653 0.586529 0.586527 0.586525 0.586523 0.586522 0.58652 0.586519 0.586518 0.586517 0.586516 0.586515 0.586515 0.586514 0.586514 0.586514 0.586514 0.586515 0.586515 0.586516 0.586517 0.586518 0.586519 0.58652 0.586522 0.586523 0.586525 0.586527 0.586529 0.58653 0.586532 0.586534 
0.510392 0.510393 0.510394 0.510394 0.510394 0.510395 0.510395 0.510395 0.510395 0.510395 0.510395 0.510394 0.510394 0.510394 0.510393 0.510393 0.510392 0.510391 0.510391 0.51039 0.510389 0.510388 0.510387 0.510386 0.510385 0.510385 0.510384 0.510383 0.510382 0.510381 0.510381 0.51038 0.51038 0.510379 0.510379 0.510378 0.510378 0.510378 0.510378 0.510378 0.510378 0.510378 0.510378 0.510379 0.510379 0.51038 0.51038 0.510381 0.510381 0.510382 0.510383 0.510384 0.510385 0.510385 0.510386 0.510387 0.510388 0.510389 0.51039 0.51039 0.510391 0.510392 
0.427675 0.427675 0.427675 0.427675 0.427675 0.427675 0.427675 0.427675 0.427675 0.427675 0.427674 0.427674 0.427674 0.427674 0.427674 0.427673 0.427673 0.427673 0.427672 0.427672 0.427672 0.427672 0.427671 0.427671 0.427671 0.427671 0.427671 0.42767 0.42767 0.42767 0.42767 0.42767 0.42767 0.42767 0.42767 0.42767 0.42767 0.42767 0.427671 0.427671 0.427671 0.427671 0.427671 0.427672 0.427672 0.427672 0.427672 0.427673 0.427673 0.427673 0.427674 0.427674 0.427674 0.427674 0.427674 0.427675 0.427675 0.427675 0.427675 0.427675 0.427675 0.427675 
0.339178 0.339178 0.339178 0.339178 0.339178 0.339178 0.339178 0.339178 0.339178 0.339178 0.339178 0.339178 0.339178 0.339179 0.339179 0.339179 0.339179 0.339179 0.339179 0.339179 0.339179 0.339179 0.339179 0.339179 0.339179 0.339179 0.339179 0.339179 0.339179 0.339179 0.339179 0.339179 0.339179 0.339179 0.339179 0.339179 0.339179 0.339179 0.339179 0.339179 0.339179 0.339179 0.339179 0.339179 0.339179 0.339179 0.339179 0.339179 0.339179 0.339179 0.339179 0.339179 0.339179 0.339179 0.339179 0.339179 0.339179 0.339179 0.339179 0.339178 0.339178 0.339178 
0.245898 0.245898 0.245898 0.245898 0.245898 0.245899 0.245899 0.245899 0.245899 0.245899 0.245899 0.245899 0.245899 0.2459 0.2459 0.2459 0.2459 0.2459 0.2459 0.2459 0.2459 0.2459 0.2459 0.2459 0.245901 0.245901 0.245901 0.245901 0.2459 0.2459 0.2459 0.2459 0.2459 0.2459 0.2459 0.2459 0.2459 0.2459 0.2459 0.245899 0.245899 0.245899 0.245899 0.245899 0.245899 0.245899 0.245899 0.245898 0.245898 0.245898 0.245898 0.245898 0.245898 0.245898 0.245898 0.245898 0.245898 0.245898 0.245898 0.245898 0.245898 0.245898 
0.149028 0.149028 0.149028 0.149028 0.149028 0.149028 0.149028 0.149029 0.149029 0.149029 0.149029 0.149029 0.149029 0.149029 0.149029 0.149029 0.14903 0.14903 0.14903 0.14903 0.14903 0.14903 0.14903 0.14903 0.14903 0.14903 0.14903 0.14903 0.14903 0.149029 0.149029 0.149029 0.149029 0.149029 0.149029 0.149029 0.149029 0.149028 0.149028 0.149028 0.149028 0.149028 0.149028 0.149028 0.149028 0.149027 0.149027 0.149027 0.149027 0.149027 0.149027 0.149027 0.149027 0.149027 0.149027 0.149027 0.149027 0.149027 0.149027 0.149027 0.149027 0.149028 
0.0499277 0.0499278 0.0499279 0.0499279 0.049928 0.049928 0.0499281 0.0499282 0.0499283 0.0499283 0.0499284 0.0499285 0.0499285 0.0499286 0.0499287 0.0499287 0.0499288 0.0499288 0.0499289 0.0499289 0.0499289 0.0499289 0.0499289 0.0499289 0.0499289 0.0499289 0.0499289 0.0499289 0.0499289 0.0499288 0.0499288 0.0499287 0.0499287 0.0499286 0.0499285 0.0499285 0.0499284 0.0499283 0.0499283 0.0499282 0.0499281 0.049928 0.049928 0.0499279 0.0499278 0.0499278 0.0499277 0.0499277 0.0499276 0.0499276 0.0499276 0.0499275 0.0499275 0.0499275 0.0499275 0.0499275 0.0499275 0.0499275 0.0499276 0.0499276 0.0499276 0.0499277 
