0.0496138 0.0496138 0.0496138 0.0496138 0.0496138 0.0496138 0.0496138 0.0496138 0.0496138 0.0496138 0.0496139 0.0496139 0.0496139 0.049614 0.049614 0.0496141 0.0496141 0.0496142 0.0496142 0.0496143 0.0496143 0.0496144 0.0496144 0.0496145 0.0496145 0.0496145 0.0496146 0.0496146 0.0496147 0.0496147 0.0496147 0.0496147 0.0496147 0.0496148 0.0496148 0.0496148 0.0496148 0.0496147 0.0496147 0.0496147 0.0496147 0.0496147 0.0496146 0.0496146 0.0496145 0.0496145 0.0496145 0.0496144 0.0496144 0.0496143 0.0496143 0.0496142 0.0496142 0.0496141 0.0496141 0.049614 0.049614 0.0496139 0.0496139 0.0496139 0.0496138 0.0496138 
0.148102 0.148102 0.148102 0.148102 0.148102 0.148102 0.148102 0.148102 0.148102 0.148102 0.148102 0.148102 0.148102 0.148102 0.148102 0.148103 0.148103 0.148103 0.148103 0.148103 0.148103 0.148103 0.148103 0.148103 0.148103 0.148103 0.148103 0.148103 0.148103 0.148103 0.148103 0.148103 0.148103 0.148103 0.148103 0.148103 0.148103 0.148103 0.148103 0.148103 0.148103 0.148103 0.148103 0.148103 0.148103 0.148103 0.148102 0.148102 0.148102 0.148102 0.148102 0.148102 0.148102 0.148102 0.148102 0.148102 0.148102 0.148102 0.148102 0.148102 0.148102 0.148102 
0.244405 0.244405 0.244405 0.244405 0.244406 0.244406 0.244406 0.244406 0.244406 0.244406 0.244406 0.244406 0.244406 0.244406 0.244407 0.244407 0.244407 0.244407 0.244407 0.244407 0.244407 0.244407 0.244407 0.244408 0.244408 0.244408 0.244408 0.244408 0.244408 0.244408 0.244408 0.244408 0.244408 0.244408 0.244408 0.244408 0.244408 0.244408 0.244408 0.244407 0.244407 0.244407 0.244407 0.244407 0.244407 0.244407 0.244407 0.244406 0.244406 0.244406 0.244406 0.244406 0.244406 0.244406 0.244406 0.244406 0.244406 0.244405 0.244405 0.244405 0.244405 0.244405 
0.337186 0.337186 0.337186 0.337186 0.337186 0.337187 0.337187 0.337187 0.337187 0.337187 0.337187 0.337187 0.337187 0.337187 0.337187 0.337188 0.337188 0.337188 0.337188 0.337188 0.337188 0.337188 0.337188 0.337189 0.337189 0.337189 0.337189 0.337189 0.337189 0.337189 0.337189 0.337189 0.337189 0.337189 0.337189 0.337189 0.337189 0.337189 0.337189 0.337189 0.337189 0.337189 0.337189 0.337189 0.337188 0.337188 0.337188 0.337188 0.337188 0.337188 0.337188 0.337187 0.337187 0.337187 0.337187 0.337187 0.337187 0.337187 0.337187 0.337187 0.337186 0.337186 
0.425264 0.425264 0.425264 0.425264 0.425264 0.425264 0.425264 0.425264 0.425265 0.425265 0.425265 0.425265 0.425265 0.425265 0.425265 0.425265 0.425265 0.425265 0.425265 0.425265 0.425265 0.425265 0.425265 0.425265 0.425265 0.425266 0.425266 0.425266 0.425266 0.425266 0.425266 0.425266 0.425266 0.425266 0.425266 0.425266 0.425266 0.425266 0.425266 0.425266 0.425265 0.425265 0.425265 0.425265 0.425265 0.425265 0.425265 0.425265 0.425265 0.425265 0.425265 0.425265 0.425265 0.425265 0.425265 0.425264 0.425264 0.425264 0.425264 0.425264 0.425264 0.425264 
0.507647 0.507647 0.507647 0.507648 0.507648 0.507648 0.507648 0.507648 0.507649 0.507649 0.507649 0.507649 0.507649 0.507649 0.507649 0.507649 0.507649 0.507649 0.507649 0.507649 0.507649 0.507649 0.507649 0.507649 0.507649 0.507649 0.507648 0.507648 0.507648 0.507648 0.507648 0.507647 0.507647 0.507647 0.507647 0.507646 0.507646 0.507646 0.507646 0.507646 0.507645 0.507645 0.507645 0.507645 0.507645 0.507645 0.507645 0.507645 0.507645 0.507645 0.507645 0.507645 0.507645 0.507645 0.507645 0.507645 0.507646 0.507646 0.507646 0.507646 0.507646 0.507647 
0.583539 0.583539 0.58354 0.583541 0.583542 0.583542 0.583543 0.583544 0.583545 0.583545 0.583546 0.583547 0.583547 0.583548 0.583548 0.583549 0.583549 0.583549 0.58355 0.58355 0.58355 0.58355 0.58355 0.583549 0.583549 0.583549 0.583548 0.583548 0.583547 0.583547 0.583546 0.583546 0.583545 0.583544 0.583543 0.583543 0.583542 0.583541 0.58354 0.58354 0.583539 0.583538 0.583538 0.583537 0.583536 0.583536 0.583536 0.583535 0.583535 0.583535 0.583535 0.583535 0.583535 0.583535 0.583535 0.583535 0.583535 0.583536 0.583536 0.583537 0.583537 0.583538 
0.652335 0.652336 0.652337 0.652338 0.65234 0.652341 0.652343 0.652344 0.652346 0.652347 0.652349 0.65235 0.652352 0.652353 0.652355 0.652356 0.652357 0.652358 0.652359 0.65236 0.652361 0.652362 0.652362 0.652363 0.652363 0.652363 0.652363 0.652363 0.652362 0.652362 0.652361 0.65236 0.652359 0.652358 0.652357 0.652356 0.652354 0.652353 0.652351 0.65235 0.652348 0.652347 0.652345 0.652344 0.652342 0.652341 0.652339 0.652338 0.652337 0.652336 0.652335 0.652334 0.652333 0.652333 0.652333 0.652332 0.652332 0.652332 0.652333 0.652333 0.652334 0.652334 
0.713603 0.713603 0.713604 0.713605 0.713606 0.713607 0.713609 0.713611 0.713613 0.713615 0.713617 0.713619 0.713621 0.713624 0.713626 0.713629 0.713631 0.713633 0.713636 0.713638 0.71364 0.713642 0.713644 0.713645 0.713647 0.713648 0.713649 0.71365 0.71365 0.71365 0.71365 0.71365 0.71365 0.713649 0.713648 0.713647 0.713646 0.713644 0.713642 0.71364 0.713638 0.713636 0.713634 0.713632 0.713629 0.713627 0.713624 0.713622 0.71362 0.713617 0.713615 0.713613 0.713611 0.713609 0.713608 0.713606 0.713605 0.713604 0.713603 0.713603 0.713603 0.713603 
0.767048 0.767047 0.767046 0.767046 0.767046 0.767047 0.767047 0.767048 0.76705 0.767051 0.767053 0.767055 0.767058 0.76706 0.767063 0.767066 0.767068 0.767071 0.767074 0.767078 0.767081 0.767084 0.767087 0.767089 0.767092 0.767095 0.767097 0.767099 0.767101 0.767103 0.767104 0.767105 0.767106 0.767107 0.767107 0.767107 0.767106 0.767106 0.767105 0.767103 0.767102 0.7671 0.767098 0.767095 0.767093 0.76709 0.767088 0.767085 0.767082 0.767079 0.767075 0.767072 0.767069 0.767066 0.767064 0.767061 0.767058 0.767056 0.767054 0.767052 0.76705 0.767049 
0.812475 0.812473 0.812472 0.81247 0.812469 0.812468 0.812468 0.812467 0.812467 0.812468 0.812468 0.812469 0.812471 0.812472 0.812474 0.812476 0.812479 0.812481 0.812484 0.812487 0.81249 0.812493 0.812496 0.812499 0.812502 0.812505 0.812508 0.812511 0.812514 0.812516 0.812519 0.812521 0.812523 0.812525 0.812526 0.812527 0.812528 0.812529 0.812529 0.812529 0.812528 0.812528 0.812527 0.812525 0.812524 0.812522 0.81252 0.812517 0.812515 0.812512 0.812509 0.812506 0.812503 0.8125 0.812497 0.812494 0.812491 0.812488 0.812485 0.812482 0.81248 0.812477 
0.849755 0.849753 0.849751 0.84975 0.849748 0.849747 0.849745 0.849744 0.849744 0.849743 0.849743 0.849743 0.849743 0.849743 0.849744 0.849745 0.849746 0.849747 0.849748 0.84975 0.849752 0.849753 0.849755 0.849757 0.84976 0.849762 0.849764 0.849766 0.849769 0.849771 0.849773 0.849775 0.849777 0.849779 0.849781 0.849782 0.849784 0.849785 0.849786 0.849786 0.849787 0.849787 0.849787 0.849787 0.849787 0.849786 0.849786 0.849784 0.849783 0.849782 0.84978 0.849779 0.849777 0.849775 0.849773 0.84977 0.849768 0.849766 0.849764 0.849761 0.849759 0.849757 
0.878803 0.878802 0.878801 0.878801 0.8788 0.8788 0.878799 0.878799 0.878798 0.878798 0.878798 0.878797 0.878797 0.878797 0.878796 0.878796 0.878796 0.878796 0.878796 0.878796 0.878796 0.878797 0.878797 0.878797 0.878798 0.878798 0.878798 0.878799 0.878799 0.8788 0.8788 0.878801 0.878802 0.878802 0.878803 0.878803 0.878804 0.878804 0.878805 0.878805 0.878806 0.878806 0.878806 0.878807 0.878807 0.878807 0.878807 0.878807 0.878807 0.878807 0.878807 0.878807 0.878807 0.878807 0.878806 0.878806 0.878806 0.878805 0.878805 0.878804 0.878804 0.878803 
0.89957 0.899571 0.899573 0.899575 0.899576 0.899577 0.899578 0.899579 0.89958 0.899581 0.899581 0.899582 0.899582 0.899582 0.899582 0.899581 0.899581 0.89958 0.899579 0.899578 0.899577 0.899576 0.899574 0.899573 0.899571 0.89957 0.899568 0.899566 0.899565 0.899563 0.899561 0.899559 0.899558 0.899556 0.899555 0.899553 0.899552 0.899551 0.89955 0.899549 0.899548 0.899548 0.899547 0.899547 0.899547 0.899547 0.899548 0.899548 0.899549 0.89955 0.899551 0.899552 0.899553 0.899555 0.899556 0.899558 0.899559 0.899561 0.899563 0.899565 0.899566 0.899568 
0.912037 0.91204 0.912044 0.912047 0.912051 0.912054 0.912057 0.912059 0.912062 0.912064 0.912065 0.912066 0.912067 0.912068 0.912068 0.912068 0.912067 0.912066 0.912064 0.912063 0.91206 0.912058 0.912055 0.912052 0.912049 0.912046 0.912042 0.912038 0.912035 0.912031 0.912027 0.912023 0.912019 0.912016 0.912012 0.912009 0.912006 0.912003 0.912 0.911998 0.911996 0.911994 0.911993 0.911992 0.911992 0.911992 0.911992 0.911993 0.911994 0.911995 0.911997 0.911999 0.912002 0.912005 0.912008 0.912011 0.912014 0.912018 0.912021 0.912025 0.912029 0.912033 
0.916199 0.916204 0.916208 0.916213 0.916217 0.916221 0.916225 0.916228 0.916231 0.916233 0.916235 0.916236 0.916237 0.916237 0.916237 0.916236 0.916235 0.916233 0.916231 0.916228 0.916225 0.916222 0.916218 0.916213 0.916209 0.916204 0.916199 0.916194 0.916189 0.916184 0.916179 0.916174 0.916169 0.916164 0.916159 0.916155 0.916151 0.916148 0.916144 0.916142 0.916139 0.916137 0.916136 0.916135 0.916135 0.916135 0.916136 0.916137 0.916139 0.916141 0.916144 0.916147 0.916151 0.916155 0.916159 0.916164 0.916168 0.916173 0.916178 0.916183 0.916189 0.916194 
0.912056 0.912061 0.912065 0.912069 0.912073 0.912076 0.912079 0.912081 0.912083 0.912084 0.912084 0.912085 0.912084 0.912083 0.912081 0.912079 0.912077 0.912074 0.91207 0.912066 0.912062 0.912057 0.912052 0.912047 0.912042 0.912036 0.912031 0.912025 0.91202 0.912014 0.912009 0.912004 0.912 0.911995 0.911991 0.911987 0.911984 0.911982 0.911979 0.911978 0.911976 0.911976 0.911976 0.911976 0.911977 0.911979 0.911981 0.911984 0.911987 0.91199 0.911994 0.911999 0.912003 0.912008 0.912014 0.912019 0.912024 0.91203 0.912035 0.912041 0.912046 0.912051 
0.899608 0.89961 0.899613 0.899615 0.899616 0.899617 0.899617 0.899617 0.899616 0.899615 0.899613 0.899611 0.899608 0.899605 0.899601 0.899597 0.899593 0.899588 0.899584 0.899579 0.899573 0.899568 0.899563 0.899558 0.899553 0.899548 0.899543 0.899538 0.899534 0.89953 0.899526 0.899523 0.89952 0.899518 0.899516 0.899514 0.899514 0.899513 0.899514 0.899514 0.899516 0.899517 0.89952 0.899523 0.899526 0.899529 0.899533 0.899538 0.899542 0.899547 0.899552 0.899557 0.899562 0.899568 0.899573 0.899578 0.899583 0.899588 0.899593 0.899597 0.899601 0.899604 
0.878854 0.878853 0.878852 0.878851 0.878849 0.878847 0.878844 0.878841 0.878837 0.878833 0.878829 0.878824 0.878819 0.878814 0.878809 0.878804 0.878799 0.878794 0.878789 0.878784 0.878779 0.878775 0.878771 0.878767 0.878763 0.87876 0.878758 0.878755 0.878754 0.878753 0.878752 0.878752 0.878752 0.878753 0.878755 0.878756 0.878759 0.878762 0.878765 0.878769 0.878773 0.878777 0.878781 0.878786 0.878791 0.878796 0.878801 0.878807 0.878812 0.878817 0.878822 0.878826 0.878831 0.878835 0.878839 0.878842 0.878845 0.878848 0.87885 0.878852 0.878853 0.878853 
0.849807 0.849804 0.8498 0.849795 0.849791 0.849786 0.849781 0.849775 0.84977 0.849765 0.849759 0.849754 0.849749 0.849744 0.849739 0.849734 0.84973 0.849726 0.849723 0.84972 0.849718 0.849716 0.849714 0.849713 0.849713 0.849713 0.849714 0.849715 0.849717 0.849719 0.849722 0.849725 0.849729 0.849733 0.849737 0.849742 0.849747 0.849752 0.849757 0.849762 0.849768 0.849773 0.849779 0.849784 0.849789 0.849794 0.849798 0.849802 0.849806 0.849809 0.849812 0.849815 0.849817 0.849818 0.849819 0.84982 0.849819 0.849819 0.849817 0.849816 0.849813 0.849811 
0.812514 0.812508 0.812503 0.812497 0.812492 0.812486 0.812481 0.812476 0.812471 0.812467 0.812462 0.812459 0.812455 0.812452 0.81245 0.812448 0.812446 0.812445 0.812445 0.812445 0.812446 0.812447 0.812449 0.812451 0.812454 0.812458 0.812461 0.812465 0.81247 0.812475 0.81248 0.812485 0.81249 0.812496 0.812501 0.812507 0.812512 0.812517 0.812523 0.812527 0.812532 0.812536 0.81254 0.812543 0.812546 0.812549 0.812551 0.812552 0.812553 0.812554 0.812553 0.812553 0.812551 0.812549 0.812547 0.812544 0.812541 0.812537 0.812533 0.812528 0.812524 0.812519 
0.767062 0.767058 0.767053 0.767049 0.767045 0.767041 0.767038 0.767035 0.767033 0.767031 0.76703 0.767029 0.767028 0.767028 0.767029 0.76703 0.767031 0.767033 0.767036 0.767039 0.767042 0.767046 0.76705 0.767054 0.767059 0.767063 0.767068 0.767073 0.767078 0.767083 0.767088 0.767093 0.767098 0.767102 0.767107 0.767111 0.767114 0.767117 0.76712 0.767123 0.767125 0.767126 0.767127 0.767127 0.767127 0.767127 0.767126 0.767124 0.767122 0.76712 0.767117 0.767113 0.76711 0.767106 0.767101 0.767097 0.767092 0.767087 0.767082 0.767077 0.767072 0.767067 
0.713597 0.713594 0.713592 0.713591 0.713589 0.713589 0.713588 0.713588 0.713588 0.713589 0.71359 0.713592 0.713594 0.713596 0.713598 0.713601 0.713604 0.713608 0.713611 0.713615 0.713619 0.713623 0.713627 0.713631 0.713635 0.713639 0.713643 0.713646 0.71365 0.713653 0.713656 0.713659 0.713661 0.713663 0.713665 0.713666 0.713667 0.713667 0.713668 0.713667 0.713666 0.713665 0.713664 0.713662 0.71366 0.713657 0.713654 0.713651 0.713648 0.713644 0.71364 0.713636 0.713632 0.713628 0.713624 0.71362 0.713616 0.713613 0.713609 0.713606 0.713602 0.713599 
0.652321 0.652321 0.652321 0.652322 0.652323 0.652324 0.652325 0.652326 0.652328 0.65233 0.652332 0.652334 0.652337 0.652339 0.652342 0.652345 0.652348 0.65235 0.652353 0.652356 0.652359 0.652361 0.652364 0.652366 0.652368 0.65237 0.652372 0.652373 0.652374 0.652375 0.652376 0.652376 0.652376 0.652376 0.652376 0.652375 0.652374 0.652373 0.652371 0.652369 0.652367 0.652365 0.652363 0.65236 0.652358 0.652355 0.652352 0.65235 0.652347 0.652344 0.652341 0.652339 0.652336 0.652334 0.652332 0.652329 0.652328 0.652326 0.652324 0.652323 0.652322 0.652322 
0.583529 0.58353 0.583531 0.583532 0.583533 0.583535 0.583536 0.583538 0.583539 0.583541 0.583542 0.583544 0.583546 0.583547 0.583549 0.58355 0.583552 0.583553 0.583554 0.583555 0.583556 0.583557 0.583558 0.583559 0.583559 0.583559 0.583559 0.583559 0.583559 0.583559 0.583558 0.583557 0.583556 0.583555 0.583554 0.583553 0.583552 0.58355 0.583549 0.583547 0.583545 0.583544 0.583542 0.583541 0.583539 0.583537 0.583536 0.583535 0.583533 0.583532 0.583531 0.58353 0.583529 0.583528 0.583528 0.583527 0.583527 0.583527 0.583527 0.583527 0.583528 0.583528 
0.507645 0.507645 0.507646 0.507647 0.507647 0.507648 0.507649 0.50765 0.50765 0.507651 0.507652 0.507652 0.507653 0.507654 0.507654 0.507654 0.507655 0.507655 0.507655 0.507655 0.507655 0.507655 0.507655 0.507655 0.507655 0.507655 0.507654 0.507654 0.507653 0.507653 0.507652 0.507651 0.507651 0.50765 0.507649 0.507648 0.507648 0.507647 0.507646 0.507645 0.507645 0.507644 0.507643 0.507643 0.507642 0.507642 0.507641 0.507641 0.507641 0.507641 0.50764 0.50764 0.50764 0.507641 0.507641 0.507641 0.507641 0.507642 0.507642 0.507643 0.507643 0.507644 
0.425266 0.425266 0.425266 0.425267 0.425267 0.425267 0.425267 0.425267 0.425267 0.425268 0.425268 0.425268 0.425268 0.425268 0.425268 0.425268 0.425268 0.425268 0.425268 0.425268 0.425267 0.425267 0.425267 0.425267 0.425267 0.425267 0.425266 0.425266 0.425266 0.425266 0.425266 0.425265 0.425265 0.425265 0.425265 0.425264 0.425264 0.425264 0.425264 0.425264 0.425264 0.425264 0.425264 0.425264 0.425263 0.425263 0.425263 0.425264 0.425264 0.425264 0.425264 0.425264 0.425264 0.425264 0.425264 0.425265 0.425265 0.425265 0.425265 0.425265 0.425266 0.425266 
0.337188 0.337188 0.337188 0.337188 0.337188 0.337188 0.337188 0.337188 0.337188 0.337188 0.337188 0.337188 0.337188 0.337188 0.337188 0.337188 0.337188 0.337188 0.337188 0.337188 0.337188 0.337188 0.337188 0.337188 0.337188 0.337188 0.337188 0.337188 0.337188 0.337188 0.337188 0.337188 0.337188 0.337189 0.337189 0.337189 0.337189 0.337189 0.337189 0.337189 0.337189 0.337189 0.337189 0.337189 0.337189 0.337189 0.337189 0.337189 0.337189 0.337189 0.337189 0.337189 0.337189 0.337189 0.337188 0.337188 0.337188 0.337188 0.337188 0.337188 0.337188 0.337188 
0.244406 0.244406 0.244406 0.244406 0.244406 0.244406 0.244406 0.244406 0.244406 0.244406 0.244406 0.244406 0.244406 0.244406 0.244406 0.244406 0.244406 0.244407 0.244407 0.244407 0.244407 0.244407 0.244407 0.244407 0.244407 0.244408 0.244408 0.244408 0.244408 0.244408 0.244408 0.244408 0.244408 0.244408 0.244408 0.244408 0.244408 0.244408 0.244408 0.244408 0.244408 0.244408 0.244408 0.244408 0.244408 0.244408 0.244408 0.244408 0.244407 0.244407 0.244407 0.244407 0.244407 0.244407 0.244407 0.244407 0.244406 0.244406 0.244406 0.244406 0.244406 0.244406 
0.148102 0.148102 0.148102 0.148102 0.148102 0.148102 0.148102 0.148102 0.148102 0.148102 0.148102 0.148102 0.148102 0.148102 0.148102 0.148102 0.148103 0.148103 0.148103 0.148103 0.148103 0.148103 0.148103 0.148103 0.148103 0.148103 0.148104 0.148104 0.148104 0.148104 0.148104 0.148104 0.148104 0.148104 0.148104 0.148104 0.148104 0.148104 0.148104 0.148104 0.148104 0.148104 0.148103 0.148103 0.148103 0.148103 0.148103 0.148103 0.148103 0.148103 0.148103 0.148102 0.148102 0.148102 0.148102 0.148102 0.148102 0.148102 0.148102 0.148102 0.148102 0.148102 
0.0496138 0.0496137 0.0496137 0.0496137 0.0496137 0.0496137 0.0496137 0.0496138 0.0496138 0.0496138 0.0496138 0.0496139 0.0496139 0.049614 0.049614 0.0496141 0.0496141 0.0496142 0.0496143 0.0496143 0.0496144 0.0496144 0.0496145 0.0496146 0.0496146 0.0496147 0.0496147 0.0496148 0.0496148 0.0496148 0.0496149 0.0496149 0.0496149 0.0496149 0.0496149 0.0496149 0.0496149 0.0496149 0.0496149 0.0496149 0.0496149 0.0496148 0.0496148 0.0496147 0.0496147 0.0496146 0.0496146 0.0496145 0.0496145 0.0496144 0.0496143 0.0496143 0.0496142 0.0496142 0.0496141 0.049614 0.049614 0.0496139 0.0496139 0.0496138 0.0496138 0.0496138 
