0.060015 0.0600122 0.0600088 0.0600048 0.0600003 0.0599953 0.05999 0.0599843 0.0599783 0.0599721 0.0599656 0.0599591 0.0599525 0.0599459 0.0599394 0.0599331 0.059927 0.0599211 0.0599156 0.0599105 0.0599058 0.0599016 0.059898 0.0598949 0.0598925 0.0598907 0.0598895 0.059889 0.0598891 0.0598899 0.0598914 0.0598935 0.0598963 0.0598996 0.0599035 0.0599079 0.0599128 0.0599181 0.0599237 0.0599297 0.059936 0.0599424 0.0599489 0.0599555 0.0599621 0.0599685 0.0599749 0.059981 0.0599869 0.0599924 0.0599975 0.0600021 0.0600063 0.06001 0.060013 0.0600155 0.0600173 0.0600186 0.0600191 0.0600191 0.0600184 0.060017 
0.177591 0.177587 0.17758 0.177572 0.177562 0.177551 0.177538 0.177524 0.177508 0.177492 0.177475 0.177457 0.177439 0.17742 0.177402 0.177383 0.177365 0.177347 0.17733 0.177313 0.177298 0.177284 0.177271 0.177259 0.177249 0.177241 0.177234 0.177229 0.177226 0.177225 0.177226 0.177229 0.177233 0.17724 0.177248 0.177257 0.177269 0.177281 0.177295 0.177311 0.177327 0.177344 0.177362 0.17738 0.177398 0.177417 0.177436 0.177454 0.177472 0.177489 0.177505 0.177521 0.177535 0.177548 0.177559 0.177569 0.177578 0.177584 0.177589 0.177592 0.177594 0.177593 
0.289121 0.289125 0.289126 0.289125 0.28912 0.289114 0.289104 0.289093 0.289079 0.289062 0.289044 0.289024 0.289003 0.28898 0.288956 0.288931 0.288906 0.28888 0.288854 0.288828 0.288803 0.288778 0.288754 0.288732 0.288711 0.288691 0.288673 0.288658 0.288644 0.288633 0.288624 0.288618 0.288614 0.288613 0.288615 0.288619 0.288626 0.288635 0.288647 0.288661 0.288677 0.288695 0.288715 0.288736 0.288759 0.288783 0.288808 0.288833 0.288859 0.288885 0.28891 0.288936 0.28896 0.288984 0.289007 0.289028 0.289047 0.289065 0.28908 0.289094 0.289105 0.289114 
0.392953 0.39297 0.392984 0.392995 0.393004 0.393009 0.393011 0.393011 0.393007 0.393 0.39299 0.392977 0.392961 0.392943 0.392923 0.3929 0.392875 0.392849 0.392821 0.392792 0.392762 0.392732 0.392702 0.392671 0.392641 0.392612 0.392583 0.392556 0.392531 0.392508 0.392486 0.392467 0.39245 0.392436 0.392425 0.392417 0.392412 0.39241 0.392411 0.392415 0.392422 0.392432 0.392445 0.392461 0.392479 0.392499 0.392522 0.392547 0.392573 0.392601 0.39263 0.392659 0.392689 0.39272 0.39275 0.39278 0.392809 0.392837 0.392864 0.392889 0.392913 0.392934 
0.488564 0.488592 0.488618 0.488641 0.488663 0.488681 0.488697 0.48871 0.488719 0.488726 0.488728 0.488728 0.488724 0.488716 0.488706 0.488692 0.488675 0.488655 0.488633 0.488608 0.488581 0.488553 0.488522 0.48849 0.488458 0.488424 0.488391 0.488357 0.488324 0.488292 0.488261 0.488231 0.488203 0.488177 0.488153 0.488132 0.488114 0.488098 0.488086 0.488076 0.48807 0.488068 0.488069 0.488073 0.48808 0.488091 0.488105 0.488122 0.488142 0.488164 0.488189 0.488216 0.488245 0.488275 0.488307 0.488339 0.488372 0.488406 0.488439 0.488472 0.488504 0.488534 
0.575845 0.575878 0.575911 0.575943 0.575974 0.576003 0.576029 0.576054 0.576075 0.576094 0.57611 0.576122 0.576131 0.576137 0.576139 0.576138 0.576133 0.576124 0.576112 0.576097 0.576079 0.576058 0.576034 0.576008 0.575979 0.575949 0.575917 0.575884 0.575849 0.575815 0.57578 0.575745 0.575711 0.575677 0.575645 0.575615 0.575586 0.57556 0.575536 0.575514 0.575496 0.57548 0.575468 0.575459 0.575454 0.575452 0.575454 0.575459 0.575468 0.57548 0.575495 0.575513 0.575534 0.575558 0.575585 0.575613 0.575643 0.575675 0.575708 0.575742 0.575776 0.575811 
0.654802 0.654835 0.654869 0.654903 0.654936 0.65497 0.655002 0.655033 0.655062 0.655089 0.655114 0.655137 0.655157 0.655174 0.655188 0.655199 0.655206 0.65521 0.655211 0.655208 0.655202 0.655192 0.655179 0.655163 0.655144 0.655122 0.655098 0.655071 0.655042 0.655011 0.654979 0.654946 0.654912 0.654878 0.654844 0.65481 0.654777 0.654745 0.654714 0.654685 0.654657 0.654632 0.65461 0.65459 0.654573 0.65456 0.654549 0.654542 0.654538 0.654538 0.654541 0.654548 0.654558 0.654571 0.654587 0.654606 0.654628 0.654653 0.654679 0.654708 0.654738 0.654769 
0.725459 0.725486 0.725514 0.725544 0.725574 0.725606 0.725637 0.725669 0.725699 0.72573 0.725759 0.725787 0.725813 0.725838 0.72586 0.72588 0.725897 0.725912 0.725924 0.725933 0.725938 0.725941 0.72594 0.725936 0.725929 0.725919 0.725906 0.72589 0.725871 0.72585 0.725826 0.7258 0.725773 0.725744 0.725714 0.725683 0.725652 0.72562 0.725589 0.725558 0.725528 0.725498 0.72547 0.725444 0.72542 0.725398 0.725378 0.725361 0.725346 0.725335 0.725326 0.725321 0.725319 0.72532 0.725324 0.725331 0.725342 0.725355 0.725371 0.72539 0.725411 0.725434 
0.787835 0.787851 0.78787 0.78789 0.787912 0.787936 0.787961 0.787987 0.788014 0.788041 0.788068 0.788096 0.788123 0.788149 0.788174 0.788199 0.788222 0.788243 0.788262 0.78828 0.788295 0.788308 0.788318 0.788326 0.78833 0.788333 0.788332 0.788329 0.788322 0.788313 0.788301 0.788287 0.788271 0.788252 0.788231 0.788209 0.788185 0.78816 0.788134 0.788107 0.788079 0.788052 0.788024 0.787997 0.787971 0.787945 0.787921 0.787898 0.787877 0.787858 0.787841 0.787826 0.787813 0.787803 0.787796 0.787791 0.78779 0.78779 0.787794 0.787801 0.78781 0.787821 
0.841937 0.84194 0.841946 0.841954 0.841964 0.841976 0.84199 0.842006 0.842024 0.842043 0.842064 0.842085 0.842108 0.842131 0.842154 0.842177 0.842201 0.842224 0.842246 0.842268 0.842289 0.842308 0.842326 0.842343 0.842357 0.84237 0.842381 0.842389 0.842396 0.842399 0.842401 0.8424 0.842396 0.84239 0.842382 0.842372 0.842359 0.842345 0.842329 0.842311 0.842291 0.842271 0.842249 0.842227 0.842204 0.84218 0.842157 0.842133 0.84211 0.842088 0.842066 0.842045 0.842026 0.842008 0.841992 0.841977 0.841965 0.841955 0.841946 0.84194 0.841937 0.841936 
0.88776 0.88775 0.887743 0.887737 0.887734 0.887733 0.887734 0.887738 0.887743 0.887751 0.887761 0.887773 0.887786 0.887801 0.887818 0.887836 0.887855 0.887876 0.887897 0.887918 0.88794 0.887962 0.887984 0.888006 0.888027 0.888047 0.888066 0.888085 0.888102 0.888117 0.88813 0.888142 0.888152 0.888159 0.888165 0.888168 0.888169 0.888167 0.888164 0.888158 0.88815 0.88814 0.888129 0.888115 0.8881 0.888083 0.888064 0.888045 0.888025 0.888003 0.887982 0.88796 0.887938 0.887916 0.887894 0.887873 0.887853 0.887834 0.887816 0.887799 0.887784 0.887771 
0.92529 0.925269 0.925249 0.925231 0.925215 0.925201 0.925189 0.925179 0.925172 0.925167 0.925164 0.925164 0.925167 0.925172 0.925179 0.925189 0.925201 0.925215 0.925231 0.925249 0.925269 0.92529 0.925312 0.925336 0.92536 0.925384 0.925409 0.925434 0.925459 0.925483 0.925507 0.925529 0.92555 0.92557 0.925588 0.925604 0.925618 0.92563 0.92564 0.925648 0.925652 0.925655 0.925655 0.925652 0.925647 0.925639 0.92563 0.925617 0.925603 0.925587 0.925569 0.925549 0.925528 0.925505 0.925482 0.925458 0.925433 0.925408 0.925383 0.925359 0.925335 0.925312 
0.954509 0.954479 0.954449 0.954421 0.954394 0.954368 0.954345 0.954323 0.954303 0.954286 0.954272 0.95426 0.954251 0.954246 0.954243 0.954244 0.954247 0.954254 0.954263 0.954276 0.954291 0.954309 0.954329 0.954351 0.954376 0.954402 0.954429 0.954458 0.954488 0.954518 0.954549 0.95458 0.95461 0.954639 0.954668 0.954695 0.954721 0.954745 0.954766 0.954786 0.954803 0.954817 0.954829 0.954837 0.954843 0.954846 0.954845 0.954841 0.954835 0.954825 0.954812 0.954797 0.954779 0.954759 0.954736 0.954712 0.954685 0.954658 0.954629 0.954599 0.954569 0.954539 
0.975397 0.97536 0.975324 0.975288 0.975253 0.975218 0.975186 0.975154 0.975125 0.975098 0.975074 0.975053 0.975035 0.97502 0.975008 0.975 0.974996 0.974996 0.974999 0.975005 0.975016 0.97503 0.975047 0.975067 0.97509 0.975116 0.975145 0.975175 0.975208 0.975242 0.975277 0.975313 0.97535 0.975386 0.975422 0.975458 0.975492 0.975525 0.975557 0.975586 0.975612 0.975637 0.975658 0.975676 0.975691 0.975702 0.97571 0.975714 0.975714 0.975711 0.975704 0.975694 0.97568 0.975663 0.975642 0.975619 0.975593 0.975564 0.975533 0.975501 0.975467 0.975432 
0.987937 0.987897 0.987857 0.987817 0.987776 0.987736 0.987698 0.98766 0.987625 0.987592 0.987561 0.987534 0.987509 0.987488 0.98747 0.987457 0.987447 0.987441 0.98744 0.987442 0.987449 0.98746 0.987474 0.987492 0.987514 0.98754 0.987568 0.987599 0.987633 0.987669 0.987707 0.987746 0.987786 0.987826 0.987867 0.987908 0.987948 0.987987 0.988024 0.988059 0.988092 0.988123 0.988151 0.988175 0.988196 0.988213 0.988227 0.988236 0.988242 0.988243 0.988241 0.988234 0.988223 0.988209 0.98819 0.988168 0.988143 0.988114 0.988083 0.988049 0.988013 0.987976 
0.99212 0.992079 0.992037 0.991995 0.991952 0.991911 0.99187 0.991831 0.991793 0.991758 0.991725 0.991695 0.991668 0.991644 0.991625 0.991609 0.991597 0.99159 0.991586 0.991587 0.991592 0.991602 0.991616 0.991633 0.991655 0.99168 0.991708 0.991739 0.991773 0.99181 0.991848 0.991888 0.99193 0.991972 0.992014 0.992057 0.992099 0.992139 0.992179 0.992216 0.992252 0.992285 0.992314 0.992341 0.992364 0.992384 0.9924 0.992411 0.992419 0.992422 0.992421 0.992415 0.992406 0.992392 0.992374 0.992353 0.992328 0.992299 0.992268 0.992234 0.992198 0.992159 
0.98794 0.9879 0.987859 0.987818 0.987777 0.987737 0.987698 0.987661 0.987625 0.987592 0.987561 0.987533 0.987508 0.987487 0.987469 0.987455 0.987445 0.987439 0.987438 0.98744 0.987447 0.987457 0.987472 0.98749 0.987512 0.987538 0.987566 0.987598 0.987631 0.987667 0.987705 0.987745 0.987785 0.987826 0.987867 0.987908 0.987948 0.987987 0.988025 0.988061 0.988094 0.988125 0.988153 0.988177 0.988198 0.988216 0.98823 0.988239 0.988245 0.988247 0.988244 0.988237 0.988227 0.988212 0.988193 0.988171 0.988146 0.988117 0.988086 0.988052 0.988016 0.987979 
0.9754 0.975364 0.975327 0.97529 0.975254 0.975219 0.975186 0.975154 0.975124 0.975097 0.975072 0.97505 0.975032 0.975016 0.975004 0.974996 0.974992 0.974991 0.974994 0.975 0.975011 0.975025 0.975042 0.975062 0.975086 0.975112 0.975141 0.975172 0.975205 0.97524 0.975275 0.975312 0.975349 0.975386 0.975423 0.975459 0.975494 0.975528 0.97556 0.975589 0.975616 0.975641 0.975663 0.975681 0.975696 0.975708 0.975716 0.975721 0.975721 0.975718 0.975711 0.975701 0.975687 0.975669 0.975649 0.975625 0.975599 0.97557 0.975539 0.975506 0.975472 0.975436 
0.954512 0.954481 0.954451 0.954421 0.954393 0.954367 0.954342 0.954319 0.954299 0.954281 0.954266 0.954254 0.954244 0.954238 0.954235 0.954235 0.954239 0.954245 0.954255 0.954267 0.954283 0.954301 0.954322 0.954345 0.95437 0.954397 0.954425 0.954455 0.954485 0.954516 0.954548 0.95458 0.954611 0.954641 0.954671 0.954699 0.954726 0.95475 0.954773 0.954793 0.954811 0.954826 0.954838 0.954847 0.954853 0.954856 0.954856 0.954852 0.954846 0.954836 0.954823 0.954808 0.954789 0.954769 0.954746 0.954721 0.954694 0.954665 0.954636 0.954605 0.954574 0.954543 
0.92529 0.925268 0.925247 0.925227 0.92521 0.925194 0.925181 0.92517 0.925162 0.925156 0.925153 0.925152 0.925154 0.925159 0.925166 0.925176 0.925188 0.925203 0.925219 0.925238 0.925258 0.92528 0.925304 0.925328 0.925353 0.925379 0.925405 0.925432 0.925458 0.925484 0.925509 0.925533 0.925555 0.925576 0.925596 0.925613 0.925629 0.925642 0.925653 0.925661 0.925667 0.92567 0.92567 0.925668 0.925663 0.925656 0.925646 0.925634 0.925619 0.925602 0.925583 0.925563 0.925541 0.925518 0.925493 0.925468 0.925442 0.925416 0.92539 0.925364 0.925338 0.925314 
0.887754 0.887742 0.887733 0.887726 0.887721 0.887719 0.887719 0.887721 0.887726 0.887733 0.887742 0.887753 0.887767 0.887782 0.887799 0.887818 0.887838 0.887859 0.887882 0.887904 0.887928 0.887952 0.887975 0.887999 0.888022 0.888044 0.888066 0.888086 0.888105 0.888122 0.888138 0.888152 0.888163 0.888172 0.888179 0.888184 0.888186 0.888186 0.888184 0.888179 0.888172 0.888162 0.888151 0.888137 0.888122 0.888105 0.888086 0.888066 0.888044 0.888022 0.887999 0.887976 0.887952 0.887928 0.887905 0.887882 0.88786 0.887839 0.887818 0.8878 0.887783 0.887767 
0.841922 0.841923 0.841927 0.841933 0.841942 0.841953 0.841966 0.841981 0.841998 0.842017 0.842038 0.84206 0.842083 0.842107 0.842131 0.842156 0.842181 0.842206 0.842231 0.842255 0.842278 0.8423 0.84232 0.84234 0.842357 0.842372 0.842386 0.842397 0.842406 0.842413 0.842416 0.842418 0.842416 0.842412 0.842406 0.842397 0.842386 0.842372 0.842357 0.84234 0.842321 0.8423 0.842278 0.842255 0.842231 0.842206 0.842181 0.842156 0.842131 0.842107 0.842083 0.84206 0.842038 0.842017 0.841999 0.841981 0.841966 0.841953 0.841942 0.841933 0.841927 0.841923 
0.787809 0.787823 0.78784 0.787859 0.78788 0.787903 0.787928 0.787954 0.787981 0.788009 0.788037 0.788066 0.788095 0.788123 0.788151 0.788178 0.788203 0.788228 0.78825 0.788271 0.788289 0.788305 0.788319 0.78833 0.788338 0.788344 0.788347 0.788346 0.788343 0.788337 0.788327 0.788315 0.788301 0.788284 0.788265 0.788243 0.78822 0.788195 0.788169 0.788142 0.788114 0.788086 0.788057 0.788028 0.788 0.787972 0.787945 0.78792 0.787896 0.787873 0.787853 0.787834 0.787819 0.787805 0.787794 0.787786 0.787781 0.787779 0.787779 0.787782 0.787789 0.787798 
0.725423 0.725448 0.725476 0.725505 0.725535 0.725567 0.725599 0.725632 0.725664 0.725696 0.725728 0.725758 0.725787 0.725815 0.725841 0.725864 0.725885 0.725904 0.72592 0.725933 0.725942 0.725949 0.725952 0.725952 0.725949 0.725942 0.725932 0.725919 0.725903 0.725884 0.725862 0.725838 0.725812 0.725784 0.725755 0.725724 0.725693 0.72566 0.725628 0.725595 0.725563 0.725532 0.725501 0.725472 0.725445 0.725419 0.725396 0.725375 0.725357 0.725341 0.725329 0.725319 0.725313 0.72531 0.72531 0.725314 0.725321 0.725331 0.725344 0.72536 0.725378 0.725399 
0.654759 0.654792 0.654826 0.654861 0.654896 0.65493 0.654965 0.654998 0.65503 0.65506 0.655089 0.655115 0.655139 0.65516 0.655179 0.655194 0.655206 0.655214 0.655219 0.655221 0.655219 0.655213 0.655204 0.655192 0.655176 0.655157 0.655135 0.65511 0.655083 0.655054 0.655023 0.65499 0.654957 0.654922 0.654887 0.654852 0.654818 0.654783 0.65475 0.654718 0.654688 0.654659 0.654633 0.65461 0.654589 0.654571 0.654556 0.654544 0.654536 0.654531 0.65453 0.654532 0.654538 0.654547 0.65456 0.654576 0.654595 0.654617 0.654641 0.654668 0.654697 0.654727 
0.575801 0.575836 0.575871 0.575906 0.575939 0.57597 0.576 0.576028 0.576054 0.576077 0.576097 0.576114 0.576127 0.576138 0.576144 0.576147 0.576147 0.576143 0.576135 0.576124 0.576109 0.576092 0.576071 0.576047 0.576021 0.575992 0.575961 0.575929 0.575895 0.57586 0.575825 0.575789 0.575754 0.575719 0.575684 0.575651 0.57562 0.57559 0.575562 0.575537 0.575514 0.575494 0.575478 0.575464 0.575454 0.575448 0.575445 0.575446 0.57545 0.575458 0.575469 0.575484 0.575502 0.575523 0.575546 0.575572 0.575601 0.575631 0.575664 0.575697 0.575731 0.575766 
0.488528 0.488559 0.488588 0.488616 0.488641 0.488664 0.488684 0.488701 0.488715 0.488725 0.488733 0.488737 0.488737 0.488734 0.488727 0.488717 0.488704 0.488688 0.488668 0.488646 0.488622 0.488595 0.488565 0.488535 0.488502 0.488469 0.488435 0.488401 0.488366 0.488332 0.488299 0.488267 0.488236 0.488207 0.488179 0.488154 0.488132 0.488112 0.488095 0.488082 0.488071 0.488064 0.48806 0.48806 0.488064 0.48807 0.48808 0.488094 0.48811 0.48813 0.488152 0.488176 0.488203 0.488232 0.488263 0.488295 0.488328 0.488362 0.488396 0.48843 0.488464 0.488497 
0.392934 0.392955 0.392973 0.392988 0.393001 0.393011 0.393017 0.393021 0.393021 0.393018 0.393011 0.393002 0.39299 0.392975 0.392957 0.392936 0.392914 0.392889 0.392862 0.392834 0.392804 0.392774 0.392743 0.392711 0.39268 0.392649 0.392618 0.392589 0.39256 0.392534 0.392509 0.392486 0.392466 0.392448 0.392432 0.39242 0.392411 0.392404 0.392401 0.392401 0.392404 0.392411 0.39242 0.392432 0.392448 0.392466 0.392486 0.392509 0.392534 0.39256 0.392588 0.392618 0.392648 0.392679 0.39271 0.392742 0.392772 0.392803 0.392832 0.39286 0.392887 0.392912 
0.289122 0.289129 0.289134 0.289137 0.289136 0.289133 0.289126 0.289117 0.289106 0.289092 0.289076 0.289058 0.289038 0.289016 0.288993 0.288968 0.288943 0.288916 0.288889 0.288862 0.288835 0.288809 0.288783 0.288758 0.288734 0.288711 0.28869 0.288671 0.288654 0.288639 0.288627 0.288617 0.28861 0.288605 0.288603 0.288604 0.288607 0.288613 0.288622 0.288633 0.288647 0.288663 0.288681 0.288701 0.288723 0.288746 0.288771 0.288797 0.288823 0.28885 0.288877 0.288903 0.28893 0.288956 0.288981 0.289005 0.289027 0.289048 0.289067 0.289084 0.289099 0.289112 
0.177605 0.177603 0.177599 0.177592 0.177584 0.177574 0.177563 0.177549 0.177535 0.177519 0.177502 0.177484 0.177466 0.177447 0.177427 0.177407 0.177387 0.177368 0.177349 0.17733 0.177313 0.177296 0.177281 0.177266 0.177254 0.177243 0.177233 0.177226 0.17722 0.177216 0.177215 0.177215 0.177217 0.177221 0.177227 0.177235 0.177245 0.177257 0.17727 0.177284 0.1773 0.177317 0.177335 0.177353 0.177372 0.177392 0.177412 0.177431 0.177451 0.17747 0.177488 0.177506 0.177522 0.177538 0.177552 0.177565 0.177576 0.177585 0.177593 0.177599 0.177603 0.177605 
0.0600241 0.0600217 0.0600186 0.0600148 0.0600104 0.0600054 0.0599999 0.0599941 0.0599878 0.0599811 0.0599742 0.0599671 0.0599599 0.0599526 0.0599453 0.0599381 0.059931 0.0599242 0.0599177 0.0599116 0.0599059 0.0599007 0.0598961 0.059892 0.0598886 0.0598859 0.0598838 0.0598825 0.0598819 0.0598821 0.059883 0.0598846 0.0598869 0.0598899 0.0598936 0.0598979 0.0599028 0.0599082 0.059914 0.0599203 0.0599269 0.0599338 0.0599409 0.0599481 0.0599554 0.0599627 0.0599699 0.0599769 0.0599837 0.0599902 0.0599963 0.060002 0.0600072 0.0600118 0.0600159 0.0600193 0.060022 0.0600242 0.0600255 0.0600262 0.0600262 0.0600256 
