0.0490059 0.0490059 0.0490059 0.0490059 0.0490059 0.0490058 0.0490058 0.0490058 0.0490057 0.0490057 0.0490057 0.0490056 0.0490056 0.0490055 0.0490055 0.0490054 0.0490054 0.0490053 0.0490053 0.0490053 0.0490052 0.0490052 0.0490052 0.0490051 0.0490051 0.0490051 0.0490051 0.0490051 0.0490051 0.0490051 0.0490051 0.0490051 0.0490051 0.0490051 0.0490052 0.0490052 0.0490052 0.0490052 0.0490053 0.0490053 0.0490054 0.0490054 0.0490054 0.0490055 0.0490055 0.0490056 0.0490056 0.0490057 0.0490057 0.0490058 0.0490058 0.0490058 0.0490059 0.0490059 0.0490059 0.0490059 0.049006 0.049006 0.049006 0.049006 0.049006 0.049006 
0.146306 0.146306 0.146306 0.146306 0.146306 0.146306 0.146306 0.146306 0.146305 0.146305 0.146305 0.146305 0.146305 0.146305 0.146305 0.146305 0.146305 0.146305 0.146305 0.146305 0.146305 0.146305 0.146305 0.146305 0.146305 0.146305 0.146305 0.146305 0.146305 0.146305 0.146305 0.146305 0.146305 0.146305 0.146305 0.146305 0.146305 0.146305 0.146305 0.146305 0.146305 0.146305 0.146305 0.146306 0.146306 0.146306 0.146306 0.146306 0.146306 0.146306 0.146306 0.146306 0.146306 0.146306 0.146306 0.146306 0.146306 0.146306 0.146306 0.146306 0.146306 0.146306 
0.241505 0.241505 0.241505 0.241505 0.241504 0.241504 0.241504 0.241504 0.241504 0.241504 0.241504 0.241504 0.241504 0.241504 0.241504 0.241504 0.241504 0.241503 0.241503 0.241503 0.241503 0.241503 0.241503 0.241503 0.241503 0.241503 0.241503 0.241503 0.241503 0.241503 0.241503 0.241503 0.241504 0.241504 0.241504 0.241504 0.241504 0.241504 0.241504 0.241504 0.241504 0.241504 0.241504 0.241504 0.241505 0.241505 0.241505 0.241505 0.241505 0.241505 0.241505 0.241505 0.241505 0.241505 0.241505 0.241505 0.241505 0.241505 0.241505 0.241505 0.241505 0.241505 
0.333306 0.333306 0.333306 0.333306 0.333306 0.333306 0.333306 0.333306 0.333305 0.333305 0.333305 0.333305 0.333305 0.333305 0.333305 0.333305 0.333305 0.333305 0.333305 0.333305 0.333305 0.333305 0.333305 0.333305 0.333305 0.333305 0.333305 0.333305 0.333305 0.333305 0.333305 0.333305 0.333305 0.333305 0.333305 0.333305 0.333305 0.333305 0.333305 0.333305 0.333305 0.333306 0.333306 0.333306 0.333306 0.333306 0.333306 0.333306 0.333306 0.333306 0.333306 0.333306 0.333306 0.333306 0.333306 0.333306 0.333306 0.333306 0.333306 0.333306 0.333306 0.333306 
0.420555 0.420555 0.420555 0.420555 0.420555 0.420554 0.420554 0.420554 0.420554 0.420554 0.420554 0.420554 0.420554 0.420554 0.420554 0.420554 0.420554 0.420554 0.420554 0.420554 0.420554 0.420554 0.420554 0.420554 0.420554 0.420554 0.420554 0.420554 0.420554 0.420554 0.420554 0.420554 0.420554 0.420554 0.420555 0.420555 0.420555 0.420555 0.420555 0.420555 0.420555 0.420555 0.420555 0.420555 0.420555 0.420555 0.420555 0.420555 0.420555 0.420555 0.420555 0.420555 0.420555 0.420555 0.420555 0.420555 0.420555 0.420555 0.420555 0.420555 0.420555 0.420555 
0.502268 0.502268 0.502268 0.502268 0.502268 0.502267 0.502267 0.502267 0.502267 0.502267 0.502267 0.502267 0.502267 0.502267 0.502267 0.502267 0.502267 0.502267 0.502268 0.502268 0.502268 0.502268 0.502268 0.502268 0.502269 0.502269 0.502269 0.502269 0.50227 0.50227 0.50227 0.50227 0.50227 0.502271 0.502271 0.502271 0.502271 0.502271 0.502271 0.502271 0.502271 0.502271 0.502271 0.502271 0.502271 0.502271 0.502271 0.502271 0.502271 0.502271 0.502271 0.502271 0.50227 0.50227 0.50227 0.50227 0.50227 0.502269 0.502269 0.502269 0.502269 0.502268 
0.57765 0.577649 0.577649 0.577648 0.577647 0.577647 0.577646 0.577646 0.577646 0.577645 0.577645 0.577645 0.577645 0.577645 0.577645 0.577645 0.577645 0.577645 0.577645 0.577646 0.577646 0.577646 0.577647 0.577647 0.577648 0.577648 0.577649 0.57765 0.57765 0.577651 0.577651 0.577652 0.577653 0.577653 0.577654 0.577654 0.577655 0.577655 0.577656 0.577656 0.577657 0.577657 0.577657 0.577657 0.577657 0.577657 0.577657 0.577657 0.577657 0.577657 0.577656 0.577656 0.577656 0.577655 0.577655 0.577654 0.577654 0.577653 0.577652 0.577652 0.577651 0.57765 
0.646083 0.646081 0.64608 0.646079 0.646078 0.646076 0.646075 0.646074 0.646073 0.646072 0.646071 0.64607 0.646069 0.646069 0.646068 0.646068 0.646067 0.646067 0.646067 0.646067 0.646067 0.646068 0.646068 0.646069 0.646069 0.64607 0.646071 0.646072 0.646073 0.646074 0.646075 0.646076 0.646078 0.646079 0.64608 0.646081 0.646083 0.646084 0.646085 0.646086 0.646087 0.646088 0.646089 0.64609 0.64609 0.646091 0.646091 0.646092 0.646092 0.646092 0.646092 0.646092 0.646091 0.646091 0.64609 0.64609 0.646089 0.646088 0.646087 0.646086 0.646085 0.646084 
0.707106 0.707105 0.707103 0.707102 0.7071 0.707098 0.707096 0.707094 0.707092 0.70709 0.707088 0.707086 0.707085 0.707083 0.707081 0.70708 0.707079 0.707078 0.707077 0.707076 0.707075 0.707075 0.707075 0.707075 0.707075 0.707075 0.707076 0.707077 0.707077 0.707079 0.70708 0.707081 0.707083 0.707084 0.707086 0.707088 0.70709 0.707092 0.707094 0.707096 0.707098 0.7071 0.707101 0.707103 0.707105 0.707106 0.707108 0.707109 0.70711 0.707111 0.707112 0.707112 0.707113 0.707113 0.707113 0.707113 0.707112 0.707112 0.707111 0.70711 0.707109 0.707108 
0.760389 0.760388 0.760386 0.760385 0.760383 0.760381 0.760379 0.760377 0.760374 0.760372 0.76037 0.760367 0.760365 0.760362 0.76036 0.760357 0.760355 0.760353 0.760351 0.760349 0.760348 0.760346 0.760345 0.760344 0.760343 0.760342 0.760342 0.760342 0.760342 0.760343 0.760343 0.760344 0.760345 0.760347 0.760348 0.76035 0.760352 0.760354 0.760356 0.760358 0.760361 0.760363 0.760366 0.760368 0.760371 0.760373 0.760375 0.760378 0.76038 0.760382 0.760384 0.760385 0.760387 0.760388 0.760389 0.76039 0.76039 0.760391 0.760391 0.760391 0.76039 0.76039 
0.805699 0.805699 0.805698 0.805697 0.805696 0.805695 0.805694 0.805692 0.80569 0.805688 0.805686 0.805684 0.805682 0.805679 0.805677 0.805674 0.805672 0.805669 0.805667 0.805664 0.805662 0.80566 0.805658 0.805656 0.805654 0.805653 0.805652 0.805651 0.80565 0.805649 0.805649 0.805649 0.805649 0.80565 0.80565 0.805651 0.805653 0.805654 0.805656 0.805658 0.80566 0.805662 0.805664 0.805666 0.805669 0.805671 0.805674 0.805676 0.805679 0.805681 0.805684 0.805686 0.805688 0.80569 0.805692 0.805694 0.805695 0.805696 0.805697 0.805698 0.805699 0.805699 
0.842889 0.842889 0.842889 0.842889 0.842889 0.842889 0.842888 0.842888 0.842887 0.842886 0.842885 0.842883 0.842882 0.84288 0.842879 0.842877 0.842875 0.842873 0.842871 0.842869 0.842868 0.842866 0.842864 0.842862 0.842861 0.842859 0.842858 0.842857 0.842855 0.842855 0.842854 0.842853 0.842853 0.842853 0.842853 0.842853 0.842853 0.842854 0.842854 0.842855 0.842856 0.842857 0.842859 0.84286 0.842862 0.842863 0.842865 0.842867 0.842869 0.842871 0.842873 0.842874 0.842876 0.842878 0.84288 0.842881 0.842883 0.842884 0.842886 0.842887 0.842888 0.842888 
0.871871 0.871871 0.871872 0.871872 0.871872 0.871872 0.871872 0.871872 0.871871 0.871871 0.871871 0.871871 0.87187 0.87187 0.87187 0.871869 0.871869 0.871868 0.871868 0.871867 0.871867 0.871866 0.871866 0.871865 0.871865 0.871864 0.871864 0.871863 0.871863 0.871863 0.871862 0.871862 0.871862 0.871862 0.871862 0.871862 0.871862 0.871862 0.871862 0.871862 0.871862 0.871862 0.871863 0.871863 0.871863 0.871864 0.871864 0.871865 0.871865 0.871866 0.871866 0.871867 0.871867 0.871868 0.871868 0.871869 0.871869 0.87187 0.87187 0.87187 0.871871 0.871871 
0.892597 0.892596 0.892596 0.892595 0.892595 0.892594 0.892594 0.892594 0.892594 0.892594 0.892595 0.892595 0.892596 0.892597 0.892597 0.892598 0.892599 0.8926 0.892601 0.892603 0.892604 0.892605 0.892606 0.892608 0.892609 0.89261 0.892611 0.892613 0.892614 0.892615 0.892616 0.892617 0.892617 0.892618 0.892619 0.892619 0.892619 0.892619 0.89262 0.892619 0.892619 0.892619 0.892618 0.892618 0.892617 0.892616 0.892616 0.892615 0.892613 0.892612 0.892611 0.89261 0.892609 0.892607 0.892606 0.892605 0.892604 0.892602 0.892601 0.8926 0.892599 0.892598 
0.905039 0.905037 0.905035 0.905034 0.905033 0.905032 0.905032 0.905031 0.905032 0.905032 0.905033 0.905034 0.905035 0.905037 0.905038 0.90504 0.905043 0.905045 0.905048 0.905051 0.905053 0.905056 0.905059 0.905062 0.905065 0.905068 0.905071 0.905074 0.905076 0.905079 0.905081 0.905083 0.905085 0.905087 0.905088 0.905089 0.90509 0.90509 0.905091 0.90509 0.90509 0.905089 0.905088 0.905087 0.905085 0.905084 0.905081 0.905079 0.905077 0.905074 0.905071 0.905069 0.905066 0.905063 0.90506 0.905057 0.905054 0.905051 0.905048 0.905045 0.905043 0.905041 
0.909181 0.909179 0.909177 0.909175 0.909174 0.909173 0.909173 0.909173 0.909174 0.909175 0.909176 0.909178 0.90918 0.909183 0.909186 0.909189 0.909192 0.909196 0.9092 0.909203 0.909207 0.909212 0.909216 0.90922 0.909224 0.909228 0.909232 0.909235 0.909239 0.909242 0.909245 0.909247 0.90925 0.909251 0.909253 0.909254 0.909255 0.909255 0.909255 0.909254 0.909253 0.909252 0.90925 0.909248 0.909245 0.909242 0.909239 0.909236 0.909232 0.909228 0.909224 0.90922 0.909216 0.909212 0.909208 0.909204 0.9092 0.909196 0.909193 0.909189 0.909186 0.909183 
0.90502 0.905018 0.905017 0.905017 0.905017 0.905017 0.905018 0.90502 0.905021 0.905023 0.905026 0.905029 0.905032 0.905036 0.90504 0.905044 0.905048 0.905052 0.905057 0.905061 0.905066 0.90507 0.905075 0.905079 0.905083 0.905087 0.90509 0.905093 0.905096 0.905099 0.905101 0.905103 0.905104 0.905105 0.905106 0.905106 0.905105 0.905104 0.905103 0.905101 0.905099 0.905097 0.905094 0.90509 0.905087 0.905083 0.905079 0.905075 0.90507 0.905066 0.905061 0.905057 0.905052 0.905048 0.905044 0.90504 0.905036 0.905032 0.905029 0.905026 0.905024 0.905021 
0.892564 0.892565 0.892566 0.892567 0.892569 0.892572 0.892574 0.892577 0.892581 0.892584 0.892588 0.892592 0.892596 0.8926 0.892605 0.892609 0.892614 0.892618 0.892622 0.892626 0.89263 0.892634 0.892637 0.89264 0.892643 0.892645 0.892647 0.892649 0.89265 0.892651 0.892651 0.892651 0.89265 0.892649 0.892648 0.892646 0.892643 0.892641 0.892638 0.892634 0.892631 0.892627 0.892623 0.892619 0.892614 0.89261 0.892606 0.892601 0.892597 0.892593 0.892589 0.892585 0.892581 0.892578 0.892575 0.892572 0.89257 0.892568 0.892566 0.892565 0.892564 0.892564 
0.871835 0.871838 0.871841 0.871845 0.871848 0.871852 0.871856 0.871861 0.871865 0.871869 0.871874 0.871878 0.871882 0.871886 0.87189 0.871893 0.871897 0.8719 0.871902 0.871905 0.871907 0.871908 0.871909 0.87191 0.87191 0.87191 0.87191 0.871908 0.871907 0.871905 0.871903 0.8719 0.871897 0.871894 0.87189 0.871887 0.871883 0.871879 0.871874 0.87187 0.871866 0.871861 0.871857 0.871853 0.871849 0.871845 0.871842 0.871838 0.871835 0.871833 0.87183 0.871828 0.871827 0.871826 0.871825 0.871825 0.871825 0.871826 0.871827 0.871828 0.87183 0.871832 
0.842862 0.842867 0.842871 0.842875 0.84288 0.842884 0.842889 0.842893 0.842896 0.8429 0.842903 0.842906 0.842909 0.842911 0.842913 0.842915 0.842916 0.842916 0.842916 0.842916 0.842915 0.842914 0.842912 0.84291 0.842908 0.842905 0.842902 0.842898 0.842894 0.84289 0.842886 0.842882 0.842877 0.842873 0.842868 0.842864 0.84286 0.842855 0.842851 0.842847 0.842844 0.842841 0.842838 0.842835 0.842833 0.842831 0.842829 0.842828 0.842828 0.842828 0.842828 0.842829 0.84283 0.842832 0.842834 0.842837 0.842839 0.842843 0.842846 0.84285 0.842854 0.842858 
0.805692 0.805696 0.8057 0.805703 0.805706 0.805709 0.805712 0.805714 0.805716 0.805718 0.805719 0.805719 0.805719 0.805719 0.805718 0.805717 0.805715 0.805713 0.805711 0.805708 0.805705 0.805701 0.805697 0.805693 0.805689 0.805685 0.80568 0.805676 0.805671 0.805667 0.805663 0.805658 0.805654 0.80565 0.805647 0.805644 0.805641 0.805638 0.805636 0.805634 0.805632 0.805631 0.805631 0.805631 0.805631 0.805632 0.805633 0.805635 0.805637 0.805639 0.805642 0.805646 0.805649 0.805653 0.805657 0.805661 0.805665 0.80567 0.805674 0.805679 0.805683 0.805687 
0.760401 0.760403 0.760405 0.760406 0.760407 0.760408 0.760408 0.760408 0.760407 0.760406 0.760405 0.760403 0.760401 0.760398 0.760395 0.760392 0.760389 0.760385 0.760381 0.760378 0.760374 0.76037 0.760365 0.760361 0.760357 0.760353 0.76035 0.760346 0.760343 0.76034 0.760337 0.760334 0.760332 0.760331 0.760329 0.760328 0.760327 0.760327 0.760328 0.760328 0.760329 0.760331 0.760332 0.760335 0.760337 0.76034 0.760343 0.760346 0.76035 0.760354 0.760358 0.760362 0.760366 0.76037 0.760374 0.760378 0.760382 0.760385 0.760389 0.760392 0.760395 0.760398 
0.707127 0.707127 0.707127 0.707126 0.707125 0.707124 0.707122 0.70712 0.707118 0.707115 0.707113 0.70711 0.707107 0.707104 0.707101 0.707098 0.707094 0.707091 0.707088 0.707085 0.707082 0.707079 0.707076 0.707074 0.707071 0.707069 0.707067 0.707066 0.707065 0.707064 0.707063 0.707063 0.707063 0.707063 0.707064 0.707065 0.707066 0.707068 0.70707 0.707072 0.707075 0.707077 0.70708 0.707083 0.707086 0.707089 0.707092 0.707096 0.707099 0.707102 0.707105 0.707108 0.707111 0.707114 0.707116 0.707119 0.707121 0.707123 0.707124 0.707125 0.707126 0.707127 
0.646099 0.646098 0.646097 0.646095 0.646093 0.646091 0.646089 0.646087 0.646085 0.646083 0.646081 0.646078 0.646076 0.646074 0.646072 0.64607 0.646068 0.646066 0.646065 0.646063 0.646062 0.646061 0.64606 0.646059 0.646059 0.646058 0.646058 0.646058 0.646059 0.64606 0.64606 0.646062 0.646063 0.646064 0.646066 0.646068 0.64607 0.646072 0.646074 0.646076 0.646078 0.64608 0.646083 0.646085 0.646087 0.646089 0.646091 0.646093 0.646095 0.646097 0.646098 0.646099 0.6461 0.646101 0.646102 0.646102 0.646103 0.646103 0.646102 0.646102 0.646101 0.646101 
0.577657 0.577656 0.577655 0.577654 0.577652 0.577651 0.57765 0.577648 0.577647 0.577646 0.577645 0.577644 0.577643 0.577642 0.577641 0.57764 0.57764 0.577639 0.577639 0.577639 0.577639 0.577639 0.577639 0.57764 0.57764 0.577641 0.577641 0.577642 0.577643 0.577644 0.577645 0.577646 0.577648 0.577649 0.57765 0.577651 0.577653 0.577654 0.577655 0.577657 0.577658 0.577659 0.57766 0.577661 0.577662 0.577663 0.577663 0.577664 0.577664 0.577665 0.577665 0.577665 0.577665 0.577665 0.577664 0.577664 0.577663 0.577662 0.577662 0.577661 0.57766 0.577659 
0.502269 0.502269 0.502268 0.502268 0.502267 0.502267 0.502266 0.502266 0.502265 0.502265 0.502265 0.502264 0.502264 0.502264 0.502264 0.502264 0.502264 0.502264 0.502264 0.502265 0.502265 0.502265 0.502266 0.502266 0.502267 0.502267 0.502268 0.502268 0.502269 0.50227 0.50227 0.502271 0.502271 0.502272 0.502273 0.502273 0.502274 0.502274 0.502275 0.502275 0.502275 0.502276 0.502276 0.502276 0.502276 0.502276 0.502276 0.502276 0.502276 0.502276 0.502275 0.502275 0.502275 0.502274 0.502274 0.502273 0.502273 0.502272 0.502272 0.502271 0.50227 0.50227 
0.420554 0.420554 0.420554 0.420554 0.420554 0.420554 0.420554 0.420554 0.420554 0.420553 0.420553 0.420553 0.420553 0.420554 0.420554 0.420554 0.420554 0.420554 0.420554 0.420554 0.420554 0.420554 0.420555 0.420555 0.420555 0.420555 0.420555 0.420556 0.420556 0.420556 0.420556 0.420556 0.420556 0.420556 0.420557 0.420557 0.420557 0.420557 0.420557 0.420557 0.420557 0.420557 0.420557 0.420557 0.420557 0.420557 0.420557 0.420557 0.420557 0.420556 0.420556 0.420556 0.420556 0.420556 0.420556 0.420555 0.420555 0.420555 0.420555 0.420555 0.420555 0.420554 
0.333306 0.333306 0.333306 0.333306 0.333306 0.333306 0.333306 0.333306 0.333306 0.333306 0.333306 0.333306 0.333306 0.333306 0.333306 0.333306 0.333306 0.333306 0.333306 0.333306 0.333306 0.333306 0.333306 0.333306 0.333306 0.333306 0.333306 0.333306 0.333306 0.333306 0.333306 0.333306 0.333306 0.333306 0.333306 0.333306 0.333306 0.333306 0.333306 0.333306 0.333306 0.333306 0.333306 0.333306 0.333306 0.333306 0.333306 0.333306 0.333306 0.333306 0.333306 0.333306 0.333306 0.333306 0.333306 0.333306 0.333306 0.333306 0.333306 0.333306 0.333306 0.333306 
0.241505 0.241505 0.241505 0.241505 0.241505 0.241505 0.241505 0.241505 0.241505 0.241505 0.241505 0.241505 0.241504 0.241504 0.241504 0.241504 0.241504 0.241504 0.241504 0.241504 0.241504 0.241504 0.241504 0.241504 0.241504 0.241504 0.241504 0.241504 0.241504 0.241504 0.241504 0.241504 0.241504 0.241504 0.241504 0.241504 0.241504 0.241504 0.241504 0.241504 0.241504 0.241504 0.241504 0.241505 0.241505 0.241505 0.241505 0.241505 0.241505 0.241505 0.241505 0.241505 0.241505 0.241505 0.241505 0.241505 0.241505 0.241505 0.241505 0.241505 0.241505 0.241505 
0.146306 0.146306 0.146306 0.146306 0.146306 0.146306 0.146306 0.146306 0.146306 0.146306 0.146306 0.146305 0.146305 0.146305 0.146305 0.146305 0.146305 0.146305 0.146305 0.146305 0.146305 0.146305 0.146305 0.146305 0.146305 0.146305 0.146305 0.146305 0.146305 0.146305 0.146305 0.146305 0.146305 0.146305 0.146305 0.146305 0.146305 0.146305 0.146305 0.146305 0.146305 0.146306 0.146306 0.146306 0.146306 0.146306 0.146306 0.146306 0.146306 0.146306 0.146306 0.146306 0.146306 0.146306 0.146306 0.146306 0.146306 0.146306 0.146306 0.146306 0.146306 0.146306 
0.049006 0.049006 0.049006 0.049006 0.0490059 0.0490059 0.0490059 0.0490059 0.0490058 0.0490058 0.0490057 0.0490057 0.0490056 0.0490056 0.0490056 0.0490055 0.0490055 0.0490054 0.0490054 0.0490053 0.0490053 0.0490053 0.0490052 0.0490052 0.0490052 0.0490052 0.0490052 0.0490052 0.0490052 0.0490052 0.0490052 0.0490052 0.0490052 0.0490052 0.0490052 0.0490052 0.0490053 0.0490053 0.0490053 0.0490054 0.0490054 0.0490055 0.0490055 0.0490056 0.0490056 0.0490056 0.0490057 0.0490057 0.0490058 0.0490058 0.0490059 0.0490059 0.0490059 0.049006 0.049006 0.049006 0.049006 0.049006 0.049006 0.049006 0.049006 0.049006 
