0.0479739 0.0479739 0.0479739 0.0479739 0.0479738 0.0479738 0.0479738 0.0479738 0.0479738 0.0479738 0.0479738 0.0479738 0.0479738 0.0479738 0.0479739 0.0479739 0.0479739 0.0479739 0.047974 0.047974 0.047974 0.0479741 0.0479741 0.0479741 0.0479742 0.0479742 0.0479742 0.0479743 0.0479743 0.0479743 0.0479744 0.0479744 0.0479744 0.0479744 0.0479745 0.0479745 0.0479745 0.0479745 0.0479745 0.0479745 0.0479745 0.0479745 0.0479745 0.0479745 0.0479745 0.0479744 0.0479744 0.0479744 0.0479744 0.0479743 0.0479743 0.0479743 0.0479742 0.0479742 0.0479742 0.0479741 0.0479741 0.0479741 0.047974 0.047974 0.047974 0.0479739 
0.143255 0.143255 0.143255 0.143255 0.143255 0.143255 0.143255 0.143255 0.143255 0.143255 0.143255 0.143255 0.143255 0.143255 0.143255 0.143255 0.143255 0.143255 0.143255 0.143256 0.143256 0.143256 0.143256 0.143256 0.143256 0.143256 0.143256 0.143256 0.143256 0.143256 0.143256 0.143256 0.143256 0.143256 0.143256 0.143256 0.143256 0.143256 0.143256 0.143256 0.143256 0.143256 0.143256 0.143256 0.143256 0.143256 0.143256 0.143256 0.143256 0.143256 0.143256 0.143256 0.143256 0.143256 0.143255 0.143255 0.143255 0.143255 0.143255 0.143255 0.143255 0.143255 
0.236563 0.236563 0.236563 0.236563 0.236563 0.236563 0.236563 0.236563 0.236563 0.236563 0.236563 0.236563 0.236563 0.236563 0.236563 0.236563 0.236563 0.236563 0.236563 0.236563 0.236563 0.236563 0.236563 0.236564 0.236564 0.236564 0.236564 0.236564 0.236564 0.236564 0.236564 0.236564 0.236564 0.236564 0.236564 0.236564 0.236564 0.236564 0.236564 0.236564 0.236564 0.236564 0.236564 0.236564 0.236564 0.236564 0.236564 0.236564 0.236564 0.236564 0.236563 0.236563 0.236563 0.236563 0.236563 0.236563 0.236563 0.236563 0.236563 0.236563 0.236563 0.236563 
0.326668 0.326668 0.326667 0.326667 0.326667 0.326667 0.326667 0.326667 0.326667 0.326668 0.326668 0.326668 0.326668 0.326668 0.326668 0.326668 0.326668 0.326668 0.326668 0.326668 0.326668 0.326668 0.326668 0.326668 0.326668 0.326668 0.326668 0.326668 0.326668 0.326668 0.326668 0.326669 0.326669 0.326669 0.326669 0.326669 0.326669 0.326669 0.326669 0.326669 0.326669 0.326669 0.326669 0.326669 0.326668 0.326668 0.326668 0.326668 0.326668 0.326668 0.326668 0.326668 0.326668 0.326668 0.326668 0.326668 0.326668 0.326668 0.326668 0.326668 0.326668 0.326668 
0.412459 0.412459 0.412459 0.412459 0.412459 0.412459 0.412459 0.412459 0.412459 0.412459 0.412459 0.412459 0.412459 0.412459 0.412459 0.412459 0.412459 0.412459 0.412459 0.412459 0.412459 0.412459 0.412459 0.412459 0.412459 0.412459 0.412459 0.412459 0.412459 0.412459 0.412459 0.412459 0.412459 0.412459 0.412459 0.412459 0.412459 0.412459 0.412459 0.412459 0.412459 0.412459 0.412459 0.412459 0.412459 0.412459 0.412459 0.412459 0.412459 0.412459 0.412459 0.412459 0.412459 0.412459 0.412459 0.412459 0.412459 0.412459 0.412459 0.412459 0.412459 0.412459 
0.492972 0.492972 0.492972 0.492972 0.492973 0.492973 0.492973 0.492973 0.492973 0.492974 0.492974 0.492974 0.492974 0.492974 0.492974 0.492974 0.492975 0.492975 0.492975 0.492975 0.492975 0.492975 0.492975 0.492975 0.492975 0.492975 0.492975 0.492975 0.492975 0.492974 0.492974 0.492974 0.492974 0.492974 0.492974 0.492974 0.492973 0.492973 0.492973 0.492973 0.492973 0.492972 0.492972 0.492972 0.492972 0.492972 0.492972 0.492972 0.492972 0.492971 0.492971 0.492971 0.492971 0.492971 0.492971 0.492971 0.492971 0.492971 0.492972 0.492972 0.492972 0.492972 
0.567403 0.567404 0.567404 0.567404 0.567405 0.567405 0.567405 0.567406 0.567406 0.567407 0.567407 0.567408 0.567408 0.567409 0.567409 0.56741 0.56741 0.56741 0.567411 0.567411 0.567411 0.567411 0.567412 0.567412 0.567412 0.567412 0.567412 0.567412 0.567412 0.567411 0.567411 0.567411 0.567411 0.56741 0.56741 0.56741 0.567409 0.567409 0.567408 0.567408 0.567407 0.567407 0.567406 0.567406 0.567406 0.567405 0.567405 0.567404 0.567404 0.567404 0.567403 0.567403 0.567403 0.567403 0.567403 0.567402 0.567402 0.567402 0.567403 0.567403 0.567403 0.567403 
0.63511 0.63511 0.63511 0.63511 0.635111 0.635111 0.635112 0.635113 0.635113 0.635114 0.635115 0.635116 0.635117 0.635118 0.635118 0.635119 0.63512 0.635121 0.635122 0.635123 0.635123 0.635124 0.635125 0.635125 0.635126 0.635126 0.635127 0.635127 0.635127 0.635127 0.635127 0.635127 0.635127 0.635127 0.635126 0.635126 0.635125 0.635125 0.635124 0.635123 0.635122 0.635122 0.635121 0.63512 0.635119 0.635118 0.635117 0.635116 0.635115 0.635115 0.635114 0.635113 0.635112 0.635112 0.635111 0.635111 0.63511 0.63511 0.63511 0.635109 0.635109 0.635109 
0.695599 0.695598 0.695598 0.695598 0.695598 0.695598 0.695599 0.695599 0.6956 0.695601 0.695602 0.695603 0.695604 0.695605 0.695606 0.695607 0.695609 0.69561 0.695612 0.695613 0.695614 0.695616 0.695617 0.695618 0.695619 0.69562 0.695621 0.695622 0.695623 0.695624 0.695624 0.695625 0.695625 0.695625 0.695625 0.695625 0.695625 0.695624 0.695624 0.695623 0.695622 0.695622 0.695621 0.69562 0.695618 0.695617 0.695616 0.695614 0.695613 0.695612 0.69561 0.695609 0.695608 0.695606 0.695605 0.695604 0.695603 0.695602 0.695601 0.6956 0.695599 0.695599 
0.748507 0.748506 0.748505 0.748505 0.748504 0.748504 0.748504 0.748504 0.748504 0.748504 0.748505 0.748505 0.748506 0.748507 0.748508 0.74851 0.748511 0.748512 0.748514 0.748516 0.748517 0.748519 0.748521 0.748523 0.748524 0.748526 0.748528 0.748529 0.748531 0.748532 0.748533 0.748535 0.748536 0.748536 0.748537 0.748538 0.748538 0.748538 0.748538 0.748538 0.748538 0.748537 0.748537 0.748536 0.748535 0.748534 0.748532 0.748531 0.748529 0.748528 0.748526 0.748524 0.748523 0.748521 0.748519 0.748517 0.748516 0.748514 0.748513 0.748511 0.74851 0.748508 
0.793576 0.793574 0.793573 0.793572 0.79357 0.793569 0.793569 0.793568 0.793568 0.793567 0.793567 0.793567 0.793568 0.793568 0.793569 0.79357 0.793571 0.793572 0.793573 0.793574 0.793576 0.793578 0.793579 0.793581 0.793583 0.793585 0.793586 0.793588 0.79359 0.793592 0.793593 0.793595 0.793597 0.793598 0.793599 0.7936 0.793601 0.793602 0.793603 0.793603 0.793603 0.793603 0.793603 0.793603 0.793602 0.793602 0.793601 0.7936 0.793599 0.793598 0.793596 0.793595 0.793593 0.793591 0.79359 0.793588 0.793586 0.793584 0.793582 0.793581 0.793579 0.793577 
0.830622 0.83062 0.830619 0.830618 0.830617 0.830616 0.830615 0.830614 0.830613 0.830613 0.830612 0.830612 0.830612 0.830612 0.830612 0.830613 0.830613 0.830614 0.830614 0.830615 0.830616 0.830617 0.830618 0.83062 0.830621 0.830622 0.830624 0.830625 0.830627 0.830628 0.830629 0.830631 0.830632 0.830633 0.830635 0.830636 0.830637 0.830638 0.830638 0.830639 0.83064 0.83064 0.83064 0.83064 0.83064 0.83064 0.83064 0.830639 0.830639 0.830638 0.830637 0.830636 0.830635 0.830634 0.830633 0.830631 0.83063 0.830629 0.830627 0.830626 0.830624 0.830623 
0.859523 0.859523 0.859522 0.859522 0.859522 0.859521 0.859521 0.859521 0.85952 0.85952 0.85952 0.85952 0.85952 0.85952 0.85952 0.85952 0.859521 0.859521 0.859521 0.859522 0.859522 0.859523 0.859523 0.859524 0.859524 0.859525 0.859525 0.859526 0.859527 0.859527 0.859528 0.859528 0.859529 0.859529 0.85953 0.85953 0.859531 0.859531 0.859531 0.859532 0.859532 0.859532 0.859532 0.859532 0.859532 0.859532 0.859531 0.859531 0.859531 0.859531 0.85953 0.85953 0.859529 0.859529 0.859528 0.859528 0.859527 0.859526 0.859526 0.859525 0.859525 0.859524 
0.880206 0.880207 0.880208 0.880208 0.880209 0.88021 0.880211 0.880211 0.880212 0.880213 0.880214 0.880214 0.880215 0.880215 0.880216 0.880216 0.880217 0.880217 0.880218 0.880218 0.880218 0.880218 0.880218 0.880218 0.880218 0.880218 0.880217 0.880217 0.880216 0.880216 0.880215 0.880215 0.880214 0.880214 0.880213 0.880212 0.880211 0.880211 0.88021 0.880209 0.880208 0.880208 0.880207 0.880206 0.880206 0.880205 0.880205 0.880204 0.880204 0.880204 0.880204 0.880203 0.880203 0.880203 0.880203 0.880204 0.880204 0.880204 0.880204 0.880205 0.880205 0.880206 
0.89263 0.892632 0.892633 0.892635 0.892637 0.892639 0.892641 0.892643 0.892645 0.892646 0.892648 0.892649 0.892651 0.892652 0.892653 0.892654 0.892654 0.892655 0.892655 0.892655 0.892655 0.892655 0.892655 0.892654 0.892653 0.892652 0.892651 0.89265 0.892648 0.892647 0.892645 0.892643 0.892642 0.89264 0.892638 0.892636 0.892634 0.892632 0.89263 0.892628 0.892627 0.892625 0.892624 0.892622 0.892621 0.89262 0.892619 0.892619 0.892618 0.892618 0.892618 0.892618 0.892618 0.892619 0.892619 0.89262 0.892621 0.892622 0.892623 0.892625 0.892626 0.892628 
0.896775 0.896778 0.896781 0.896784 0.896786 0.896789 0.896792 0.896794 0.896796 0.896799 0.896801 0.896802 0.896804 0.896805 0.896807 0.896807 0.896808 0.896808 0.896808 0.896808 0.896808 0.896807 0.896806 0.896804 0.896803 0.896801 0.896799 0.896797 0.896794 0.896792 0.896789 0.896787 0.896784 0.896781 0.896778 0.896776 0.896773 0.89677 0.896768 0.896765 0.896763 0.896761 0.896759 0.896758 0.896756 0.896755 0.896754 0.896754 0.896754 0.896754 0.896754 0.896754 0.896755 0.896756 0.896758 0.896759 0.896761 0.896763 0.896765 0.896768 0.89677 0.896773 
0.892639 0.892642 0.892645 0.892648 0.892651 0.892654 0.892656 0.892659 0.892661 0.892663 0.892665 0.892666 0.892667 0.892668 0.892668 0.892668 0.892668 0.892667 0.892667 0.892665 0.892664 0.892662 0.89266 0.892658 0.892656 0.892653 0.89265 0.892647 0.892644 0.892641 0.892638 0.892635 0.892632 0.892628 0.892625 0.892622 0.89262 0.892617 0.892615 0.892613 0.892611 0.892609 0.892608 0.892607 0.892606 0.892606 0.892605 0.892606 0.892606 0.892607 0.892608 0.89261 0.892611 0.892613 0.892616 0.892618 0.892621 0.892624 0.892627 0.89263 0.892633 0.892636 
0.880226 0.880229 0.880232 0.880234 0.880236 0.880238 0.88024 0.880241 0.880242 0.880243 0.880243 0.880243 0.880243 0.880242 0.880241 0.88024 0.880239 0.880237 0.880235 0.880232 0.88023 0.880227 0.880224 0.880221 0.880218 0.880215 0.880211 0.880208 0.880205 0.880202 0.880199 0.880196 0.880193 0.880191 0.880188 0.880186 0.880184 0.880183 0.880181 0.88018 0.88018 0.880179 0.880179 0.880179 0.88018 0.880181 0.880182 0.880184 0.880186 0.880188 0.88019 0.880193 0.880195 0.880198 0.880201 0.880205 0.880208 0.880211 0.880214 0.880217 0.880221 0.880224 
0.859555 0.859556 0.859557 0.859558 0.859558 0.859559 0.859559 0.859558 0.859557 0.859556 0.859555 0.859553 0.859551 0.859549 0.859546 0.859544 0.859541 0.859538 0.859535 0.859532 0.859529 0.859525 0.859522 0.859519 0.859516 0.859513 0.85951 0.859507 0.859505 0.859503 0.859501 0.859499 0.859497 0.859496 0.859495 0.859495 0.859495 0.859495 0.859495 0.859496 0.859497 0.859499 0.8595 0.859502 0.859505 0.859507 0.85951 0.859513 0.859515 0.859519 0.859522 0.859525 0.859528 0.859531 0.859535 0.859538 0.859541 0.859544 0.859546 0.859549 0.859551 0.859553 
0.830659 0.830659 0.830658 0.830657 0.830655 0.830654 0.830652 0.83065 0.830647 0.830644 0.830642 0.830639 0.830635 0.830632 0.830629 0.830626 0.830622 0.830619 0.830616 0.830613 0.83061 0.830608 0.830605 0.830603 0.830601 0.830599 0.830598 0.830596 0.830596 0.830595 0.830595 0.830595 0.830595 0.830596 0.830597 0.830599 0.8306 0.830602 0.830605 0.830607 0.83061 0.830613 0.830616 0.830619 0.830622 0.830625 0.830629 0.830632 0.830635 0.830638 0.830641 0.830644 0.830647 0.830649 0.830652 0.830654 0.830655 0.830657 0.830658 0.830659 0.830659 0.830659 
0.793611 0.793609 0.793606 0.793604 0.793601 0.793598 0.793595 0.793592 0.793589 0.793585 0.793582 0.793579 0.793576 0.793573 0.79357 0.793568 0.793565 0.793563 0.793561 0.793559 0.793558 0.793556 0.793556 0.793555 0.793555 0.793555 0.793555 0.793556 0.793557 0.793558 0.79356 0.793562 0.793564 0.793567 0.793569 0.793572 0.793575 0.793578 0.793581 0.793584 0.793587 0.793591 0.793594 0.793597 0.7936 0.793603 0.793605 0.793608 0.79361 0.793612 0.793614 0.793615 0.793616 0.793617 0.793618 0.793618 0.793618 0.793617 0.793617 0.793616 0.793614 0.793613 
0.74853 0.748528 0.748525 0.748522 0.748519 0.748516 0.748514 0.748511 0.748508 0.748506 0.748504 0.748502 0.7485 0.748498 0.748497 0.748496 0.748495 0.748494 0.748494 0.748494 0.748494 0.748495 0.748496 0.748497 0.748498 0.7485 0.748502 0.748504 0.748506 0.748508 0.748511 0.748514 0.748516 0.748519 0.748522 0.748525 0.748528 0.748531 0.748533 0.748536 0.748538 0.748541 0.748543 0.748544 0.748546 0.748547 0.748549 0.748549 0.74855 0.74855 0.74855 0.74855 0.748549 0.748548 0.748547 0.748546 0.748544 0.748542 0.74854 0.748538 0.748536 0.748533 
0.695607 0.695605 0.695602 0.6956 0.695599 0.695597 0.695595 0.695594 0.695593 0.695592 0.695591 0.695591 0.69559 0.69559 0.69559 0.695591 0.695591 0.695592 0.695593 0.695594 0.695596 0.695597 0.695599 0.695601 0.695603 0.695605 0.695607 0.69561 0.695612 0.695614 0.695617 0.695619 0.695621 0.695623 0.695625 0.695627 0.695629 0.69563 0.695632 0.695633 0.695634 0.695634 0.695635 0.695635 0.695635 0.695635 0.695635 0.695634 0.695633 0.695632 0.695631 0.69563 0.695628 0.695626 0.695624 0.695622 0.69562 0.695618 0.695616 0.695613 0.695611 0.695609 
0.635107 0.635107 0.635106 0.635105 0.635104 0.635104 0.635104 0.635104 0.635104 0.635104 0.635104 0.635105 0.635105 0.635106 0.635107 0.635108 0.635109 0.635111 0.635112 0.635114 0.635115 0.635117 0.635118 0.63512 0.635121 0.635123 0.635125 0.635126 0.635127 0.635129 0.63513 0.635131 0.635132 0.635133 0.635134 0.635134 0.635135 0.635135 0.635135 0.635135 0.635135 0.635134 0.635134 0.635133 0.635132 0.635131 0.63513 0.635129 0.635128 0.635126 0.635125 0.635123 0.635122 0.63512 0.635119 0.635117 0.635116 0.635114 0.635113 0.635111 0.63511 0.635109 
0.567399 0.567399 0.567399 0.567399 0.567399 0.567399 0.5674 0.5674 0.567401 0.567401 0.567402 0.567403 0.567403 0.567404 0.567405 0.567406 0.567407 0.567408 0.567409 0.56741 0.567411 0.567412 0.567413 0.567413 0.567414 0.567415 0.567415 0.567416 0.567416 0.567417 0.567417 0.567417 0.567417 0.567417 0.567417 0.567417 0.567417 0.567417 0.567416 0.567416 0.567415 0.567414 0.567413 0.567413 0.567412 0.567411 0.56741 0.567409 0.567408 0.567407 0.567406 0.567405 0.567404 0.567403 0.567403 0.567402 0.567401 0.567401 0.5674 0.5674 0.567399 0.567399 
0.49297 0.49297 0.49297 0.49297 0.492971 0.492971 0.492971 0.492972 0.492972 0.492973 0.492973 0.492973 0.492974 0.492974 0.492975 0.492975 0.492976 0.492976 0.492977 0.492977 0.492977 0.492978 0.492978 0.492978 0.492978 0.492978 0.492978 0.492979 0.492979 0.492978 0.492978 0.492978 0.492978 0.492978 0.492978 0.492977 0.492977 0.492976 0.492976 0.492976 0.492975 0.492975 0.492974 0.492974 0.492973 0.492973 0.492972 0.492972 0.492972 0.492971 0.492971 0.49297 0.49297 0.49297 0.49297 0.492969 0.492969 0.492969 0.492969 0.492969 0.492969 0.492969 
0.412459 0.412459 0.412459 0.412459 0.412459 0.412459 0.412459 0.41246 0.41246 0.41246 0.41246 0.41246 0.41246 0.412461 0.412461 0.412461 0.412461 0.412461 0.412461 0.412461 0.412461 0.412461 0.412461 0.412461 0.412461 0.412461 0.412461 0.412461 0.412461 0.412461 0.412461 0.412461 0.412461 0.412461 0.412461 0.41246 0.41246 0.41246 0.41246 0.41246 0.41246 0.412459 0.412459 0.412459 0.412459 0.412459 0.412459 0.412458 0.412458 0.412458 0.412458 0.412458 0.412458 0.412458 0.412458 0.412458 0.412458 0.412458 0.412458 0.412458 0.412458 0.412458 
0.326668 0.326668 0.326668 0.326668 0.326668 0.326668 0.326668 0.326668 0.326668 0.326668 0.326668 0.326669 0.326669 0.326669 0.326669 0.326669 0.326669 0.326669 0.326669 0.326669 0.326669 0.326669 0.326669 0.326669 0.326669 0.326669 0.326669 0.326669 0.326669 0.326669 0.326669 0.326669 0.326669 0.326669 0.326669 0.326669 0.326669 0.326669 0.326669 0.326669 0.326669 0.326669 0.326669 0.326669 0.326669 0.326668 0.326668 0.326668 0.326668 0.326668 0.326668 0.326668 0.326668 0.326668 0.326668 0.326668 0.326668 0.326668 0.326668 0.326668 0.326668 0.326668 
0.236563 0.236563 0.236563 0.236563 0.236563 0.236563 0.236563 0.236563 0.236563 0.236563 0.236563 0.236563 0.236563 0.236563 0.236563 0.236563 0.236563 0.236563 0.236564 0.236564 0.236564 0.236564 0.236564 0.236564 0.236564 0.236564 0.236564 0.236564 0.236564 0.236564 0.236564 0.236564 0.236564 0.236564 0.236564 0.236564 0.236564 0.236564 0.236564 0.236564 0.236564 0.236564 0.236564 0.236564 0.236564 0.236564 0.236564 0.236564 0.236564 0.236564 0.236564 0.236564 0.236564 0.236564 0.236564 0.236564 0.236564 0.236564 0.236564 0.236564 0.236563 0.236563 
0.143255 0.143255 0.143255 0.143255 0.143255 0.143255 0.143255 0.143255 0.143255 0.143255 0.143255 0.143255 0.143255 0.143255 0.143255 0.143255 0.143255 0.143256 0.143256 0.143256 0.143256 0.143256 0.143256 0.143256 0.143256 0.143256 0.143256 0.143256 0.143256 0.143256 0.143256 0.143256 0.143256 0.143256 0.143256 0.143256 0.143256 0.143256 0.143256 0.143256 0.143256 0.143256 0.143256 0.143256 0.143256 0.143256 0.143256 0.143256 0.143256 0.143256 0.143256 0.143256 0.143256 0.143256 0.143256 0.143256 0.143256 0.143256 0.143256 0.143256 0.143256 0.143255 
0.0479741 0.047974 0.047974 0.047974 0.047974 0.0479739 0.0479739 0.0479739 0.0479739 0.0479739 0.0479739 0.0479739 0.0479739 0.0479739 0.0479739 0.0479739 0.0479739 0.047974 0.047974 0.047974 0.047974 0.0479741 0.0479741 0.0479741 0.0479742 0.0479742 0.0479742 0.0479743 0.0479743 0.0479743 0.0479744 0.0479744 0.0479744 0.0479744 0.0479745 0.0479745 0.0479745 0.0479745 0.0479745 0.0479746 0.0479746 0.0479746 0.0479746 0.0479746 0.0479745 0.0479745 0.0479745 0.0479745 0.0479745 0.0479745 0.0479744 0.0479744 0.0479744 0.0479744 0.0479743 0.0479743 0.0479743 0.0479742 0.0479742 0.0479741 0.0479741 0.0479741 
