0.0476576 0.0476576 0.0476576 0.0476575 0.0476575 0.0476575 0.0476574 0.0476574 0.0476574 0.0476573 0.0476573 0.0476573 0.0476573 0.0476572 0.0476572 0.0476572 0.0476572 0.0476572 0.0476571 0.0476571 0.0476571 0.0476571 0.0476571 0.0476571 0.0476571 0.0476572 0.0476572 0.0476572 0.0476572 0.0476572 0.0476572 0.0476573 0.0476573 0.0476573 0.0476574 0.0476574 0.0476574 0.0476575 0.0476575 0.0476575 0.0476575 0.0476576 0.0476576 0.0476576 0.0476577 0.0476577 0.0476577 0.0476577 0.0476577 0.0476577 0.0476577 0.0476578 0.0476578 0.0476578 0.0476577 0.0476577 0.0476577 0.0476577 0.0476577 0.0476577 0.0476577 0.0476576 
0.142318 0.142318 0.142318 0.142318 0.142318 0.142318 0.142318 0.142318 0.142318 0.142318 0.142318 0.142318 0.142318 0.142318 0.142318 0.142318 0.142317 0.142317 0.142317 0.142317 0.142317 0.142317 0.142318 0.142318 0.142318 0.142318 0.142318 0.142318 0.142318 0.142318 0.142318 0.142318 0.142318 0.142318 0.142318 0.142318 0.142318 0.142318 0.142318 0.142318 0.142318 0.142318 0.142318 0.142318 0.142318 0.142318 0.142318 0.142319 0.142319 0.142319 0.142319 0.142319 0.142319 0.142318 0.142318 0.142318 0.142318 0.142318 0.142318 0.142318 0.142318 0.142318 
0.235041 0.235041 0.235041 0.235041 0.235041 0.235041 0.235041 0.235041 0.235041 0.235041 0.235041 0.235041 0.235041 0.23504 0.23504 0.23504 0.23504 0.23504 0.23504 0.23504 0.23504 0.23504 0.23504 0.23504 0.23504 0.23504 0.235041 0.235041 0.235041 0.235041 0.235041 0.235041 0.235041 0.235041 0.235041 0.235041 0.235041 0.235041 0.235041 0.235041 0.235041 0.235041 0.235041 0.235041 0.235042 0.235042 0.235042 0.235042 0.235042 0.235042 0.235042 0.235042 0.235042 0.235042 0.235042 0.235041 0.235041 0.235041 0.235041 0.235041 0.235041 0.235041 
0.324617 0.324617 0.324616 0.324616 0.324616 0.324616 0.324616 0.324616 0.324616 0.324616 0.324616 0.324616 0.324616 0.324616 0.324616 0.324616 0.324616 0.324616 0.324616 0.324616 0.324616 0.324616 0.324616 0.324616 0.324616 0.324616 0.324616 0.324616 0.324616 0.324616 0.324616 0.324616 0.324616 0.324616 0.324616 0.324616 0.324616 0.324616 0.324617 0.324617 0.324617 0.324617 0.324617 0.324617 0.324617 0.324617 0.324617 0.324617 0.324617 0.324617 0.324617 0.324617 0.324617 0.324617 0.324617 0.324617 0.324617 0.324617 0.324617 0.324617 0.324617 0.324617 
0.409947 0.409947 0.409947 0.409947 0.409947 0.409947 0.409947 0.409947 0.409947 0.409947 0.409947 0.409947 0.409947 0.409947 0.409947 0.409947 0.409947 0.409947 0.409947 0.409947 0.409947 0.409947 0.409947 0.409947 0.409947 0.409947 0.409947 0.409947 0.409947 0.409947 0.409947 0.409947 0.409947 0.409947 0.409947 0.409947 0.409947 0.409947 0.409947 0.409947 0.409947 0.409947 0.409947 0.409947 0.409947 0.409947 0.409947 0.409947 0.409947 0.409947 0.409947 0.409947 0.409947 0.409947 0.409947 0.409947 0.409947 0.409947 0.409947 0.409947 0.409947 0.409947 
0.490075 0.490075 0.490074 0.490074 0.490074 0.490074 0.490074 0.490074 0.490075 0.490075 0.490075 0.490075 0.490075 0.490075 0.490075 0.490075 0.490075 0.490076 0.490076 0.490076 0.490076 0.490076 0.490076 0.490077 0.490077 0.490077 0.490077 0.490077 0.490077 0.490077 0.490077 0.490078 0.490078 0.490078 0.490078 0.490078 0.490078 0.490078 0.490078 0.490078 0.490077 0.490077 0.490077 0.490077 0.490077 0.490077 0.490077 0.490077 0.490076 0.490076 0.490076 0.490076 0.490076 0.490076 0.490076 0.490075 0.490075 0.490075 0.490075 0.490075 0.490075 0.490075 
0.564197 0.564197 0.564197 0.564197 0.564197 0.564196 0.564196 0.564196 0.564196 0.564196 0.564196 0.564197 0.564197 0.564197 0.564197 0.564197 0.564198 0.564198 0.564198 0.564199 0.564199 0.5642 0.5642 0.564201 0.564201 0.564201 0.564202 0.564202 0.564203 0.564203 0.564203 0.564204 0.564204 0.564204 0.564204 0.564205 0.564205 0.564205 0.564205 0.564205 0.564205 0.564205 0.564204 0.564204 0.564204 0.564204 0.564204 0.564203 0.564203 0.564203 0.564202 0.564202 0.564201 0.564201 0.5642 0.5642 0.5642 0.564199 0.564199 0.564198 0.564198 0.564198 
0.631669 0.631668 0.631668 0.631667 0.631666 0.631666 0.631665 0.631665 0.631665 0.631664 0.631664 0.631664 0.631664 0.631664 0.631664 0.631665 0.631665 0.631665 0.631666 0.631666 0.631667 0.631668 0.631668 0.631669 0.63167 0.631671 0.631671 0.631672 0.631673 0.631674 0.631675 0.631675 0.631676 0.631677 0.631677 0.631678 0.631679 0.631679 0.631679 0.63168 0.63168 0.63168 0.63168 0.63168 0.63168 0.63168 0.63168 0.631679 0.631679 0.631679 0.631678 0.631678 0.631677 0.631676 0.631675 0.631675 0.631674 0.631673 0.631672 0.631672 0.631671 0.63167 
0.691988 0.691987 0.691985 0.691984 0.691983 0.691982 0.691981 0.69198 0.691979 0.691978 0.691977 0.691977 0.691976 0.691976 0.691975 0.691975 0.691975 0.691975 0.691975 0.691976 0.691976 0.691977 0.691977 0.691978 0.691979 0.69198 0.691981 0.691982 0.691983 0.691984 0.691986 0.691987 0.691988 0.691989 0.691991 0.691992 0.691993 0.691994 0.691995 0.691996 0.691997 0.691998 0.691998 0.691999 0.691999 0.691999 0.692 0.692 0.692 0.691999 0.691999 0.691999 0.691998 0.691997 0.691997 0.691996 0.691995 0.691994 0.691993 0.691991 0.69199 0.691989 
0.744776 0.744774 0.744773 0.744771 0.744769 0.744768 0.744766 0.744765 0.744763 0.744762 0.74476 0.744759 0.744758 0.744757 0.744756 0.744755 0.744754 0.744754 0.744754 0.744753 0.744753 0.744753 0.744754 0.744754 0.744755 0.744755 0.744756 0.744757 0.744758 0.74476 0.744761 0.744762 0.744764 0.744765 0.744767 0.744769 0.74477 0.744772 0.744773 0.744775 0.744776 0.744778 0.744779 0.74478 0.744781 0.744782 0.744783 0.744784 0.744784 0.744784 0.744785 0.744785 0.744785 0.744784 0.744784 0.744783 0.744782 0.744782 0.744781 0.744779 0.744778 0.744777 
0.789757 0.789755 0.789754 0.789753 0.789751 0.789749 0.789748 0.789746 0.789745 0.789743 0.789741 0.78974 0.789738 0.789737 0.789735 0.789734 0.789733 0.789732 0.789731 0.78973 0.78973 0.789729 0.789729 0.789729 0.789729 0.789729 0.78973 0.78973 0.789731 0.789732 0.789733 0.789734 0.789735 0.789737 0.789738 0.78974 0.789741 0.789743 0.789744 0.789746 0.789748 0.789749 0.789751 0.789753 0.789754 0.789755 0.789757 0.789758 0.789759 0.78976 0.78976 0.789761 0.789761 0.789762 0.789762 0.789762 0.789761 0.789761 0.78976 0.78976 0.789759 0.789758 
0.826739 0.826738 0.826737 0.826736 0.826735 0.826734 0.826733 0.826731 0.82673 0.826729 0.826727 0.826726 0.826725 0.826723 0.826722 0.826721 0.82672 0.826719 0.826718 0.826717 0.826716 0.826716 0.826715 0.826715 0.826715 0.826715 0.826715 0.826715 0.826715 0.826715 0.826716 0.826717 0.826718 0.826718 0.826719 0.826721 0.826722 0.826723 0.826724 0.826726 0.826727 0.826728 0.82673 0.826731 0.826732 0.826733 0.826735 0.826736 0.826737 0.826738 0.826739 0.826739 0.82674 0.82674 0.826741 0.826741 0.826741 0.826741 0.826741 0.826741 0.82674 0.82674 
0.855595 0.855595 0.855594 0.855594 0.855593 0.855593 0.855592 0.855592 0.855591 0.85559 0.85559 0.855589 0.855588 0.855588 0.855587 0.855587 0.855586 0.855586 0.855586 0.855585 0.855585 0.855585 0.855585 0.855584 0.855584 0.855584 0.855584 0.855585 0.855585 0.855585 0.855585 0.855586 0.855586 0.855587 0.855587 0.855588 0.855588 0.855589 0.85559 0.85559 0.855591 0.855591 0.855592 0.855593 0.855593 0.855594 0.855594 0.855595 0.855595 0.855596 0.855596 0.855596 0.855596 0.855597 0.855597 0.855597 0.855597 0.855597 0.855596 0.855596 0.855596 0.855596 
0.876248 0.876248 0.876247 0.876247 0.876247 0.876247 0.876247 0.876247 0.876247 0.876247 0.876248 0.876248 0.876248 0.876249 0.876249 0.87625 0.87625 0.876251 0.876252 0.876252 0.876253 0.876253 0.876254 0.876255 0.876255 0.876256 0.876256 0.876257 0.876257 0.876258 0.876258 0.876259 0.876259 0.876259 0.876259 0.876259 0.876259 0.876259 0.876259 0.876259 0.876259 0.876259 0.876258 0.876258 0.876258 0.876257 0.876257 0.876256 0.876255 0.876255 0.876254 0.876254 0.876253 0.876252 0.876252 0.876251 0.876251 0.87625 0.87625 0.876249 0.876249 0.876248 
0.888652 0.888651 0.888651 0.888651 0.888652 0.888652 0.888653 0.888654 0.888654 0.888655 0.888657 0.888658 0.888659 0.888661 0.888662 0.888664 0.888665 0.888667 0.888669 0.88867 0.888672 0.888674 0.888675 0.888676 0.888678 0.888679 0.88868 0.888681 0.888682 0.888683 0.888683 0.888684 0.888684 0.888684 0.888684 0.888683 0.888683 0.888682 0.888682 0.888681 0.88868 0.888679 0.888677 0.888676 0.888674 0.888673 0.888671 0.88867 0.888668 0.888666 0.888665 0.888663 0.888662 0.88866 0.888659 0.888657 0.888656 0.888655 0.888654 0.888653 0.888653 0.888652 
0.892784 0.892784 0.892785 0.892785 0.892786 0.892787 0.892789 0.89279 0.892792 0.892794 0.892796 0.892798 0.8928 0.892802 0.892805 0.892807 0.89281 0.892812 0.892814 0.892817 0.892819 0.892821 0.892823 0.892825 0.892827 0.892828 0.89283 0.892831 0.892831 0.892832 0.892832 0.892833 0.892832 0.892832 0.892832 0.892831 0.89283 0.892828 0.892827 0.892825 0.892823 0.892821 0.892819 0.892817 0.892815 0.892812 0.89281 0.892807 0.892805 0.892802 0.8928 0.892798 0.892796 0.892794 0.892792 0.89279 0.892789 0.892787 0.892786 0.892785 0.892785 0.892784 
0.888641 0.888642 0.888643 0.888644 0.888646 0.888648 0.88865 0.888652 0.888655 0.888657 0.88866 0.888663 0.888666 0.888669 0.888671 0.888674 0.888677 0.88868 0.888682 0.888685 0.888687 0.888689 0.888691 0.888692 0.888693 0.888695 0.888695 0.888696 0.888696 0.888696 0.888696 0.888695 0.888694 0.888693 0.888691 0.88869 0.888688 0.888686 0.888683 0.888681 0.888678 0.888676 0.888673 0.88867 0.888667 0.888664 0.888661 0.888659 0.888656 0.888654 0.888651 0.888649 0.888647 0.888645 0.888644 0.888642 0.888641 0.88864 0.88864 0.88864 0.88864 0.88864 
0.876231 0.876233 0.876236 0.876238 0.876241 0.876243 0.876246 0.876249 0.876252 0.876255 0.876258 0.876261 0.876264 0.876266 0.876269 0.876271 0.876274 0.876276 0.876277 0.876279 0.87628 0.876281 0.876282 0.876283 0.876283 0.876283 0.876282 0.876282 0.876281 0.876279 0.876278 0.876276 0.876274 0.876272 0.876269 0.876267 0.876264 0.876261 0.876258 0.876255 0.876252 0.87625 0.876247 0.876244 0.876241 0.876239 0.876236 0.876234 0.876232 0.87623 0.876228 0.876227 0.876226 0.876225 0.876225 0.876225 0.876225 0.876225 0.876226 0.876227 0.876228 0.87623 
0.855582 0.855585 0.855588 0.855591 0.855594 0.855596 0.855599 0.855602 0.855605 0.855607 0.85561 0.855612 0.855614 0.855616 0.855617 0.855618 0.855619 0.85562 0.85562 0.85562 0.85562 0.85562 0.855619 0.855618 0.855616 0.855615 0.855613 0.855611 0.855608 0.855606 0.855603 0.855601 0.855598 0.855595 0.855592 0.855589 0.855586 0.855583 0.85558 0.855578 0.855575 0.855573 0.855571 0.855569 0.855567 0.855565 0.855564 0.855563 0.855563 0.855562 0.855562 0.855562 0.855563 0.855564 0.855565 0.855566 0.855568 0.85557 0.855572 0.855574 0.855577 0.855579 
0.826737 0.826739 0.826742 0.826745 0.826747 0.826749 0.826751 0.826753 0.826755 0.826756 0.826757 0.826757 0.826758 0.826758 0.826758 0.826757 0.826756 0.826755 0.826754 0.826752 0.826751 0.826748 0.826746 0.826744 0.826741 0.826738 0.826736 0.826733 0.82673 0.826727 0.826724 0.826721 0.826718 0.826715 0.826713 0.82671 0.826708 0.826706 0.826704 0.826703 0.826702 0.826701 0.8267 0.826699 0.826699 0.8267 0.8267 0.826701 0.826702 0.826703 0.826705 0.826707 0.826709 0.826711 0.826714 0.826716 0.826719 0.826722 0.826725 0.826728 0.826731 0.826734 
0.789768 0.78977 0.789771 0.789772 0.789773 0.789774 0.789775 0.789775 0.789775 0.789774 0.789773 0.789772 0.789771 0.78977 0.789768 0.789766 0.789764 0.789761 0.789759 0.789756 0.789753 0.789751 0.789748 0.789745 0.789742 0.789739 0.789736 0.789734 0.789731 0.789729 0.789727 0.789725 0.789723 0.789721 0.78972 0.789719 0.789718 0.789718 0.789718 0.789718 0.789718 0.789719 0.78972 0.789721 0.789723 0.789725 0.789727 0.789729 0.789731 0.789734 0.789737 0.789739 0.789742 0.789745 0.789748 0.789751 0.789754 0.789756 0.789759 0.789761 0.789764 0.789766 
0.744795 0.744795 0.744795 0.744795 0.744794 0.744794 0.744793 0.744791 0.74479 0.744788 0.744786 0.744784 0.744782 0.74478 0.744777 0.744775 0.744772 0.744769 0.744767 0.744764 0.744762 0.744759 0.744757 0.744755 0.744753 0.744751 0.74475 0.744748 0.744747 0.744746 0.744745 0.744745 0.744745 0.744745 0.744745 0.744746 0.744746 0.744748 0.744749 0.74475 0.744752 0.744754 0.744756 0.744758 0.744761 0.744763 0.744766 0.744768 0.744771 0.744773 0.744776 0.744778 0.744781 0.744783 0.744785 0.744787 0.744789 0.74479 0.744792 0.744793 0.744794 0.744795 
0.692007 0.692006 0.692005 0.692003 0.692002 0.692 0.691998 0.691997 0.691995 0.691993 0.691991 0.691989 0.691987 0.691985 0.691983 0.691981 0.691979 0.691977 0.691975 0.691974 0.691973 0.691971 0.69197 0.69197 0.691969 0.691968 0.691968 0.691968 0.691968 0.691969 0.691969 0.69197 0.691971 0.691972 0.691974 0.691975 0.691977 0.691978 0.69198 0.691982 0.691984 0.691986 0.691988 0.69199 0.691992 0.691994 0.691996 0.691998 0.692 0.692001 0.692003 0.692004 0.692006 0.692007 0.692007 0.692008 0.692008 0.692009 0.692009 0.692008 0.692008 0.692007 
0.631681 0.631679 0.631678 0.631677 0.631675 0.631674 0.631672 0.631671 0.63167 0.631668 0.631667 0.631666 0.631664 0.631663 0.631662 0.631662 0.631661 0.63166 0.63166 0.631659 0.631659 0.631659 0.631659 0.631659 0.63166 0.63166 0.631661 0.631662 0.631662 0.631663 0.631665 0.631666 0.631667 0.631668 0.63167 0.631671 0.631673 0.631674 0.631675 0.631677 0.631678 0.63168 0.631681 0.631682 0.631683 0.631684 0.631685 0.631686 0.631686 0.631687 0.631687 0.631687 0.631687 0.631687 0.631687 0.631687 0.631686 0.631686 0.631685 0.631684 0.631683 0.631682 
0.564201 0.5642 0.5642 0.564199 0.564198 0.564197 0.564196 0.564196 0.564195 0.564195 0.564194 0.564194 0.564193 0.564193 0.564193 0.564193 0.564193 0.564193 0.564193 0.564193 0.564194 0.564194 0.564195 0.564195 0.564196 0.564197 0.564197 0.564198 0.564199 0.5642 0.564201 0.564202 0.564202 0.564203 0.564204 0.564205 0.564206 0.564206 0.564207 0.564208 0.564208 0.564209 0.564209 0.56421 0.56421 0.56421 0.56421 0.56421 0.56421 0.56421 0.564209 0.564209 0.564209 0.564208 0.564208 0.564207 0.564206 0.564205 0.564205 0.564204 0.564203 0.564202 
0.490075 0.490074 0.490074 0.490074 0.490073 0.490073 0.490073 0.490073 0.490073 0.490073 0.490073 0.490073 0.490073 0.490073 0.490073 0.490073 0.490073 0.490074 0.490074 0.490074 0.490075 0.490075 0.490075 0.490076 0.490076 0.490077 0.490077 0.490077 0.490078 0.490078 0.490079 0.490079 0.490079 0.49008 0.49008 0.49008 0.490081 0.490081 0.490081 0.490081 0.490081 0.490081 0.490081 0.490081 0.490081 0.490081 0.490081 0.49008 0.49008 0.49008 0.490079 0.490079 0.490079 0.490078 0.490078 0.490077 0.490077 0.490077 0.490076 0.490076 0.490075 0.490075 
0.409946 0.409946 0.409946 0.409946 0.409946 0.409946 0.409946 0.409946 0.409946 0.409946 0.409946 0.409946 0.409946 0.409946 0.409947 0.409947 0.409947 0.409947 0.409947 0.409947 0.409947 0.409948 0.409948 0.409948 0.409948 0.409948 0.409948 0.409949 0.409949 0.409949 0.409949 0.409949 0.409949 0.409949 0.409949 0.409949 0.409949 0.409949 0.409949 0.409949 0.409949 0.409949 0.409949 0.409949 0.409949 0.409949 0.409949 0.409948 0.409948 0.409948 0.409948 0.409948 0.409948 0.409948 0.409947 0.409947 0.409947 0.409947 0.409947 0.409947 0.409947 0.409946 
0.324617 0.324617 0.324617 0.324617 0.324617 0.324617 0.324617 0.324617 0.324617 0.324617 0.324617 0.324617 0.324617 0.324617 0.324617 0.324617 0.324617 0.324617 0.324617 0.324617 0.324617 0.324617 0.324617 0.324617 0.324617 0.324617 0.324617 0.324617 0.324617 0.324617 0.324617 0.324617 0.324617 0.324617 0.324617 0.324617 0.324617 0.324617 0.324617 0.324617 0.324617 0.324617 0.324617 0.324617 0.324617 0.324617 0.324617 0.324617 0.324617 0.324617 0.324617 0.324617 0.324617 0.324617 0.324617 0.324617 0.324617 0.324617 0.324617 0.324617 0.324617 0.324617 
0.235042 0.235042 0.235042 0.235041 0.235041 0.235041 0.235041 0.235041 0.235041 0.235041 0.235041 0.235041 0.235041 0.235041 0.235041 0.235041 0.235041 0.235041 0.235041 0.235041 0.235041 0.235041 0.235041 0.235041 0.235041 0.235041 0.235041 0.235041 0.235041 0.235041 0.235041 0.235041 0.235041 0.235041 0.235041 0.235041 0.235041 0.235041 0.235041 0.235041 0.235041 0.235041 0.235042 0.235042 0.235042 0.235042 0.235042 0.235042 0.235042 0.235042 0.235042 0.235042 0.235042 0.235042 0.235042 0.235042 0.235042 0.235042 0.235042 0.235042 0.235042 0.235042 
0.142318 0.142318 0.142318 0.142318 0.142318 0.142318 0.142318 0.142318 0.142318 0.142318 0.142318 0.142318 0.142318 0.142318 0.142318 0.142318 0.142318 0.142318 0.142318 0.142318 0.142318 0.142318 0.142318 0.142318 0.142318 0.142318 0.142318 0.142318 0.142318 0.142318 0.142318 0.142318 0.142318 0.142318 0.142318 0.142318 0.142318 0.142318 0.142318 0.142318 0.142318 0.142318 0.142318 0.142318 0.142319 0.142319 0.142319 0.142319 0.142319 0.142319 0.142319 0.142319 0.142319 0.142319 0.142319 0.142319 0.142319 0.142319 0.142319 0.142319 0.142319 0.142319 
0.0476577 0.0476577 0.0476577 0.0476577 0.0476576 0.0476576 0.0476576 0.0476576 0.0476575 0.0476575 0.0476575 0.0476574 0.0476574 0.0476574 0.0476574 0.0476573 0.0476573 0.0476573 0.0476573 0.0476572 0.0476572 0.0476572 0.0476572 0.0476572 0.0476572 0.0476572 0.0476572 0.0476572 0.0476572 0.0476572 0.0476573 0.0476573 0.0476573 0.0476573 0.0476574 0.0476574 0.0476574 0.0476574 0.0476575 0.0476575 0.0476575 0.0476576 0.0476576 0.0476576 0.0476577 0.0476577 0.0476577 0.0476577 0.0476577 0.0476578 0.0476578 0.0476578 0.0476578 0.0476578 0.0476578 0.0476578 0.0476578 0.0476578 0.0476578 0.0476578 0.0476578 0.0476578 
