0.046928 0.046928 0.046928 0.046928 0.046928 0.0469281 0.0469281 0.0469281 0.0469281 0.0469282 0.0469282 0.0469282 0.0469282 0.0469283 0.0469283 0.0469283 0.0469283 0.0469283 0.0469283 0.0469283 0.0469283 0.0469283 0.0469283 0.0469283 0.0469283 0.0469283 0.0469283 0.0469283 0.0469283 0.0469283 0.0469283 0.0469282 0.0469282 0.0469282 0.0469282 0.0469282 0.0469281 0.0469281 0.0469281 0.0469281 0.046928 0.046928 0.046928 0.046928 0.0469279 0.0469279 0.0469279 0.0469279 0.0469279 0.0469279 0.0469279 0.0469279 0.0469279 0.0469279 0.0469279 0.0469279 0.0469279 0.0469279 0.0469279 0.0469279 0.0469279 0.0469279 
0.140157 0.140157 0.140157 0.140157 0.140157 0.140157 0.140157 0.140157 0.140157 0.140157 0.140157 0.140157 0.140157 0.140157 0.140157 0.140157 0.140158 0.140158 0.140158 0.140158 0.140158 0.140158 0.140158 0.140157 0.140157 0.140157 0.140157 0.140157 0.140157 0.140157 0.140157 0.140157 0.140157 0.140157 0.140157 0.140157 0.140157 0.140157 0.140157 0.140157 0.140157 0.140157 0.140157 0.140157 0.140157 0.140157 0.140157 0.140157 0.140157 0.140157 0.140157 0.140157 0.140157 0.140157 0.140157 0.140157 0.140157 0.140157 0.140157 0.140157 0.140157 0.140157 
0.231527 0.231527 0.231527 0.231527 0.231527 0.231527 0.231527 0.231527 0.231527 0.231527 0.231527 0.231527 0.231527 0.231527 0.231527 0.231527 0.231527 0.231527 0.231527 0.231527 0.231527 0.231527 0.231527 0.231527 0.231527 0.231527 0.231527 0.231527 0.231527 0.231527 0.231527 0.231527 0.231527 0.231527 0.231527 0.231527 0.231527 0.231527 0.231527 0.231527 0.231527 0.231527 0.231527 0.231527 0.231527 0.231527 0.231526 0.231526 0.231526 0.231526 0.231526 0.231526 0.231526 0.231526 0.231527 0.231527 0.231527 0.231527 0.231527 0.231527 0.231527 0.231527 
0.31987 0.31987 0.31987 0.31987 0.31987 0.31987 0.31987 0.31987 0.319871 0.319871 0.319871 0.319871 0.319871 0.319871 0.319871 0.319871 0.319871 0.319871 0.319871 0.319871 0.319871 0.319871 0.319871 0.319871 0.319871 0.319871 0.319871 0.319871 0.319871 0.319871 0.319871 0.319871 0.31987 0.31987 0.31987 0.31987 0.31987 0.31987 0.31987 0.31987 0.31987 0.31987 0.31987 0.31987 0.31987 0.31987 0.31987 0.31987 0.31987 0.31987 0.31987 0.31987 0.31987 0.31987 0.31987 0.31987 0.31987 0.31987 0.31987 0.31987 0.31987 0.31987 
0.40412 0.404121 0.404121 0.404121 0.404121 0.404121 0.404121 0.404121 0.404121 0.404121 0.404121 0.404121 0.404121 0.404121 0.404121 0.404121 0.404121 0.404121 0.404121 0.40412 0.40412 0.40412 0.40412 0.40412 0.40412 0.40412 0.40412 0.40412 0.40412 0.40412 0.40412 0.40412 0.40412 0.40412 0.40412 0.40412 0.40412 0.40412 0.40412 0.40412 0.40412 0.40412 0.40412 0.40412 0.40412 0.40412 0.40412 0.40412 0.40412 0.40412 0.40412 0.40412 0.40412 0.40412 0.40412 0.40412 0.40412 0.40412 0.40412 0.40412 0.40412 0.40412 
0.483337 0.483337 0.483337 0.483337 0.483337 0.483337 0.483337 0.483337 0.483337 0.483337 0.483337 0.483337 0.483337 0.483337 0.483337 0.483337 0.483336 0.483336 0.483336 0.483336 0.483336 0.483336 0.483336 0.483336 0.483335 0.483335 0.483335 0.483335 0.483335 0.483335 0.483335 0.483335 0.483335 0.483335 0.483335 0.483335 0.483335 0.483335 0.483335 0.483335 0.483335 0.483335 0.483335 0.483335 0.483335 0.483335 0.483335 0.483335 0.483336 0.483336 0.483336 0.483336 0.483336 0.483336 0.483336 0.483336 0.483337 0.483337 0.483337 0.483337 0.483337 0.483337 
0.556719 0.556719 0.556719 0.556719 0.55672 0.55672 0.55672 0.55672 0.55672 0.55672 0.55672 0.55672 0.556719 0.556719 0.556719 0.556719 0.556719 0.556718 0.556718 0.556718 0.556718 0.556717 0.556717 0.556717 0.556716 0.556716 0.556716 0.556715 0.556715 0.556715 0.556714 0.556714 0.556714 0.556714 0.556713 0.556713 0.556713 0.556713 0.556713 0.556713 0.556713 0.556713 0.556713 0.556713 0.556714 0.556714 0.556714 0.556714 0.556714 0.556715 0.556715 0.556715 0.556716 0.556716 0.556716 0.556717 0.556717 0.556717 0.556718 0.556718 0.556718 0.556719 
0.623606 0.623607 0.623607 0.623608 0.623608 0.623609 0.623609 0.623609 0.62361 0.62361 0.62361 0.62361 0.62361 0.62361 0.62361 0.62361 0.62361 0.623609 0.623609 0.623609 0.623608 0.623608 0.623607 0.623607 0.623606 0.623605 0.623605 0.623604 0.623603 0.623603 0.623602 0.623602 0.623601 0.6236 0.6236 0.623599 0.623599 0.623599 0.623598 0.623598 0.623598 0.623598 0.623598 0.623598 0.623598 0.623598 0.623598 0.623598 0.623598 0.623599 0.623599 0.6236 0.6236 0.623601 0.623601 0.623602 0.623602 0.623603 0.623604 0.623604 0.623605 0.623605 
0.683476 0.683477 0.683478 0.683479 0.68348 0.683481 0.683482 0.683482 0.683483 0.683484 0.683484 0.683485 0.683485 0.683486 0.683486 0.683486 0.683486 0.683486 0.683486 0.683486 0.683485 0.683485 0.683485 0.683484 0.683483 0.683483 0.683482 0.683481 0.68348 0.683479 0.683478 0.683477 0.683476 0.683475 0.683474 0.683473 0.683472 0.683471 0.683471 0.68347 0.683469 0.683469 0.683468 0.683468 0.683467 0.683467 0.683467 0.683467 0.683467 0.683467 0.683467 0.683468 0.683468 0.683468 0.683469 0.68347 0.68347 0.683471 0.683472 0.683473 0.683474 0.683475 
0.735929 0.735931 0.735932 0.735933 0.735934 0.735936 0.735937 0.735938 0.735939 0.735941 0.735942 0.735943 0.735944 0.735945 0.735945 0.735946 0.735946 0.735947 0.735947 0.735947 0.735947 0.735947 0.735947 0.735947 0.735946 0.735946 0.735945 0.735944 0.735943 0.735942 0.735941 0.73594 0.735939 0.735938 0.735937 0.735935 0.735934 0.735933 0.735932 0.73593 0.735929 0.735928 0.735927 0.735926 0.735925 0.735924 0.735924 0.735923 0.735923 0.735923 0.735922 0.735922 0.735922 0.735923 0.735923 0.735923 0.735924 0.735925 0.735925 0.735926 0.735927 0.735928 
0.780674 0.780675 0.780676 0.780678 0.780679 0.78068 0.780682 0.780683 0.780684 0.780686 0.780687 0.780688 0.780689 0.780691 0.780692 0.780693 0.780694 0.780695 0.780695 0.780696 0.780696 0.780697 0.780697 0.780697 0.780697 0.780697 0.780696 0.780696 0.780695 0.780695 0.780694 0.780693 0.780692 0.780691 0.78069 0.780688 0.780687 0.780686 0.780684 0.780683 0.780682 0.78068 0.780679 0.780678 0.780676 0.780675 0.780674 0.780673 0.780673 0.780672 0.780671 0.780671 0.78067 0.78067 0.78067 0.78067 0.78067 0.780671 0.780671 0.780672 0.780673 0.780673 
0.817502 0.817503 0.817504 0.817505 0.817506 0.817507 0.817508 0.817509 0.81751 0.817511 0.817512 0.817513 0.817515 0.817516 0.817517 0.817518 0.817519 0.81752 0.81752 0.817521 0.817522 0.817522 0.817523 0.817523 0.817523 0.817523 0.817523 0.817523 0.817523 0.817522 0.817522 0.817521 0.81752 0.81752 0.817519 0.817518 0.817517 0.817516 0.817515 0.817514 0.817512 0.817511 0.81751 0.817509 0.817508 0.817507 0.817506 0.817505 0.817504 0.817503 0.817502 0.817502 0.817501 0.817501 0.817501 0.8175 0.8175 0.8175 0.817501 0.817501 0.817501 0.817502 
0.846269 0.84627 0.84627 0.846271 0.846271 0.846272 0.846273 0.846273 0.846274 0.846275 0.846275 0.846276 0.846276 0.846277 0.846278 0.846278 0.846279 0.846279 0.84628 0.84628 0.84628 0.846281 0.846281 0.846281 0.846281 0.846281 0.846281 0.846281 0.84628 0.84628 0.84628 0.846279 0.846279 0.846278 0.846278 0.846277 0.846277 0.846276 0.846276 0.846275 0.846274 0.846274 0.846273 0.846272 0.846272 0.846271 0.846271 0.84627 0.84627 0.846269 0.846269 0.846269 0.846268 0.846268 0.846268 0.846268 0.846268 0.846268 0.846268 0.846268 0.846269 0.846269 
0.866879 0.866879 0.866879 0.86688 0.86688 0.86688 0.86688 0.86688 0.86688 0.866881 0.866881 0.86688 0.86688 0.86688 0.86688 0.86688 0.86688 0.866879 0.866879 0.866879 0.866878 0.866878 0.866877 0.866877 0.866877 0.866876 0.866876 0.866875 0.866875 0.866874 0.866874 0.866874 0.866873 0.866873 0.866873 0.866872 0.866872 0.866872 0.866872 0.866872 0.866872 0.866872 0.866872 0.866872 0.866872 0.866872 0.866873 0.866873 0.866873 0.866873 0.866874 0.866874 0.866875 0.866875 0.866875 0.866876 0.866876 0.866877 0.866877 0.866878 0.866878 0.866878 
0.879269 0.879269 0.87927 0.87927 0.87927 0.879269 0.879269 0.879269 0.879268 0.879268 0.879267 0.879266 0.879265 0.879264 0.879263 0.879262 0.879261 0.87926 0.879259 0.879258 0.879257 0.879255 0.879254 0.879253 0.879252 0.879251 0.87925 0.87925 0.879249 0.879248 0.879248 0.879247 0.879247 0.879247 0.879247 0.879247 0.879247 0.879247 0.879248 0.879248 0.879249 0.879249 0.87925 0.879251 0.879252 0.879253 0.879254 0.879255 0.879256 0.879258 0.879259 0.87926 0.879261 0.879262 0.879263 0.879264 0.879265 0.879266 0.879267 0.879268 0.879268 0.879269 
0.883407 0.883407 0.883407 0.883406 0.883406 0.883405 0.883404 0.883403 0.883402 0.883401 0.8834 0.883398 0.883397 0.883395 0.883393 0.883391 0.883389 0.883388 0.883386 0.883384 0.883382 0.883381 0.883379 0.883378 0.883376 0.883375 0.883374 0.883373 0.883372 0.883372 0.883371 0.883371 0.883371 0.883371 0.883371 0.883372 0.883373 0.883373 0.883374 0.883376 0.883377 0.883378 0.88338 0.883381 0.883383 0.883385 0.883387 0.883388 0.88339 0.883392 0.883394 0.883396 0.883397 0.883399 0.8834 0.883402 0.883403 0.883404 0.883405 0.883406 0.883406 0.883407 
0.87928 0.879279 0.879278 0.879278 0.879276 0.879275 0.879273 0.879272 0.87927 0.879268 0.879266 0.879264 0.879262 0.879259 0.879257 0.879255 0.879253 0.879251 0.879249 0.879247 0.879245 0.879243 0.879242 0.87924 0.879239 0.879238 0.879238 0.879237 0.879237 0.879237 0.879237 0.879237 0.879238 0.879238 0.879239 0.879241 0.879242 0.879244 0.879245 0.879247 0.879249 0.879251 0.879253 0.879255 0.879258 0.87926 0.879262 0.879264 0.879266 0.879268 0.87927 0.879272 0.879274 0.879275 0.879277 0.879278 0.879279 0.879279 0.87928 0.87928 0.87928 0.87928 
0.866896 0.866894 0.866893 0.866891 0.866889 0.866887 0.866885 0.866882 0.86688 0.866878 0.866875 0.866873 0.866871 0.866868 0.866866 0.866864 0.866862 0.86686 0.866859 0.866857 0.866856 0.866855 0.866854 0.866854 0.866853 0.866853 0.866853 0.866854 0.866854 0.866855 0.866856 0.866858 0.866859 0.866861 0.866863 0.866864 0.866867 0.866869 0.866871 0.866873 0.866876 0.866878 0.86688 0.866883 0.866885 0.866887 0.866889 0.866891 0.866893 0.866895 0.866896 0.866897 0.866898 0.866899 0.8669 0.8669 0.8669 0.8669 0.866899 0.866899 0.866898 0.866897 
0.846285 0.846283 0.846281 0.846278 0.846276 0.846274 0.846271 0.846269 0.846267 0.846264 0.846262 0.84626 0.846259 0.846257 0.846256 0.846254 0.846253 0.846252 0.846252 0.846252 0.846251 0.846252 0.846252 0.846253 0.846253 0.846255 0.846256 0.846257 0.846259 0.846261 0.846263 0.846265 0.846267 0.846269 0.846272 0.846274 0.846277 0.846279 0.846281 0.846284 0.846286 0.846288 0.84629 0.846292 0.846293 0.846295 0.846296 0.846297 0.846298 0.846298 0.846299 0.846299 0.846299 0.846298 0.846298 0.846297 0.846296 0.846294 0.846293 0.846291 0.846289 0.846287 
0.81751 0.817507 0.817505 0.817503 0.817501 0.817499 0.817497 0.817495 0.817494 0.817492 0.817491 0.81749 0.81749 0.817489 0.817489 0.817489 0.817489 0.81749 0.817491 0.817492 0.817493 0.817494 0.817496 0.817498 0.8175 0.817502 0.817504 0.817506 0.817508 0.817511 0.817513 0.817516 0.817518 0.81752 0.817522 0.817525 0.817527 0.817528 0.81753 0.817532 0.817533 0.817534 0.817535 0.817535 0.817536 0.817536 0.817536 0.817536 0.817535 0.817534 0.817533 0.817532 0.817531 0.817529 0.817527 0.817525 0.817523 0.817521 0.817519 0.817517 0.817514 0.817512 
0.78067 0.780668 0.780667 0.780666 0.780664 0.780664 0.780663 0.780662 0.780662 0.780662 0.780662 0.780663 0.780664 0.780664 0.780666 0.780667 0.780668 0.78067 0.780672 0.780674 0.780676 0.780678 0.78068 0.780682 0.780685 0.780687 0.780689 0.780691 0.780693 0.780695 0.780697 0.780699 0.780701 0.780702 0.780704 0.780705 0.780706 0.780706 0.780707 0.780707 0.780707 0.780707 0.780706 0.780705 0.780705 0.780703 0.780702 0.780701 0.780699 0.780697 0.780695 0.780693 0.780691 0.780689 0.780687 0.780684 0.780682 0.78068 0.780678 0.780676 0.780674 0.780672 
0.735917 0.735916 0.735916 0.735916 0.735916 0.735917 0.735917 0.735918 0.735919 0.73592 0.735921 0.735923 0.735924 0.735926 0.735928 0.735929 0.735931 0.735933 0.735935 0.735937 0.735939 0.735941 0.735943 0.735945 0.735947 0.735948 0.73595 0.735951 0.735952 0.735953 0.735954 0.735955 0.735955 0.735956 0.735956 0.735955 0.735955 0.735955 0.735954 0.735953 0.735952 0.735951 0.735949 0.735948 0.735946 0.735944 0.735942 0.73594 0.735938 0.735936 0.735934 0.735932 0.73593 0.735929 0.735927 0.735925 0.735923 0.735922 0.735921 0.735919 0.735918 0.735918 
0.683462 0.683463 0.683464 0.683464 0.683465 0.683467 0.683468 0.683469 0.68347 0.683472 0.683473 0.683475 0.683477 0.683478 0.68348 0.683481 0.683483 0.683484 0.683486 0.683487 0.683488 0.683489 0.68349 0.683491 0.683492 0.683492 0.683493 0.683493 0.683493 0.683493 0.683493 0.683493 0.683492 0.683491 0.68349 0.683489 0.683488 0.683487 0.683486 0.683484 0.683483 0.683481 0.68348 0.683478 0.683477 0.683475 0.683474 0.683472 0.683471 0.683469 0.683468 0.683467 0.683466 0.683465 0.683464 0.683463 0.683462 0.683462 0.683462 0.683462 0.683462 0.683462 
0.623598 0.623599 0.6236 0.623601 0.623602 0.623603 0.623604 0.623605 0.623606 0.623607 0.623608 0.623609 0.62361 0.623611 0.623612 0.623613 0.623614 0.623614 0.623615 0.623615 0.623616 0.623616 0.623616 0.623616 0.623616 0.623615 0.623615 0.623615 0.623614 0.623613 0.623613 0.623612 0.623611 0.62361 0.623609 0.623608 0.623607 0.623606 0.623605 0.623603 0.623602 0.623601 0.6236 0.623599 0.623598 0.623597 0.623597 0.623596 0.623595 0.623595 0.623594 0.623594 0.623594 0.623594 0.623594 0.623594 0.623594 0.623594 0.623595 0.623595 0.623596 0.623597 
0.556716 0.556717 0.556718 0.556719 0.556719 0.55672 0.55672 0.556721 0.556722 0.556722 0.556723 0.556723 0.556723 0.556724 0.556724 0.556724 0.556724 0.556724 0.556724 0.556724 0.556724 0.556723 0.556723 0.556723 0.556722 0.556722 0.556721 0.556721 0.55672 0.556719 0.556719 0.556718 0.556717 0.556717 0.556716 0.556715 0.556715 0.556714 0.556714 0.556713 0.556712 0.556712 0.556712 0.556711 0.556711 0.556711 0.556711 0.556711 0.556711 0.556711 0.556711 0.556711 0.556711 0.556711 0.556712 0.556712 0.556713 0.556713 0.556714 0.556715 0.556715 0.556716 
0.483338 0.483338 0.483339 0.483339 0.483339 0.483339 0.48334 0.48334 0.48334 0.48334 0.48334 0.48334 0.48334 0.48334 0.48334 0.48334 0.48334 0.48334 0.483339 0.483339 0.483339 0.483339 0.483338 0.483338 0.483338 0.483337 0.483337 0.483337 0.483336 0.483336 0.483336 0.483335 0.483335 0.483335 0.483334 0.483334 0.483334 0.483334 0.483334 0.483333 0.483333 0.483333 0.483333 0.483333 0.483333 0.483333 0.483334 0.483334 0.483334 0.483334 0.483334 0.483335 0.483335 0.483335 0.483335 0.483336 0.483336 0.483336 0.483337 0.483337 0.483338 0.483338 
0.404122 0.404122 0.404122 0.404122 0.404122 0.404122 0.404122 0.404122 0.404122 0.404122 0.404122 0.404122 0.404122 0.404122 0.404122 0.404122 0.404122 0.404122 0.404122 0.404121 0.404121 0.404121 0.404121 0.404121 0.404121 0.404121 0.404121 0.40412 0.40412 0.40412 0.40412 0.40412 0.40412 0.40412 0.40412 0.40412 0.40412 0.40412 0.40412 0.40412 0.40412 0.40412 0.40412 0.40412 0.40412 0.40412 0.40412 0.40412 0.40412 0.40412 0.404121 0.404121 0.404121 0.404121 0.404121 0.404121 0.404121 0.404121 0.404122 0.404122 0.404122 0.404122 
0.319871 0.319871 0.319871 0.319871 0.319871 0.319871 0.319871 0.319871 0.319871 0.319871 0.319871 0.319871 0.319871 0.319871 0.319871 0.319871 0.319871 0.319871 0.319871 0.319871 0.319871 0.319871 0.319871 0.319871 0.319871 0.319871 0.319871 0.319871 0.319871 0.319871 0.319871 0.319871 0.319871 0.319871 0.319871 0.319871 0.319871 0.319871 0.319871 0.319871 0.319871 0.319871 0.319871 0.319871 0.319871 0.319871 0.319871 0.319871 0.319871 0.319871 0.319871 0.319871 0.319871 0.319871 0.319871 0.319871 0.319871 0.319871 0.319871 0.319871 0.319871 0.319871 
0.231527 0.231527 0.231527 0.231527 0.231527 0.231527 0.231527 0.231527 0.231527 0.231527 0.231527 0.231527 0.231527 0.231527 0.231528 0.231528 0.231528 0.231528 0.231528 0.231528 0.231528 0.231528 0.231528 0.231528 0.231528 0.231528 0.231528 0.231528 0.231528 0.231528 0.231528 0.231528 0.231528 0.231527 0.231527 0.231527 0.231527 0.231527 0.231527 0.231527 0.231527 0.231527 0.231527 0.231527 0.231527 0.231527 0.231527 0.231527 0.231527 0.231527 0.231527 0.231527 0.231527 0.231527 0.231527 0.231527 0.231527 0.231527 0.231527 0.231527 0.231527 0.231527 
0.140157 0.140157 0.140157 0.140157 0.140157 0.140157 0.140157 0.140157 0.140157 0.140157 0.140157 0.140157 0.140158 0.140158 0.140158 0.140158 0.140158 0.140158 0.140158 0.140158 0.140158 0.140158 0.140158 0.140158 0.140158 0.140158 0.140158 0.140158 0.140158 0.140158 0.140158 0.140158 0.140158 0.140158 0.140157 0.140157 0.140157 0.140157 0.140157 0.140157 0.140157 0.140157 0.140157 0.140157 0.140157 0.140157 0.140157 0.140157 0.140157 0.140157 0.140157 0.140157 0.140157 0.140157 0.140157 0.140157 0.140157 0.140157 0.140157 0.140157 0.140157 0.140157 
0.046928 0.046928 0.046928 0.046928 0.0469281 0.0469281 0.0469281 0.0469281 0.0469281 0.0469282 0.0469282 0.0469282 0.0469282 0.0469283 0.0469283 0.0469283 0.0469283 0.0469283 0.0469284 0.0469284 0.0469284 0.0469284 0.0469284 0.0469284 0.0469284 0.0469284 0.0469284 0.0469284 0.0469284 0.0469284 0.0469284 0.0469284 0.0469284 0.0469283 0.0469283 0.0469283 0.0469283 0.0469282 0.0469282 0.0469282 0.0469282 0.0469281 0.0469281 0.0469281 0.0469281 0.0469281 0.046928 0.046928 0.046928 0.046928 0.046928 0.046928 0.0469279 0.0469279 0.0469279 0.0469279 0.0469279 0.0469279 0.0469279 0.0469279 0.046928 0.046928 
