0.0450714 0.0450714 0.0450714 0.0450714 0.0450714 0.0450714 0.0450714 0.0450713 0.0450713 0.0450713 0.0450713 0.0450713 0.0450713 0.0450713 0.0450713 0.0450713 0.0450713 0.0450713 0.0450713 0.0450713 0.0450713 0.0450714 0.0450714 0.0450714 0.0450714 0.0450714 0.0450714 0.0450714 0.0450714 0.0450714 0.0450715 0.0450715 0.0450715 0.0450715 0.0450715 0.0450715 0.0450715 0.0450715 0.0450715 0.0450716 0.0450716 0.0450716 0.0450716 0.0450716 0.0450716 0.0450716 0.0450716 0.0450716 0.0450716 0.0450716 0.0450716 0.0450715 0.0450715 0.0450715 0.0450715 0.0450715 0.0450715 0.0450715 0.0450715 0.0450715 0.0450714 0.0450714 
0.134647 0.134647 0.134647 0.134647 0.134647 0.134647 0.134647 0.134647 0.134647 0.134647 0.134647 0.134647 0.134647 0.134647 0.134647 0.134647 0.134647 0.134647 0.134647 0.134647 0.134647 0.134647 0.134647 0.134647 0.134647 0.134647 0.134647 0.134647 0.134647 0.134647 0.134647 0.134647 0.134647 0.134647 0.134647 0.134647 0.134647 0.134647 0.134647 0.134647 0.134647 0.134647 0.134647 0.134647 0.134647 0.134647 0.134647 0.134647 0.134647 0.134647 0.134647 0.134647 0.134647 0.134647 0.134647 0.134647 0.134647 0.134647 0.134647 0.134647 0.134647 0.134647 
0.222537 0.222537 0.222537 0.222537 0.222537 0.222537 0.222537 0.222537 0.222537 0.222537 0.222537 0.222537 0.222537 0.222537 0.222537 0.222537 0.222537 0.222537 0.222537 0.222537 0.222537 0.222537 0.222537 0.222537 0.222537 0.222537 0.222537 0.222537 0.222537 0.222537 0.222537 0.222538 0.222538 0.222538 0.222538 0.222538 0.222538 0.222538 0.222538 0.222538 0.222538 0.222538 0.222538 0.222538 0.222538 0.222538 0.222538 0.222538 0.222538 0.222538 0.222538 0.222538 0.222538 0.222537 0.222537 0.222537 0.222537 0.222537 0.222537 0.222537 0.222537 0.222537 
0.307673 0.307673 0.307673 0.307673 0.307673 0.307672 0.307672 0.307672 0.307672 0.307672 0.307672 0.307672 0.307672 0.307672 0.307672 0.307672 0.307672 0.307672 0.307672 0.307673 0.307673 0.307673 0.307673 0.307673 0.307673 0.307673 0.307673 0.307673 0.307673 0.307673 0.307673 0.307673 0.307673 0.307673 0.307673 0.307673 0.307673 0.307673 0.307673 0.307673 0.307673 0.307673 0.307673 0.307673 0.307673 0.307673 0.307673 0.307673 0.307673 0.307673 0.307673 0.307673 0.307673 0.307673 0.307673 0.307673 0.307673 0.307673 0.307673 0.307673 0.307673 0.307673 
0.389059 0.389059 0.389059 0.389059 0.389059 0.389059 0.389059 0.389059 0.389059 0.389059 0.389059 0.389059 0.389059 0.389059 0.389059 0.389059 0.389059 0.389059 0.389059 0.389059 0.389059 0.389059 0.389059 0.389059 0.389059 0.389059 0.389059 0.389059 0.389059 0.389059 0.389059 0.389059 0.389059 0.389059 0.389059 0.389059 0.389059 0.389059 0.389059 0.389059 0.389059 0.389059 0.389059 0.389059 0.389059 0.389059 0.389059 0.389059 0.389059 0.389059 0.389059 0.389059 0.389059 0.389059 0.389059 0.389059 0.389059 0.389059 0.389059 0.389059 0.389059 0.389059 
0.465798 0.465798 0.465798 0.465799 0.465799 0.465799 0.465799 0.465799 0.465799 0.465799 0.465799 0.465799 0.465799 0.465799 0.465799 0.465799 0.465799 0.465799 0.465799 0.4658 0.4658 0.4658 0.4658 0.4658 0.4658 0.4658 0.4658 0.4658 0.4658 0.4658 0.4658 0.4658 0.4658 0.465799 0.465799 0.465799 0.465799 0.465799 0.465799 0.465799 0.465799 0.465799 0.465799 0.465799 0.465799 0.465799 0.465799 0.465799 0.465799 0.465799 0.465798 0.465798 0.465798 0.465798 0.465798 0.465798 0.465798 0.465798 0.465798 0.465798 0.465798 0.465798 
0.537105 0.537105 0.537105 0.537105 0.537105 0.537106 0.537106 0.537106 0.537106 0.537106 0.537106 0.537106 0.537107 0.537107 0.537107 0.537107 0.537107 0.537108 0.537108 0.537108 0.537108 0.537108 0.537108 0.537108 0.537109 0.537109 0.537109 0.537109 0.537109 0.537109 0.537109 0.537109 0.537109 0.537109 0.537109 0.537108 0.537108 0.537108 0.537108 0.537108 0.537108 0.537108 0.537107 0.537107 0.537107 0.537107 0.537107 0.537107 0.537106 0.537106 0.537106 0.537106 0.537106 0.537106 0.537106 0.537105 0.537105 0.537105 0.537105 0.537105 0.537105 0.537105 
0.60231 0.60231 0.60231 0.60231 0.60231 0.60231 0.60231 0.602311 0.602311 0.602311 0.602311 0.602311 0.602312 0.602312 0.602312 0.602313 0.602313 0.602313 0.602314 0.602314 0.602314 0.602315 0.602315 0.602315 0.602316 0.602316 0.602316 0.602316 0.602317 0.602317 0.602317 0.602317 0.602317 0.602317 0.602317 0.602317 0.602317 0.602317 0.602317 0.602317 0.602316 0.602316 0.602316 0.602316 0.602315 0.602315 0.602315 0.602314 0.602314 0.602314 0.602313 0.602313 0.602313 0.602312 0.602312 0.602312 0.602311 0.602311 0.602311 0.602311 0.602311 0.60231 
0.660862 0.660861 0.660861 0.660861 0.660861 0.66086 0.66086 0.66086 0.66086 0.660861 0.660861 0.660861 0.660861 0.660861 0.660862 0.660862 0.660863 0.660863 0.660864 0.660864 0.660865 0.660865 0.660866 0.660866 0.660867 0.660867 0.660868 0.660868 0.660869 0.660869 0.66087 0.66087 0.66087 0.660871 0.660871 0.660871 0.660871 0.660871 0.660871 0.660871 0.660871 0.660871 0.660871 0.660871 0.66087 0.66087 0.66087 0.660869 0.660869 0.660868 0.660868 0.660867 0.660867 0.660866 0.660865 0.660865 0.660864 0.660864 0.660863 0.660863 0.660862 0.660862 
0.712316 0.712315 0.712315 0.712314 0.712314 0.712313 0.712313 0.712313 0.712312 0.712312 0.712312 0.712312 0.712312 0.712312 0.712313 0.712313 0.712313 0.712314 0.712314 0.712315 0.712315 0.712316 0.712316 0.712317 0.712318 0.712319 0.712319 0.71232 0.712321 0.712322 0.712322 0.712323 0.712324 0.712324 0.712325 0.712325 0.712326 0.712326 0.712326 0.712326 0.712327 0.712327 0.712327 0.712327 0.712326 0.712326 0.712326 0.712326 0.712325 0.712325 0.712324 0.712324 0.712323 0.712322 0.712322 0.712321 0.71232 0.712319 0.712319 0.712318 0.712317 0.712317 
0.756327 0.756326 0.756325 0.756324 0.756323 0.756323 0.756322 0.756322 0.756321 0.756321 0.75632 0.75632 0.75632 0.75632 0.75632 0.75632 0.75632 0.75632 0.75632 0.756321 0.756321 0.756322 0.756322 0.756323 0.756324 0.756325 0.756325 0.756326 0.756327 0.756328 0.756329 0.75633 0.75633 0.756331 0.756332 0.756333 0.756333 0.756334 0.756334 0.756335 0.756335 0.756336 0.756336 0.756336 0.756336 0.756336 0.756336 0.756336 0.756336 0.756336 0.756335 0.756335 0.756334 0.756334 0.756333 0.756332 0.756331 0.756331 0.75633 0.756329 0.756328 0.756327 
0.792631 0.79263 0.792629 0.792628 0.792627 0.792627 0.792626 0.792625 0.792625 0.792624 0.792624 0.792623 0.792623 0.792623 0.792622 0.792622 0.792622 0.792622 0.792622 0.792623 0.792623 0.792623 0.792624 0.792624 0.792625 0.792625 0.792626 0.792627 0.792628 0.792628 0.792629 0.79263 0.792631 0.792631 0.792632 0.792633 0.792634 0.792634 0.792635 0.792636 0.792636 0.792637 0.792637 0.792637 0.792638 0.792638 0.792638 0.792638 0.792638 0.792638 0.792638 0.792637 0.792637 0.792637 0.792636 0.792636 0.792635 0.792634 0.792634 0.792633 0.792632 0.792631 
0.821035 0.821035 0.821034 0.821034 0.821033 0.821033 0.821032 0.821032 0.821031 0.821031 0.82103 0.82103 0.82103 0.82103 0.821029 0.821029 0.821029 0.821029 0.821029 0.821029 0.82103 0.82103 0.82103 0.82103 0.821031 0.821031 0.821032 0.821032 0.821033 0.821033 0.821034 0.821034 0.821035 0.821036 0.821036 0.821037 0.821037 0.821038 0.821038 0.821039 0.821039 0.82104 0.82104 0.82104 0.82104 0.821041 0.821041 0.821041 0.821041 0.821041 0.821041 0.82104 0.82104 0.82104 0.821039 0.821039 0.821039 0.821038 0.821038 0.821037 0.821037 0.821036 
0.841408 0.841408 0.841407 0.841407 0.841407 0.841407 0.841407 0.841407 0.841406 0.841406 0.841406 0.841406 0.841406 0.841406 0.841406 0.841407 0.841407 0.841407 0.841407 0.841407 0.841407 0.841408 0.841408 0.841408 0.841408 0.841409 0.841409 0.841409 0.84141 0.84141 0.84141 0.84141 0.841411 0.841411 0.841411 0.841411 0.841411 0.841412 0.841412 0.841412 0.841412 0.841412 0.841412 0.841412 0.841412 0.841412 0.841412 0.841412 0.841411 0.841411 0.841411 0.841411 0.841411 0.84141 0.84141 0.84141 0.84141 0.841409 0.841409 0.841409 0.841408 0.841408 
0.853662 0.853662 0.853662 0.853662 0.853663 0.853663 0.853663 0.853664 0.853664 0.853664 0.853665 0.853665 0.853666 0.853666 0.853667 0.853667 0.853667 0.853668 0.853668 0.853668 0.853669 0.853669 0.853669 0.85367 0.85367 0.85367 0.85367 0.85367 0.85367 0.85367 0.85367 0.85367 0.85367 0.85367 0.853669 0.853669 0.853669 0.853669 0.853668 0.853668 0.853667 0.853667 0.853667 0.853666 0.853666 0.853665 0.853665 0.853665 0.853664 0.853664 0.853663 0.853663 0.853663 0.853662 0.853662 0.853662 0.853662 0.853662 0.853662 0.853662 0.853662 0.853662 
0.857751 0.857751 0.857752 0.857752 0.857753 0.857754 0.857755 0.857756 0.857756 0.857757 0.857758 0.857759 0.85776 0.85776 0.857761 0.857762 0.857762 0.857763 0.857764 0.857764 0.857764 0.857765 0.857765 0.857765 0.857765 0.857765 0.857765 0.857765 0.857764 0.857764 0.857764 0.857763 0.857762 0.857762 0.857761 0.85776 0.85776 0.857759 0.857758 0.857757 0.857756 0.857756 0.857755 0.857754 0.857753 0.857752 0.857752 0.857751 0.857751 0.85775 0.85775 0.857749 0.857749 0.857749 0.857749 0.857749 0.857749 0.857749 0.857749 0.857749 0.85775 0.85775 
0.85366 0.853661 0.853662 0.853663 0.853664 0.853666 0.853667 0.853668 0.853669 0.85367 0.853671 0.853672 0.853673 0.853674 0.853675 0.853675 0.853676 0.853677 0.853677 0.853677 0.853677 0.853677 0.853677 0.853677 0.853677 0.853677 0.853676 0.853675 0.853675 0.853674 0.853673 0.853672 0.853671 0.85367 0.853669 0.853668 0.853667 0.853666 0.853664 0.853663 0.853662 0.853661 0.85366 0.853659 0.853658 0.853658 0.853657 0.853656 0.853656 0.853655 0.853655 0.853655 0.853655 0.853655 0.853655 0.853655 0.853656 0.853656 0.853657 0.853658 0.853658 0.853659 
0.841407 0.841408 0.841409 0.841411 0.841412 0.841413 0.841415 0.841416 0.841417 0.841418 0.841419 0.84142 0.841421 0.841421 0.841422 0.841422 0.841422 0.841423 0.841423 0.841422 0.841422 0.841422 0.841421 0.841421 0.84142 0.841419 0.841418 0.841417 0.841416 0.841415 0.841413 0.841412 0.841411 0.84141 0.841408 0.841407 0.841406 0.841404 0.841403 0.841402 0.841401 0.8414 0.841399 0.841398 0.841398 0.841397 0.841397 0.841397 0.841396 0.841396 0.841397 0.841397 0.841397 0.841398 0.841398 0.841399 0.8414 0.841401 0.841402 0.841403 0.841404 0.841406 
0.821039 0.82104 0.821041 0.821042 0.821044 0.821045 0.821046 0.821046 0.821047 0.821048 0.821048 0.821049 0.821049 0.821049 0.821049 0.821049 0.821049 0.821048 0.821048 0.821047 0.821046 0.821045 0.821044 0.821043 0.821042 0.82104 0.821039 0.821038 0.821036 0.821035 0.821034 0.821032 0.821031 0.82103 0.821029 0.821027 0.821026 0.821025 0.821025 0.821024 0.821023 0.821023 0.821022 0.821022 0.821022 0.821022 0.821022 0.821023 0.821023 0.821024 0.821024 0.821025 0.821026 0.821027 0.821028 0.821029 0.821031 0.821032 0.821033 0.821035 0.821036 0.821037 
0.79264 0.792641 0.792642 0.792642 0.792643 0.792643 0.792644 0.792644 0.792644 0.792644 0.792644 0.792643 0.792643 0.792642 0.792642 0.792641 0.79264 0.792639 0.792638 0.792637 0.792636 0.792634 0.792633 0.792632 0.79263 0.792629 0.792628 0.792627 0.792625 0.792624 0.792623 0.792622 0.792621 0.79262 0.792619 0.792619 0.792618 0.792618 0.792618 0.792618 0.792618 0.792618 0.792618 0.792619 0.792619 0.79262 0.792621 0.792622 0.792623 0.792624 0.792625 0.792626 0.792627 0.792629 0.79263 0.792631 0.792633 0.792634 0.792635 0.792637 0.792638 0.792639 
0.75634 0.756341 0.756341 0.756341 0.756341 0.756341 0.75634 0.75634 0.756339 0.756338 0.756338 0.756337 0.756336 0.756335 0.756334 0.756333 0.756331 0.75633 0.756329 0.756328 0.756327 0.756325 0.756324 0.756323 0.756322 0.756321 0.75632 0.756319 0.756319 0.756318 0.756318 0.756317 0.756317 0.756317 0.756317 0.756317 0.756317 0.756317 0.756318 0.756318 0.756319 0.75632 0.756321 0.756322 0.756323 0.756324 0.756325 0.756326 0.756327 0.756329 0.75633 0.756331 0.756332 0.756333 0.756334 0.756336 0.756337 0.756337 0.756338 0.756339 0.75634 0.75634 
0.71233 0.71233 0.712329 0.712329 0.712328 0.712327 0.712327 0.712326 0.712325 0.712324 0.712323 0.712322 0.712321 0.71232 0.712319 0.712318 0.712317 0.712316 0.712315 0.712314 0.712313 0.712312 0.712312 0.712311 0.712311 0.71231 0.71231 0.71231 0.71231 0.71231 0.71231 0.71231 0.712311 0.712311 0.712312 0.712312 0.712313 0.712314 0.712315 0.712316 0.712317 0.712318 0.712319 0.71232 0.712321 0.712322 0.712323 0.712324 0.712325 0.712326 0.712327 0.712327 0.712328 0.712329 0.712329 0.71233 0.71233 0.71233 0.712331 0.712331 0.71233 0.71233 
0.660872 0.660871 0.66087 0.66087 0.660869 0.660868 0.660867 0.660866 0.660866 0.660865 0.660864 0.660863 0.660863 0.660862 0.660861 0.660861 0.66086 0.66086 0.660859 0.660859 0.660859 0.660859 0.660859 0.660859 0.660859 0.660859 0.660859 0.66086 0.66086 0.660861 0.660861 0.660862 0.660862 0.660863 0.660864 0.660865 0.660865 0.660866 0.660867 0.660868 0.660869 0.660869 0.66087 0.660871 0.660872 0.660872 0.660873 0.660873 0.660874 0.660874 0.660874 0.660875 0.660875 0.660875 0.660875 0.660875 0.660874 0.660874 0.660874 0.660873 0.660873 0.660872 
0.602315 0.602314 0.602314 0.602313 0.602313 0.602312 0.602312 0.602311 0.602311 0.60231 0.60231 0.60231 0.602309 0.602309 0.602309 0.602309 0.602309 0.602309 0.602309 0.602309 0.602309 0.602309 0.60231 0.60231 0.60231 0.602311 0.602311 0.602312 0.602312 0.602313 0.602313 0.602314 0.602315 0.602315 0.602316 0.602316 0.602317 0.602317 0.602318 0.602318 0.602319 0.602319 0.602319 0.60232 0.60232 0.60232 0.60232 0.60232 0.60232 0.60232 0.60232 0.60232 0.60232 0.602319 0.602319 0.602319 0.602318 0.602318 0.602317 0.602317 0.602316 0.602316 
0.537106 0.537106 0.537105 0.537105 0.537105 0.537105 0.537105 0.537104 0.537104 0.537104 0.537104 0.537104 0.537104 0.537104 0.537104 0.537105 0.537105 0.537105 0.537105 0.537105 0.537106 0.537106 0.537106 0.537107 0.537107 0.537107 0.537108 0.537108 0.537108 0.537109 0.537109 0.537109 0.53711 0.53711 0.53711 0.537111 0.537111 0.537111 0.537111 0.537111 0.537111 0.537111 0.537111 0.537111 0.537111 0.537111 0.537111 0.537111 0.537111 0.53711 0.53711 0.53711 0.537109 0.537109 0.537109 0.537108 0.537108 0.537108 0.537107 0.537107 0.537107 0.537106 
0.465798 0.465798 0.465798 0.465798 0.465798 0.465798 0.465798 0.465798 0.465798 0.465798 0.465798 0.465798 0.465798 0.465798 0.465799 0.465799 0.465799 0.465799 0.465799 0.465799 0.4658 0.4658 0.4658 0.4658 0.4658 0.465801 0.465801 0.465801 0.465801 0.465801 0.465801 0.465801 0.465801 0.465801 0.465802 0.465802 0.465802 0.465802 0.465802 0.465801 0.465801 0.465801 0.465801 0.465801 0.465801 0.465801 0.465801 0.465801 0.4658 0.4658 0.4658 0.4658 0.4658 0.465799 0.465799 0.465799 0.465799 0.465799 0.465799 0.465798 0.465798 0.465798 
0.389059 0.389059 0.389059 0.389059 0.389059 0.389059 0.389059 0.389059 0.389059 0.389059 0.389059 0.389059 0.389059 0.389059 0.389059 0.389059 0.389059 0.38906 0.38906 0.38906 0.38906 0.38906 0.38906 0.38906 0.38906 0.38906 0.38906 0.38906 0.38906 0.38906 0.38906 0.38906 0.38906 0.38906 0.38906 0.38906 0.38906 0.38906 0.38906 0.38906 0.38906 0.38906 0.38906 0.38906 0.38906 0.38906 0.38906 0.389059 0.389059 0.389059 0.389059 0.389059 0.389059 0.389059 0.389059 0.389059 0.389059 0.389059 0.389059 0.389059 0.389059 0.389059 
0.307673 0.307673 0.307673 0.307673 0.307673 0.307673 0.307673 0.307673 0.307673 0.307673 0.307673 0.307673 0.307673 0.307673 0.307673 0.307673 0.307673 0.307673 0.307673 0.307673 0.307673 0.307673 0.307673 0.307673 0.307673 0.307673 0.307673 0.307673 0.307673 0.307673 0.307673 0.307673 0.307673 0.307673 0.307673 0.307673 0.307673 0.307673 0.307673 0.307673 0.307673 0.307673 0.307673 0.307673 0.307673 0.307673 0.307673 0.307673 0.307673 0.307673 0.307673 0.307673 0.307673 0.307673 0.307673 0.307673 0.307673 0.307673 0.307673 0.307673 0.307673 0.307673 
0.222538 0.222538 0.222538 0.222538 0.222538 0.222538 0.222538 0.222538 0.222538 0.222538 0.222538 0.222538 0.222538 0.222538 0.222538 0.222538 0.222538 0.222538 0.222538 0.222538 0.222538 0.222538 0.222538 0.222538 0.222538 0.222538 0.222538 0.222538 0.222538 0.222538 0.222538 0.222538 0.222538 0.222538 0.222538 0.222538 0.222538 0.222538 0.222538 0.222538 0.222538 0.222538 0.222538 0.222538 0.222538 0.222538 0.222538 0.222538 0.222538 0.222538 0.222538 0.222538 0.222538 0.222538 0.222538 0.222538 0.222538 0.222538 0.222538 0.222538 0.222538 0.222538 
0.134647 0.134647 0.134647 0.134647 0.134647 0.134647 0.134647 0.134647 0.134647 0.134647 0.134647 0.134647 0.134647 0.134647 0.134647 0.134647 0.134647 0.134647 0.134647 0.134647 0.134647 0.134647 0.134647 0.134647 0.134647 0.134647 0.134647 0.134647 0.134647 0.134647 0.134647 0.134647 0.134647 0.134647 0.134647 0.134647 0.134647 0.134647 0.134647 0.134647 0.134647 0.134647 0.134647 0.134647 0.134647 0.134647 0.134647 0.134647 0.134647 0.134647 0.134647 0.134647 0.134647 0.134647 0.134647 0.134647 0.134647 0.134647 0.134647 0.134647 0.134647 0.134647 
0.0450715 0.0450715 0.0450715 0.0450715 0.0450715 0.0450715 0.0450715 0.0450714 0.0450714 0.0450714 0.0450714 0.0450714 0.0450714 0.0450714 0.0450714 0.0450714 0.0450714 0.0450714 0.0450714 0.0450714 0.0450714 0.0450714 0.0450714 0.0450714 0.0450714 0.0450714 0.0450714 0.0450714 0.0450715 0.0450715 0.0450715 0.0450715 0.0450715 0.0450715 0.0450715 0.0450715 0.0450716 0.0450716 0.0450716 0.0450716 0.0450716 0.0450716 0.0450716 0.0450716 0.0450716 0.0450716 0.0450716 0.0450716 0.0450716 0.0450716 0.0450716 0.0450716 0.0450716 0.0450716 0.0450716 0.0450716 0.0450716 0.0450716 0.0450716 0.0450716 0.0450716 0.0450715 
