0.0439157 0.0439157 0.0439157 0.0439157 0.0439157 0.0439157 0.0439157 0.0439157 0.0439157 0.0439157 0.0439157 0.0439157 0.0439157 0.0439157 0.0439157 0.0439158 0.0439158 0.0439158 0.0439158 0.0439158 0.0439158 0.0439158 0.0439158 0.0439158 0.0439158 0.0439158 0.0439158 0.0439158 0.0439159 0.0439159 0.0439159 0.0439159 0.0439159 0.0439159 0.0439159 0.0439159 0.0439159 0.0439159 0.0439159 0.0439159 0.0439159 0.0439159 0.0439159 0.0439159 0.0439159 0.0439159 0.0439159 0.0439159 0.0439159 0.0439158 0.0439158 0.0439158 0.0439158 0.0439158 0.0439158 0.0439158 0.0439158 0.0439158 0.0439158 0.0439158 0.0439158 0.0439158 
0.131212 0.131212 0.131212 0.131212 0.131212 0.131212 0.131212 0.131212 0.131212 0.131212 0.131212 0.131212 0.131212 0.131212 0.131212 0.131212 0.131212 0.131212 0.131212 0.131212 0.131212 0.131212 0.131212 0.131212 0.131212 0.131212 0.131212 0.131212 0.131212 0.131212 0.131212 0.131212 0.131212 0.131212 0.131212 0.131212 0.131212 0.131212 0.131212 0.131212 0.131212 0.131212 0.131212 0.131212 0.131212 0.131212 0.131212 0.131212 0.131212 0.131212 0.131212 0.131212 0.131212 0.131212 0.131212 0.131212 0.131212 0.131212 0.131212 0.131212 0.131212 0.131212 
0.216916 0.216916 0.216916 0.216916 0.216916 0.216916 0.216916 0.216916 0.216916 0.216916 0.216916 0.216916 0.216916 0.216916 0.216916 0.216916 0.216916 0.216916 0.216916 0.216916 0.216916 0.216916 0.216916 0.216916 0.216916 0.216916 0.216916 0.216916 0.216916 0.216916 0.216916 0.216916 0.216916 0.216916 0.216916 0.216916 0.216916 0.216916 0.216916 0.216916 0.216916 0.216916 0.216916 0.216916 0.216916 0.216916 0.216916 0.216916 0.216916 0.216916 0.216916 0.216916 0.216916 0.216916 0.216916 0.216916 0.216916 0.216916 0.216916 0.216916 0.216916 0.216916 
0.300011 0.300011 0.300011 0.300011 0.300011 0.300011 0.300011 0.300011 0.300011 0.300011 0.300011 0.300011 0.300011 0.300011 0.300011 0.300011 0.300011 0.300011 0.300011 0.300011 0.300011 0.300011 0.300011 0.300011 0.300011 0.300011 0.300011 0.300011 0.300011 0.300011 0.300011 0.300011 0.300011 0.300011 0.300011 0.300011 0.300011 0.300011 0.300011 0.300011 0.300011 0.300011 0.300011 0.300011 0.300011 0.300011 0.300011 0.300011 0.300011 0.300011 0.300011 0.300011 0.300011 0.300011 0.300011 0.300011 0.300011 0.300011 0.300011 0.300011 0.300011 0.300011 
0.379545 0.379545 0.379545 0.379545 0.379545 0.379545 0.379545 0.379545 0.379545 0.379545 0.379545 0.379545 0.379545 0.379545 0.379545 0.379545 0.379545 0.379545 0.379545 0.379545 0.379545 0.379545 0.379545 0.379545 0.379545 0.379545 0.379545 0.379545 0.379545 0.379545 0.379545 0.379545 0.379545 0.379545 0.379545 0.379545 0.379545 0.379545 0.379545 0.379545 0.379545 0.379545 0.379545 0.379545 0.379545 0.379545 0.379545 0.379545 0.379545 0.379545 0.379545 0.379545 0.379545 0.379545 0.379545 0.379545 0.379545 0.379545 0.379545 0.379545 0.379545 0.379545 
0.454651 0.454651 0.454651 0.454651 0.454651 0.454651 0.454651 0.454651 0.454651 0.454651 0.454651 0.454651 0.454651 0.454651 0.454651 0.454651 0.454651 0.454651 0.454651 0.454651 0.454651 0.454651 0.454651 0.454651 0.454651 0.454651 0.454651 0.454651 0.454651 0.454651 0.454651 0.454651 0.454651 0.454651 0.454651 0.454651 0.454651 0.454651 0.454651 0.454651 0.454651 0.45465 0.45465 0.45465 0.45465 0.45465 0.45465 0.45465 0.45465 0.45465 0.45465 0.45465 0.45465 0.45465 0.45465 0.45465 0.45465 0.45465 0.45465 0.45465 0.454651 0.454651 
0.524554 0.524554 0.524554 0.524554 0.524554 0.524554 0.524554 0.524555 0.524555 0.524555 0.524555 0.524555 0.524555 0.524555 0.524555 0.524555 0.524556 0.524556 0.524556 0.524556 0.524556 0.524556 0.524556 0.524556 0.524556 0.524556 0.524556 0.524556 0.524556 0.524556 0.524555 0.524555 0.524555 0.524555 0.524555 0.524555 0.524555 0.524555 0.524555 0.524554 0.524554 0.524554 0.524554 0.524554 0.524554 0.524554 0.524554 0.524554 0.524554 0.524553 0.524553 0.524553 0.524553 0.524553 0.524553 0.524553 0.524553 0.524553 0.524553 0.524554 0.524554 0.524554 
0.588586 0.588586 0.588586 0.588586 0.588586 0.588587 0.588587 0.588587 0.588587 0.588587 0.588588 0.588588 0.588588 0.588588 0.588589 0.588589 0.588589 0.588589 0.588589 0.58859 0.58859 0.58859 0.58859 0.58859 0.58859 0.58859 0.58859 0.58859 0.58859 0.58859 0.58859 0.58859 0.58859 0.58859 0.58859 0.58859 0.588589 0.588589 0.588589 0.588589 0.588589 0.588588 0.588588 0.588588 0.588588 0.588587 0.588587 0.588587 0.588587 0.588587 0.588586 0.588586 0.588586 0.588586 0.588586 0.588586 0.588586 0.588586 0.588586 0.588586 0.588586 0.588586 
0.646183 0.646183 0.646183 0.646183 0.646183 0.646183 0.646184 0.646184 0.646184 0.646184 0.646185 0.646185 0.646185 0.646186 0.646186 0.646187 0.646187 0.646187 0.646188 0.646188 0.646188 0.646189 0.646189 0.646189 0.64619 0.64619 0.64619 0.64619 0.64619 0.646191 0.646191 0.646191 0.646191 0.646191 0.64619 0.64619 0.64619 0.64619 0.64619 0.646189 0.646189 0.646189 0.646188 0.646188 0.646188 0.646187 0.646187 0.646187 0.646186 0.646186 0.646185 0.646185 0.646185 0.646184 0.646184 0.646184 0.646184 0.646183 0.646183 0.646183 0.646183 0.646183 
0.696882 0.696882 0.696882 0.696882 0.696882 0.696882 0.696882 0.696882 0.696882 0.696883 0.696883 0.696883 0.696884 0.696884 0.696884 0.696885 0.696885 0.696886 0.696886 0.696887 0.696887 0.696888 0.696889 0.696889 0.69689 0.69689 0.69689 0.696891 0.696891 0.696892 0.696892 0.696892 0.696892 0.696892 0.696892 0.696892 0.696892 0.696892 0.696892 0.696892 0.696892 0.696891 0.696891 0.696891 0.69689 0.69689 0.696889 0.696889 0.696888 0.696888 0.696887 0.696887 0.696886 0.696886 0.696885 0.696885 0.696884 0.696884 0.696884 0.696883 0.696883 0.696883 
0.740314 0.740314 0.740313 0.740313 0.740313 0.740313 0.740313 0.740312 0.740312 0.740313 0.740313 0.740313 0.740313 0.740314 0.740314 0.740314 0.740315 0.740315 0.740316 0.740316 0.740317 0.740318 0.740318 0.740319 0.740319 0.74032 0.740321 0.740321 0.740322 0.740322 0.740323 0.740323 0.740324 0.740324 0.740324 0.740324 0.740325 0.740325 0.740325 0.740325 0.740325 0.740324 0.740324 0.740324 0.740324 0.740323 0.740323 0.740322 0.740322 0.740321 0.740321 0.74032 0.74032 0.740319 0.740318 0.740318 0.740317 0.740317 0.740316 0.740315 0.740315 0.740314 
0.77619 0.776189 0.776189 0.776188 0.776188 0.776188 0.776188 0.776187 0.776187 0.776187 0.776187 0.776187 0.776187 0.776188 0.776188 0.776188 0.776188 0.776189 0.776189 0.77619 0.77619 0.776191 0.776191 0.776192 0.776193 0.776193 0.776194 0.776194 0.776195 0.776196 0.776196 0.776197 0.776197 0.776198 0.776198 0.776198 0.776199 0.776199 0.776199 0.776199 0.776199 0.776199 0.776199 0.776199 0.776199 0.776199 0.776198 0.776198 0.776198 0.776197 0.776197 0.776196 0.776196 0.776195 0.776194 0.776194 0.776193 0.776193 0.776192 0.776191 0.776191 0.77619 
0.804293 0.804293 0.804292 0.804292 0.804292 0.804291 0.804291 0.804291 0.804291 0.804291 0.80429 0.80429 0.804291 0.804291 0.804291 0.804291 0.804291 0.804291 0.804292 0.804292 0.804292 0.804293 0.804293 0.804294 0.804294 0.804295 0.804295 0.804296 0.804296 0.804297 0.804297 0.804298 0.804298 0.804298 0.804299 0.804299 0.804299 0.8043 0.8043 0.8043 0.8043 0.8043 0.8043 0.8043 0.8043 0.8043 0.8043 0.804299 0.804299 0.804299 0.804298 0.804298 0.804298 0.804297 0.804297 0.804296 0.804296 0.804295 0.804295 0.804294 0.804294 0.804293 
0.824468 0.824468 0.824468 0.824468 0.824468 0.824467 0.824467 0.824467 0.824467 0.824467 0.824467 0.824467 0.824467 0.824468 0.824468 0.824468 0.824468 0.824468 0.824468 0.824469 0.824469 0.824469 0.824469 0.82447 0.82447 0.82447 0.82447 0.824471 0.824471 0.824471 0.824471 0.824472 0.824472 0.824472 0.824472 0.824472 0.824472 0.824472 0.824472 0.824472 0.824472 0.824472 0.824472 0.824472 0.824472 0.824472 0.824472 0.824472 0.824471 0.824471 0.824471 0.824471 0.824471 0.82447 0.82447 0.82447 0.82447 0.824469 0.824469 0.824469 0.824469 0.824468 
0.836612 0.836612 0.836612 0.836613 0.836613 0.836613 0.836613 0.836613 0.836614 0.836614 0.836614 0.836614 0.836614 0.836615 0.836615 0.836615 0.836615 0.836615 0.836615 0.836616 0.836616 0.836616 0.836616 0.836616 0.836616 0.836616 0.836616 0.836616 0.836616 0.836616 0.836615 0.836615 0.836615 0.836615 0.836615 0.836615 0.836614 0.836614 0.836614 0.836614 0.836614 0.836613 0.836613 0.836613 0.836613 0.836613 0.836612 0.836612 0.836612 0.836612 0.836612 0.836612 0.836612 0.836612 0.836612 0.836612 0.836612 0.836612 0.836612 0.836612 0.836612 0.836612 
0.840667 0.840667 0.840668 0.840668 0.840669 0.840669 0.84067 0.84067 0.840671 0.840671 0.840672 0.840672 0.840672 0.840672 0.840673 0.840673 0.840673 0.840673 0.840673 0.840673 0.840673 0.840673 0.840673 0.840672 0.840672 0.840672 0.840671 0.840671 0.840671 0.84067 0.84067 0.840669 0.840669 0.840668 0.840668 0.840667 0.840667 0.840666 0.840666 0.840665 0.840665 0.840665 0.840664 0.840664 0.840664 0.840664 0.840663 0.840663 0.840663 0.840663 0.840663 0.840663 0.840663 0.840664 0.840664 0.840664 0.840664 0.840665 0.840665 0.840666 0.840666 0.840666 
0.836614 0.836615 0.836616 0.836616 0.836617 0.836618 0.836618 0.836619 0.83662 0.83662 0.83662 0.836621 0.836621 0.836621 0.836621 0.836621 0.836621 0.836621 0.836621 0.836621 0.83662 0.83662 0.83662 0.836619 0.836618 0.836618 0.836617 0.836616 0.836616 0.836615 0.836614 0.836614 0.836613 0.836612 0.836611 0.836611 0.83661 0.836609 0.836609 0.836608 0.836608 0.836607 0.836607 0.836607 0.836607 0.836607 0.836606 0.836607 0.836607 0.836607 0.836607 0.836607 0.836608 0.836608 0.836609 0.836609 0.83661 0.836611 0.836611 0.836612 0.836613 0.836614 
0.824473 0.824474 0.824475 0.824476 0.824476 0.824477 0.824478 0.824478 0.824478 0.824479 0.824479 0.824479 0.824479 0.824479 0.824479 0.824479 0.824478 0.824478 0.824477 0.824477 0.824476 0.824476 0.824475 0.824474 0.824473 0.824472 0.824471 0.82447 0.82447 0.824469 0.824468 0.824467 0.824466 0.824465 0.824465 0.824464 0.824463 0.824463 0.824462 0.824462 0.824462 0.824461 0.824461 0.824461 0.824461 0.824461 0.824462 0.824462 0.824462 0.824463 0.824464 0.824464 0.824465 0.824466 0.824466 0.824467 0.824468 0.824469 0.82447 0.824471 0.824472 0.824473 
0.804302 0.804303 0.804304 0.804304 0.804304 0.804305 0.804305 0.804305 0.804305 0.804305 0.804305 0.804305 0.804304 0.804304 0.804303 0.804303 0.804302 0.804301 0.804301 0.8043 0.804299 0.804298 0.804297 0.804296 0.804295 0.804294 0.804293 0.804292 0.804292 0.804291 0.80429 0.804289 0.804289 0.804288 0.804287 0.804287 0.804287 0.804287 0.804286 0.804286 0.804286 0.804287 0.804287 0.804287 0.804288 0.804288 0.804289 0.804289 0.80429 0.804291 0.804292 0.804293 0.804294 0.804294 0.804295 0.804296 0.804297 0.804298 0.804299 0.8043 0.804301 0.804302 
0.776202 0.776203 0.776203 0.776203 0.776203 0.776203 0.776203 0.776202 0.776202 0.776201 0.776201 0.7762 0.7762 0.776199 0.776198 0.776197 0.776196 0.776195 0.776195 0.776194 0.776193 0.776192 0.776191 0.77619 0.776189 0.776189 0.776188 0.776187 0.776187 0.776186 0.776186 0.776185 0.776185 0.776185 0.776185 0.776185 0.776185 0.776185 0.776185 0.776186 0.776186 0.776187 0.776188 0.776188 0.776189 0.77619 0.776191 0.776191 0.776192 0.776193 0.776194 0.776195 0.776196 0.776197 0.776198 0.776199 0.776199 0.7762 0.776201 0.776201 0.776202 0.776202 
0.740327 0.740327 0.740327 0.740326 0.740326 0.740325 0.740325 0.740324 0.740324 0.740323 0.740322 0.740321 0.740321 0.74032 0.740319 0.740318 0.740317 0.740316 0.740316 0.740315 0.740314 0.740314 0.740313 0.740313 0.740312 0.740312 0.740312 0.740311 0.740311 0.740311 0.740311 0.740311 0.740312 0.740312 0.740312 0.740313 0.740313 0.740314 0.740314 0.740315 0.740316 0.740317 0.740317 0.740318 0.740319 0.74032 0.740321 0.740321 0.740322 0.740323 0.740324 0.740324 0.740325 0.740326 0.740326 0.740326 0.740327 0.740327 0.740327 0.740327 0.740327 0.740327 
0.696893 0.696892 0.696892 0.696891 0.696891 0.69689 0.696889 0.696888 0.696888 0.696887 0.696886 0.696886 0.696885 0.696885 0.696884 0.696883 0.696883 0.696882 0.696882 0.696882 0.696882 0.696881 0.696881 0.696881 0.696881 0.696881 0.696881 0.696882 0.696882 0.696882 0.696883 0.696883 0.696884 0.696884 0.696885 0.696885 0.696886 0.696887 0.696887 0.696888 0.696889 0.69689 0.69689 0.696891 0.696891 0.696892 0.696893 0.696893 0.696893 0.696894 0.696894 0.696894 0.696895 0.696895 0.696895 0.696895 0.696895 0.696895 0.696894 0.696894 0.696894 0.696893 
0.646189 0.646188 0.646188 0.646187 0.646186 0.646186 0.646185 0.646185 0.646184 0.646184 0.646184 0.646183 0.646183 0.646183 0.646183 0.646182 0.646182 0.646182 0.646182 0.646182 0.646182 0.646183 0.646183 0.646183 0.646183 0.646184 0.646184 0.646185 0.646185 0.646186 0.646186 0.646187 0.646187 0.646188 0.646188 0.646189 0.646189 0.64619 0.64619 0.646191 0.646191 0.646191 0.646192 0.646192 0.646192 0.646193 0.646193 0.646193 0.646193 0.646193 0.646193 0.646193 0.646192 0.646192 0.646192 0.646192 0.646191 0.646191 0.646191 0.64619 0.64619 0.646189 
0.588587 0.588587 0.588587 0.588586 0.588586 0.588586 0.588586 0.588585 0.588585 0.588585 0.588585 0.588585 0.588585 0.588585 0.588585 0.588585 0.588585 0.588586 0.588586 0.588586 0.588586 0.588587 0.588587 0.588587 0.588588 0.588588 0.588588 0.588589 0.588589 0.58859 0.58859 0.58859 0.588591 0.588591 0.588591 0.588592 0.588592 0.588592 0.588592 0.588592 0.588592 0.588592 0.588593 0.588593 0.588592 0.588592 0.588592 0.588592 0.588592 0.588592 0.588591 0.588591 0.588591 0.588591 0.58859 0.58859 0.588589 0.588589 0.588589 0.588588 0.588588 0.588588 
0.524553 0.524553 0.524553 0.524553 0.524553 0.524553 0.524553 0.524553 0.524553 0.524553 0.524553 0.524553 0.524553 0.524554 0.524554 0.524554 0.524554 0.524554 0.524555 0.524555 0.524555 0.524555 0.524555 0.524556 0.524556 0.524556 0.524556 0.524557 0.524557 0.524557 0.524557 0.524557 0.524557 0.524557 0.524558 0.524558 0.524558 0.524558 0.524558 0.524558 0.524557 0.524557 0.524557 0.524557 0.524557 0.524557 0.524557 0.524556 0.524556 0.524556 0.524556 0.524556 0.524555 0.524555 0.524555 0.524555 0.524554 0.524554 0.524554 0.524554 0.524554 0.524553 
0.45465 0.45465 0.45465 0.45465 0.45465 0.45465 0.45465 0.45465 0.454651 0.454651 0.454651 0.454651 0.454651 0.454651 0.454651 0.454651 0.454651 0.454652 0.454652 0.454652 0.454652 0.454652 0.454652 0.454652 0.454652 0.454652 0.454652 0.454653 0.454653 0.454653 0.454653 0.454653 0.454653 0.454653 0.454653 0.454653 0.454653 0.454652 0.454652 0.454652 0.454652 0.454652 0.454652 0.454652 0.454652 0.454652 0.454651 0.454651 0.454651 0.454651 0.454651 0.454651 0.454651 0.454651 0.454651 0.45465 0.45465 0.45465 0.45465 0.45465 0.45465 0.45465 
0.379546 0.379546 0.379546 0.379546 0.379546 0.379546 0.379546 0.379546 0.379546 0.379546 0.379546 0.379546 0.379546 0.379546 0.379546 0.379546 0.379546 0.379546 0.379546 0.379546 0.379546 0.379546 0.379546 0.379546 0.379547 0.379547 0.379547 0.379547 0.379547 0.379547 0.379546 0.379546 0.379546 0.379546 0.379546 0.379546 0.379546 0.379546 0.379546 0.379546 0.379546 0.379546 0.379546 0.379546 0.379546 0.379546 0.379546 0.379546 0.379546 0.379546 0.379546 0.379546 0.379546 0.379546 0.379546 0.379545 0.379545 0.379545 0.379545 0.379545 0.379546 0.379546 
0.300011 0.300011 0.300011 0.300011 0.300011 0.300011 0.300011 0.300011 0.300011 0.300011 0.300011 0.300011 0.300011 0.300011 0.300011 0.300011 0.300011 0.300011 0.300011 0.300011 0.300011 0.300011 0.300011 0.300011 0.300011 0.300011 0.300011 0.300011 0.300011 0.300011 0.300011 0.300011 0.300011 0.300011 0.300011 0.300011 0.300011 0.300011 0.300011 0.300011 0.300011 0.300011 0.300011 0.300011 0.300011 0.300011 0.300011 0.300011 0.300011 0.300011 0.300011 0.300011 0.300011 0.300011 0.300011 0.300011 0.300011 0.300011 0.300011 0.300011 0.300011 0.300011 
0.216916 0.216916 0.216916 0.216916 0.216916 0.216916 0.216916 0.216916 0.216916 0.216916 0.216916 0.216916 0.216916 0.216916 0.216916 0.216916 0.216916 0.216916 0.216916 0.216916 0.216916 0.216916 0.216916 0.216916 0.216916 0.216916 0.216916 0.216916 0.216916 0.216916 0.216916 0.216916 0.216916 0.216916 0.216916 0.216916 0.216916 0.216916 0.216916 0.216916 0.216916 0.216916 0.216916 0.216916 0.216916 0.216916 0.216916 0.216916 0.216916 0.216916 0.216916 0.216916 0.216916 0.216916 0.216916 0.216916 0.216916 0.216916 0.216916 0.216916 0.216916 0.216916 
0.131212 0.131212 0.131212 0.131212 0.131212 0.131212 0.131212 0.131212 0.131212 0.131212 0.131212 0.131212 0.131212 0.131212 0.131212 0.131212 0.131212 0.131212 0.131212 0.131212 0.131212 0.131212 0.131212 0.131212 0.131212 0.131212 0.131212 0.131212 0.131212 0.131212 0.131212 0.131212 0.131212 0.131212 0.131212 0.131212 0.131212 0.131212 0.131212 0.131212 0.131212 0.131212 0.131212 0.131212 0.131212 0.131212 0.131212 0.131212 0.131212 0.131212 0.131212 0.131212 0.131212 0.131212 0.131212 0.131212 0.131212 0.131212 0.131212 0.131212 0.131212 0.131212 
0.0439158 0.0439158 0.0439158 0.0439158 0.0439158 0.0439158 0.0439158 0.0439158 0.0439158 0.0439158 0.0439158 0.0439158 0.0439158 0.0439158 0.0439158 0.0439158 0.0439158 0.0439158 0.0439158 0.0439158 0.0439158 0.0439158 0.0439158 0.0439158 0.0439159 0.0439159 0.0439159 0.0439159 0.0439159 0.0439159 0.0439159 0.0439159 0.0439159 0.0439159 0.0439159 0.0439159 0.0439159 0.0439159 0.0439159 0.043916 0.043916 0.043916 0.043916 0.043916 0.043916 0.043916 0.043916 0.043916 0.0439159 0.0439159 0.0439159 0.0439159 0.0439159 0.0439159 0.0439159 0.0439159 0.0439159 0.0439159 0.0439159 0.0439159 0.0439159 0.0439159 
