0.0438517 0.0438517 0.0438517 0.0438517 0.0438517 0.0438517 0.0438517 0.0438516 0.0438516 0.0438516 0.0438516 0.0438516 0.0438516 0.0438516 0.0438516 0.0438517 0.0438517 0.0438517 0.0438517 0.0438517 0.0438517 0.0438517 0.0438517 0.0438517 0.0438517 0.0438517 0.0438517 0.0438517 0.0438517 0.0438518 0.0438518 0.0438518 0.0438518 0.0438518 0.0438518 0.0438518 0.0438518 0.0438518 0.0438518 0.0438518 0.0438518 0.0438518 0.0438518 0.0438518 0.0438518 0.0438518 0.0438518 0.0438518 0.0438518 0.0438518 0.0438518 0.0438518 0.0438518 0.0438518 0.0438517 0.0438517 0.0438517 0.0438517 0.0438517 0.0438517 0.0438517 0.0438517 
0.131021 0.131021 0.131021 0.131021 0.131021 0.131021 0.131021 0.131021 0.131021 0.131021 0.131021 0.131021 0.131021 0.131021 0.131021 0.131021 0.131021 0.131021 0.131021 0.131021 0.131021 0.131021 0.131021 0.131021 0.131021 0.131021 0.131021 0.131021 0.131021 0.131021 0.131021 0.131022 0.131022 0.131022 0.131022 0.131022 0.131022 0.131022 0.131022 0.131022 0.131022 0.131022 0.131022 0.131022 0.131022 0.131022 0.131021 0.131021 0.131021 0.131021 0.131021 0.131021 0.131021 0.131021 0.131021 0.131021 0.131021 0.131021 0.131021 0.131021 0.131021 0.131021 
0.216603 0.216603 0.216603 0.216603 0.216603 0.216603 0.216603 0.216603 0.216603 0.216603 0.216603 0.216603 0.216603 0.216603 0.216603 0.216603 0.216603 0.216603 0.216603 0.216603 0.216603 0.216603 0.216604 0.216604 0.216604 0.216604 0.216604 0.216604 0.216604 0.216604 0.216604 0.216604 0.216604 0.216604 0.216604 0.216604 0.216604 0.216604 0.216604 0.216604 0.216604 0.216604 0.216604 0.216604 0.216604 0.216604 0.216604 0.216604 0.216604 0.216604 0.216604 0.216604 0.216604 0.216604 0.216604 0.216604 0.216603 0.216603 0.216603 0.216603 0.216603 0.216603 
0.299585 0.299585 0.299585 0.299585 0.299585 0.299585 0.299585 0.299585 0.299585 0.299585 0.299585 0.299585 0.299585 0.299585 0.299585 0.299585 0.299585 0.299585 0.299585 0.299585 0.299585 0.299585 0.299585 0.299585 0.299585 0.299585 0.299585 0.299585 0.299585 0.299585 0.299585 0.299585 0.299585 0.299585 0.299585 0.299585 0.299585 0.299585 0.299585 0.299585 0.299585 0.299585 0.299585 0.299585 0.299585 0.299585 0.299585 0.299585 0.299585 0.299585 0.299585 0.299585 0.299585 0.299585 0.299585 0.299585 0.299585 0.299585 0.299585 0.299585 0.299585 0.299585 
0.379015 0.379015 0.379015 0.379015 0.379015 0.379015 0.379015 0.379015 0.379015 0.379015 0.379015 0.379015 0.379015 0.379015 0.379015 0.379015 0.379015 0.379015 0.379015 0.379015 0.379015 0.379015 0.379015 0.379015 0.379015 0.379015 0.379015 0.379015 0.379015 0.379015 0.379015 0.379015 0.379015 0.379015 0.379015 0.379015 0.379015 0.379015 0.379015 0.379015 0.379015 0.379015 0.379015 0.379015 0.379015 0.379015 0.379015 0.379015 0.379015 0.379015 0.379015 0.379015 0.379015 0.379015 0.379015 0.379015 0.379015 0.379015 0.379015 0.379015 0.379015 0.379015 
0.454028 0.454028 0.454028 0.454028 0.454028 0.454028 0.454028 0.454028 0.454028 0.454028 0.454028 0.454028 0.454028 0.454028 0.454028 0.454028 0.454028 0.454028 0.454028 0.454028 0.454028 0.454028 0.454028 0.454028 0.454028 0.454028 0.454028 0.454028 0.454028 0.454028 0.454028 0.454028 0.454028 0.454028 0.454028 0.454028 0.454028 0.454028 0.454028 0.454028 0.454028 0.454028 0.454028 0.454028 0.454028 0.454028 0.454028 0.454028 0.454028 0.454028 0.454028 0.454028 0.454028 0.454028 0.454028 0.454028 0.454028 0.454028 0.454028 0.454028 0.454028 0.454028 
0.523851 0.523851 0.523851 0.523851 0.523851 0.523851 0.523851 0.523851 0.523851 0.523851 0.523852 0.523852 0.523852 0.523852 0.523852 0.523852 0.523852 0.523852 0.523852 0.523853 0.523853 0.523853 0.523853 0.523853 0.523853 0.523853 0.523853 0.523853 0.523853 0.523853 0.523853 0.523853 0.523853 0.523853 0.523852 0.523852 0.523852 0.523852 0.523852 0.523852 0.523852 0.523852 0.523852 0.523851 0.523851 0.523851 0.523851 0.523851 0.523851 0.523851 0.523851 0.523851 0.523851 0.523851 0.52385 0.52385 0.52385 0.52385 0.52385 0.52385 0.523851 0.523851 
0.587815 0.587815 0.587815 0.587815 0.587815 0.587815 0.587816 0.587816 0.587816 0.587816 0.587816 0.587817 0.587817 0.587817 0.587817 0.587818 0.587818 0.587818 0.587818 0.587818 0.587819 0.587819 0.587819 0.587819 0.587819 0.587819 0.58782 0.58782 0.58782 0.58782 0.58782 0.58782 0.58782 0.58782 0.58782 0.587819 0.587819 0.587819 0.587819 0.587819 0.587819 0.587818 0.587818 0.587818 0.587818 0.587818 0.587817 0.587817 0.587817 0.587817 0.587816 0.587816 0.587816 0.587816 0.587816 0.587815 0.587815 0.587815 0.587815 0.587815 0.587815 0.587815 
0.645357 0.645357 0.645357 0.645357 0.645357 0.645357 0.645357 0.645357 0.645357 0.645357 0.645358 0.645358 0.645358 0.645358 0.645359 0.645359 0.64536 0.64536 0.64536 0.645361 0.645361 0.645361 0.645362 0.645362 0.645362 0.645363 0.645363 0.645363 0.645364 0.645364 0.645364 0.645364 0.645364 0.645364 0.645364 0.645364 0.645364 0.645364 0.645364 0.645364 0.645364 0.645363 0.645363 0.645363 0.645363 0.645362 0.645362 0.645362 0.645361 0.645361 0.64536 0.64536 0.64536 0.645359 0.645359 0.645359 0.645358 0.645358 0.645358 0.645357 0.645357 0.645357 
0.696013 0.696012 0.696012 0.696012 0.696012 0.696011 0.696011 0.696011 0.696011 0.696011 0.696012 0.696012 0.696012 0.696012 0.696013 0.696013 0.696013 0.696014 0.696014 0.696015 0.696015 0.696016 0.696016 0.696017 0.696017 0.696018 0.696018 0.696019 0.696019 0.69602 0.69602 0.69602 0.696021 0.696021 0.696021 0.696021 0.696021 0.696022 0.696022 0.696022 0.696021 0.696021 0.696021 0.696021 0.696021 0.69602 0.69602 0.69602 0.696019 0.696019 0.696018 0.696018 0.696017 0.696017 0.696016 0.696016 0.696015 0.696015 0.696014 0.696014 0.696013 0.696013 
0.73941 0.73941 0.739409 0.739409 0.739408 0.739408 0.739408 0.739408 0.739407 0.739407 0.739407 0.739407 0.739407 0.739407 0.739408 0.739408 0.739408 0.739409 0.739409 0.739409 0.73941 0.73941 0.739411 0.739412 0.739412 0.739413 0.739413 0.739414 0.739415 0.739415 0.739416 0.739416 0.739417 0.739417 0.739418 0.739418 0.739418 0.739419 0.739419 0.739419 0.739419 0.739419 0.739419 0.739419 0.739419 0.739419 0.739419 0.739418 0.739418 0.739418 0.739417 0.739417 0.739416 0.739416 0.739415 0.739414 0.739414 0.739413 0.739413 0.739412 0.739411 0.739411 
0.77526 0.77526 0.775259 0.775259 0.775258 0.775258 0.775257 0.775257 0.775257 0.775256 0.775256 0.775256 0.775256 0.775256 0.775256 0.775256 0.775256 0.775257 0.775257 0.775257 0.775258 0.775258 0.775258 0.775259 0.77526 0.77526 0.775261 0.775261 0.775262 0.775262 0.775263 0.775264 0.775264 0.775265 0.775265 0.775266 0.775266 0.775267 0.775267 0.775267 0.775268 0.775268 0.775268 0.775268 0.775268 0.775268 0.775268 0.775268 0.775267 0.775267 0.775267 0.775266 0.775266 0.775266 0.775265 0.775264 0.775264 0.775263 0.775263 0.775262 0.775262 0.775261 
0.803345 0.803344 0.803344 0.803343 0.803343 0.803342 0.803342 0.803342 0.803341 0.803341 0.803341 0.803341 0.803341 0.803341 0.803341 0.803341 0.803341 0.803341 0.803341 0.803341 0.803342 0.803342 0.803342 0.803343 0.803343 0.803343 0.803344 0.803344 0.803345 0.803345 0.803346 0.803346 0.803347 0.803347 0.803348 0.803348 0.803348 0.803349 0.803349 0.803349 0.80335 0.80335 0.80335 0.80335 0.80335 0.80335 0.80335 0.80335 0.80335 0.80335 0.803349 0.803349 0.803349 0.803349 0.803348 0.803348 0.803347 0.803347 0.803346 0.803346 0.803346 0.803345 
0.823507 0.823506 0.823506 0.823506 0.823506 0.823506 0.823505 0.823505 0.823505 0.823505 0.823505 0.823505 0.823505 0.823505 0.823505 0.823505 0.823505 0.823505 0.823506 0.823506 0.823506 0.823506 0.823506 0.823506 0.823507 0.823507 0.823507 0.823507 0.823508 0.823508 0.823508 0.823508 0.823509 0.823509 0.823509 0.823509 0.82351 0.82351 0.82351 0.82351 0.82351 0.82351 0.82351 0.82351 0.82351 0.82351 0.82351 0.82351 0.82351 0.82351 0.823509 0.823509 0.823509 0.823509 0.823509 0.823508 0.823508 0.823508 0.823508 0.823507 0.823507 0.823507 
0.835642 0.835643 0.835643 0.835643 0.835643 0.835643 0.835643 0.835643 0.835644 0.835644 0.835644 0.835644 0.835644 0.835645 0.835645 0.835645 0.835645 0.835645 0.835646 0.835646 0.835646 0.835646 0.835646 0.835646 0.835646 0.835646 0.835646 0.835646 0.835646 0.835646 0.835646 0.835646 0.835646 0.835646 0.835646 0.835646 0.835646 0.835645 0.835645 0.835645 0.835645 0.835645 0.835645 0.835644 0.835644 0.835644 0.835644 0.835644 0.835643 0.835643 0.835643 0.835643 0.835643 0.835643 0.835643 0.835642 0.835642 0.835642 0.835642 0.835642 0.835642 0.835642 
0.839694 0.839694 0.839695 0.839695 0.839696 0.839696 0.839697 0.839697 0.839698 0.839698 0.839698 0.839699 0.839699 0.8397 0.8397 0.8397 0.839701 0.839701 0.839701 0.839701 0.839701 0.839701 0.839701 0.839701 0.839701 0.839701 0.839701 0.8397 0.8397 0.8397 0.839699 0.839699 0.839699 0.839698 0.839698 0.839697 0.839697 0.839696 0.839696 0.839695 0.839695 0.839694 0.839694 0.839694 0.839693 0.839693 0.839693 0.839692 0.839692 0.839692 0.839692 0.839692 0.839692 0.839692 0.839692 0.839692 0.839692 0.839692 0.839693 0.839693 0.839693 0.839694 
0.835643 0.835643 0.835644 0.835645 0.835645 0.835646 0.835647 0.835648 0.835648 0.835649 0.835649 0.83565 0.83565 0.835651 0.835651 0.835651 0.835652 0.835652 0.835652 0.835652 0.835652 0.835651 0.835651 0.835651 0.835651 0.83565 0.83565 0.835649 0.835648 0.835648 0.835647 0.835646 0.835646 0.835645 0.835644 0.835644 0.835643 0.835642 0.835641 0.835641 0.83564 0.83564 0.835639 0.835639 0.835638 0.835638 0.835638 0.835637 0.835637 0.835637 0.835637 0.835637 0.835638 0.835638 0.835638 0.835639 0.835639 0.835639 0.83564 0.835641 0.835641 0.835642 
0.823508 0.823509 0.82351 0.823511 0.823512 0.823512 0.823513 0.823514 0.823515 0.823515 0.823516 0.823516 0.823516 0.823516 0.823517 0.823517 0.823517 0.823516 0.823516 0.823516 0.823516 0.823515 0.823515 0.823514 0.823513 0.823513 0.823512 0.823511 0.82351 0.823509 0.823508 0.823507 0.823507 0.823506 0.823505 0.823504 0.823503 0.823503 0.823502 0.823501 0.823501 0.8235 0.8235 0.8235 0.823499 0.823499 0.823499 0.823499 0.823499 0.8235 0.8235 0.8235 0.823501 0.823501 0.823502 0.823503 0.823503 0.823504 0.823505 0.823506 0.823507 0.823507 
0.80335 0.803351 0.803351 0.803352 0.803353 0.803353 0.803354 0.803354 0.803355 0.803355 0.803355 0.803355 0.803355 0.803355 0.803355 0.803354 0.803354 0.803354 0.803353 0.803352 0.803352 0.803351 0.80335 0.803349 0.803348 0.803347 0.803346 0.803346 0.803345 0.803344 0.803343 0.803342 0.803341 0.80334 0.80334 0.803339 0.803338 0.803338 0.803337 0.803337 0.803337 0.803337 0.803337 0.803337 0.803337 0.803337 0.803337 0.803338 0.803338 0.803339 0.803339 0.80334 0.803341 0.803342 0.803343 0.803344 0.803344 0.803345 0.803346 0.803347 0.803348 0.803349 
0.77527 0.77527 0.775271 0.775271 0.775271 0.775271 0.775271 0.775271 0.775271 0.775271 0.775271 0.775271 0.77527 0.77527 0.775269 0.775268 0.775268 0.775267 0.775266 0.775265 0.775264 0.775263 0.775263 0.775262 0.775261 0.77526 0.775259 0.775258 0.775258 0.775257 0.775256 0.775256 0.775255 0.775255 0.775254 0.775254 0.775254 0.775254 0.775254 0.775254 0.775254 0.775254 0.775255 0.775255 0.775256 0.775256 0.775257 0.775258 0.775258 0.775259 0.77526 0.775261 0.775262 0.775263 0.775264 0.775264 0.775265 0.775266 0.775267 0.775268 0.775268 0.775269 
0.739422 0.739422 0.739422 0.739422 0.739422 0.739421 0.739421 0.739421 0.73942 0.73942 0.739419 0.739418 0.739418 0.739417 0.739416 0.739415 0.739415 0.739414 0.739413 0.739412 0.739411 0.739411 0.73941 0.739409 0.739409 0.739408 0.739408 0.739407 0.739407 0.739406 0.739406 0.739406 0.739406 0.739406 0.739406 0.739406 0.739407 0.739407 0.739407 0.739408 0.739408 0.739409 0.73941 0.73941 0.739411 0.739412 0.739413 0.739413 0.739414 0.739415 0.739416 0.739417 0.739417 0.739418 0.739419 0.739419 0.73942 0.73942 0.739421 0.739421 0.739422 0.739422 
0.696023 0.696023 0.696022 0.696022 0.696022 0.696021 0.69602 0.69602 0.696019 0.696019 0.696018 0.696017 0.696017 0.696016 0.696015 0.696015 0.696014 0.696013 0.696013 0.696012 0.696012 0.696012 0.696011 0.696011 0.696011 0.696011 0.696011 0.696011 0.696011 0.696011 0.696011 0.696011 0.696012 0.696012 0.696012 0.696013 0.696013 0.696014 0.696015 0.696015 0.696016 0.696017 0.696017 0.696018 0.696019 0.696019 0.69602 0.69602 0.696021 0.696022 0.696022 0.696022 0.696023 0.696023 0.696023 0.696024 0.696024 0.696024 0.696024 0.696024 0.696024 0.696023 
0.645364 0.645363 0.645363 0.645362 0.645362 0.645361 0.645361 0.64536 0.64536 0.645359 0.645359 0.645358 0.645358 0.645358 0.645357 0.645357 0.645357 0.645356 0.645356 0.645356 0.645356 0.645356 0.645356 0.645356 0.645356 0.645357 0.645357 0.645357 0.645358 0.645358 0.645358 0.645359 0.645359 0.64536 0.64536 0.645361 0.645361 0.645362 0.645362 0.645363 0.645363 0.645364 0.645364 0.645365 0.645365 0.645365 0.645366 0.645366 0.645366 0.645366 0.645366 0.645366 0.645366 0.645366 0.645366 0.645366 0.645366 0.645366 0.645365 0.645365 0.645365 0.645364 
0.587818 0.587818 0.587817 0.587817 0.587816 0.587816 0.587816 0.587816 0.587815 0.587815 0.587815 0.587815 0.587815 0.587815 0.587815 0.587815 0.587815 0.587815 0.587815 0.587815 0.587815 0.587815 0.587815 0.587816 0.587816 0.587816 0.587817 0.587817 0.587817 0.587818 0.587818 0.587818 0.587819 0.587819 0.58782 0.58782 0.58782 0.58782 0.587821 0.587821 0.587821 0.587821 0.587822 0.587822 0.587822 0.587822 0.587822 0.587822 0.587822 0.587822 0.587821 0.587821 0.587821 0.587821 0.587821 0.58782 0.58782 0.58782 0.587819 0.587819 0.587819 0.587818 
0.523851 0.523851 0.523851 0.52385 0.52385 0.52385 0.52385 0.52385 0.52385 0.52385 0.52385 0.52385 0.52385 0.52385 0.52385 0.52385 0.523851 0.523851 0.523851 0.523851 0.523851 0.523852 0.523852 0.523852 0.523852 0.523852 0.523853 0.523853 0.523853 0.523853 0.523854 0.523854 0.523854 0.523854 0.523854 0.523854 0.523854 0.523855 0.523855 0.523855 0.523855 0.523855 0.523855 0.523855 0.523854 0.523854 0.523854 0.523854 0.523854 0.523854 0.523854 0.523853 0.523853 0.523853 0.523853 0.523852 0.523852 0.523852 0.523852 0.523852 0.523851 0.523851 
0.454027 0.454027 0.454027 0.454027 0.454027 0.454027 0.454027 0.454028 0.454028 0.454028 0.454028 0.454028 0.454028 0.454028 0.454028 0.454028 0.454028 0.454028 0.454029 0.454029 0.454029 0.454029 0.454029 0.454029 0.454029 0.454029 0.454029 0.45403 0.45403 0.45403 0.45403 0.45403 0.45403 0.45403 0.45403 0.45403 0.45403 0.45403 0.45403 0.45403 0.45403 0.45403 0.45403 0.454029 0.454029 0.454029 0.454029 0.454029 0.454029 0.454029 0.454029 0.454028 0.454028 0.454028 0.454028 0.454028 0.454028 0.454028 0.454028 0.454028 0.454028 0.454028 
0.379015 0.379015 0.379015 0.379015 0.379015 0.379015 0.379015 0.379015 0.379015 0.379015 0.379016 0.379016 0.379016 0.379016 0.379016 0.379016 0.379016 0.379016 0.379016 0.379016 0.379016 0.379016 0.379016 0.379016 0.379016 0.379016 0.379016 0.379016 0.379016 0.379016 0.379016 0.379016 0.379016 0.379016 0.379016 0.379016 0.379016 0.379016 0.379016 0.379016 0.379016 0.379016 0.379016 0.379016 0.379016 0.379016 0.379016 0.379016 0.379016 0.379016 0.379016 0.379015 0.379015 0.379015 0.379015 0.379015 0.379015 0.379015 0.379015 0.379015 0.379015 0.379015 
0.299585 0.299585 0.299585 0.299585 0.299585 0.299585 0.299585 0.299585 0.299585 0.299585 0.299585 0.299585 0.299585 0.299585 0.299585 0.299585 0.299585 0.299585 0.299585 0.299585 0.299585 0.299585 0.299585 0.299585 0.299585 0.299585 0.299585 0.299585 0.299585 0.299585 0.299585 0.299585 0.299585 0.299585 0.299585 0.299585 0.299585 0.299585 0.299585 0.299585 0.299585 0.299585 0.299585 0.299585 0.299585 0.299585 0.299585 0.299585 0.299585 0.299585 0.299585 0.299585 0.299585 0.299585 0.299585 0.299585 0.299585 0.299585 0.299585 0.299585 0.299585 0.299585 
0.216604 0.216604 0.216604 0.216604 0.216604 0.216604 0.216604 0.216604 0.216604 0.216604 0.216604 0.216604 0.216604 0.216604 0.216604 0.216604 0.216604 0.216604 0.216604 0.216604 0.216604 0.216604 0.216604 0.216604 0.216604 0.216604 0.216604 0.216604 0.216604 0.216604 0.216604 0.216604 0.216604 0.216604 0.216604 0.216604 0.216604 0.216604 0.216604 0.216604 0.216604 0.216604 0.216604 0.216604 0.216604 0.216604 0.216604 0.216604 0.216604 0.216604 0.216604 0.216604 0.216604 0.216604 0.216604 0.216604 0.216604 0.216604 0.216604 0.216604 0.216604 0.216604 
0.131022 0.131022 0.131022 0.131022 0.131022 0.131022 0.131022 0.131021 0.131021 0.131021 0.131021 0.131021 0.131021 0.131021 0.131021 0.131021 0.131021 0.131021 0.131022 0.131022 0.131022 0.131022 0.131022 0.131022 0.131022 0.131022 0.131022 0.131022 0.131022 0.131022 0.131022 0.131022 0.131022 0.131022 0.131022 0.131022 0.131022 0.131022 0.131022 0.131022 0.131022 0.131022 0.131022 0.131022 0.131022 0.131022 0.131022 0.131022 0.131022 0.131022 0.131022 0.131022 0.131022 0.131022 0.131022 0.131022 0.131022 0.131022 0.131022 0.131022 0.131022 0.131022 
0.0438518 0.0438518 0.0438518 0.0438518 0.0438518 0.0438517 0.0438517 0.0438517 0.0438517 0.0438517 0.0438517 0.0438517 0.0438517 0.0438517 0.0438517 0.0438517 0.0438517 0.0438517 0.0438517 0.0438517 0.0438517 0.0438517 0.0438517 0.0438517 0.0438517 0.0438518 0.0438518 0.0438518 0.0438518 0.0438518 0.0438518 0.0438518 0.0438518 0.0438518 0.0438518 0.0438518 0.0438518 0.0438518 0.0438518 0.0438519 0.0438519 0.0438519 0.0438519 0.0438519 0.0438519 0.0438519 0.0438519 0.0438519 0.0438519 0.0438519 0.0438519 0.0438519 0.0438519 0.0438519 0.0438518 0.0438518 0.0438518 0.0438518 0.0438518 0.0438518 0.0438518 0.0438518 
