0.043756 0.043756 0.043756 0.0437559 0.0437559 0.0437559 0.0437559 0.0437559 0.0437559 0.0437559 0.0437559 0.0437559 0.0437559 0.0437559 0.0437559 0.0437559 0.0437559 0.0437559 0.0437559 0.0437559 0.0437559 0.0437559 0.0437559 0.0437559 0.0437559 0.0437559 0.0437559 0.0437559 0.043756 0.043756 0.043756 0.043756 0.043756 0.043756 0.043756 0.043756 0.043756 0.043756 0.043756 0.043756 0.043756 0.043756 0.043756 0.043756 0.0437561 0.0437561 0.0437561 0.0437561 0.0437561 0.043756 0.043756 0.043756 0.043756 0.043756 0.043756 0.043756 0.043756 0.043756 0.043756 0.043756 0.043756 0.043756 
0.130737 0.130737 0.130737 0.130737 0.130737 0.130736 0.130736 0.130736 0.130736 0.130736 0.130736 0.130736 0.130736 0.130736 0.130736 0.130736 0.130736 0.130736 0.130736 0.130736 0.130737 0.130737 0.130737 0.130737 0.130737 0.130737 0.130737 0.130737 0.130737 0.130737 0.130737 0.130737 0.130737 0.130737 0.130737 0.130737 0.130737 0.130737 0.130737 0.130737 0.130737 0.130737 0.130737 0.130737 0.130737 0.130737 0.130737 0.130737 0.130737 0.130737 0.130737 0.130737 0.130737 0.130737 0.130737 0.130737 0.130737 0.130737 0.130737 0.130737 0.130737 0.130737 
0.216137 0.216137 0.216137 0.216137 0.216137 0.216137 0.216137 0.216137 0.216137 0.216137 0.216137 0.216137 0.216137 0.216137 0.216137 0.216137 0.216137 0.216137 0.216137 0.216137 0.216137 0.216137 0.216137 0.216137 0.216137 0.216137 0.216137 0.216137 0.216137 0.216137 0.216137 0.216137 0.216137 0.216137 0.216137 0.216137 0.216137 0.216137 0.216137 0.216137 0.216137 0.216137 0.216137 0.216137 0.216137 0.216137 0.216137 0.216137 0.216137 0.216137 0.216137 0.216137 0.216137 0.216137 0.216137 0.216137 0.216137 0.216137 0.216137 0.216137 0.216137 0.216137 
0.298948 0.298948 0.298948 0.298948 0.298948 0.298948 0.298947 0.298947 0.298947 0.298947 0.298947 0.298947 0.298947 0.298947 0.298947 0.298947 0.298947 0.298947 0.298947 0.298947 0.298947 0.298947 0.298947 0.298948 0.298948 0.298948 0.298948 0.298948 0.298948 0.298948 0.298948 0.298948 0.298948 0.298948 0.298948 0.298948 0.298948 0.298948 0.298948 0.298948 0.298948 0.298948 0.298948 0.298948 0.298948 0.298948 0.298948 0.298948 0.298948 0.298948 0.298948 0.298948 0.298948 0.298948 0.298948 0.298948 0.298948 0.298948 0.298948 0.298948 0.298948 0.298948 
0.378222 0.378222 0.378222 0.378222 0.378222 0.378222 0.378222 0.378222 0.378222 0.378222 0.378222 0.378222 0.378222 0.378222 0.378222 0.378222 0.378222 0.378222 0.378222 0.378222 0.378222 0.378222 0.378222 0.378222 0.378222 0.378222 0.378222 0.378222 0.378222 0.378222 0.378222 0.378222 0.378222 0.378222 0.378222 0.378222 0.378222 0.378222 0.378222 0.378222 0.378222 0.378222 0.378222 0.378222 0.378222 0.378222 0.378222 0.378222 0.378222 0.378222 0.378222 0.378222 0.378222 0.378222 0.378222 0.378222 0.378222 0.378222 0.378222 0.378222 0.378222 0.378222 
0.453096 0.453096 0.453096 0.453096 0.453096 0.453096 0.453096 0.453096 0.453096 0.453097 0.453097 0.453097 0.453097 0.453097 0.453097 0.453097 0.453097 0.453097 0.453097 0.453097 0.453097 0.453097 0.453097 0.453097 0.453097 0.453097 0.453097 0.453097 0.453097 0.453097 0.453097 0.453097 0.453097 0.453097 0.453097 0.453097 0.453097 0.453097 0.453097 0.453097 0.453097 0.453097 0.453097 0.453097 0.453097 0.453096 0.453096 0.453096 0.453096 0.453096 0.453096 0.453096 0.453096 0.453096 0.453096 0.453096 0.453096 0.453096 0.453096 0.453096 0.453096 0.453096 
0.522799 0.522799 0.522799 0.522799 0.522799 0.522799 0.522799 0.522799 0.522799 0.522799 0.522799 0.5228 0.5228 0.5228 0.5228 0.5228 0.5228 0.5228 0.5228 0.522801 0.522801 0.522801 0.522801 0.522801 0.522801 0.522801 0.522801 0.522801 0.522801 0.522801 0.522801 0.522801 0.522801 0.522801 0.522801 0.522801 0.522801 0.522801 0.522801 0.522801 0.522801 0.522801 0.5228 0.5228 0.5228 0.5228 0.5228 0.5228 0.5228 0.5228 0.5228 0.522799 0.522799 0.522799 0.522799 0.522799 0.522799 0.522799 0.522799 0.522799 0.522799 0.522799 
0.586662 0.586662 0.586662 0.586662 0.586662 0.586662 0.586662 0.586662 0.586662 0.586662 0.586662 0.586663 0.586663 0.586663 0.586663 0.586663 0.586663 0.586664 0.586664 0.586664 0.586664 0.586665 0.586665 0.586665 0.586665 0.586665 0.586666 0.586666 0.586666 0.586666 0.586666 0.586666 0.586666 0.586666 0.586666 0.586666 0.586666 0.586666 0.586666 0.586666 0.586666 0.586666 0.586666 0.586666 0.586666 0.586665 0.586665 0.586665 0.586665 0.586664 0.586664 0.586664 0.586664 0.586664 0.586663 0.586663 0.586663 0.586663 0.586663 0.586662 0.586662 0.586662 
0.644121 0.644121 0.644121 0.64412 0.64412 0.64412 0.64412 0.64412 0.64412 0.64412 0.64412 0.64412 0.64412 0.644121 0.644121 0.644121 0.644121 0.644121 0.644122 0.644122 0.644122 0.644123 0.644123 0.644124 0.644124 0.644124 0.644125 0.644125 0.644125 0.644126 0.644126 0.644126 0.644126 0.644127 0.644127 0.644127 0.644127 0.644127 0.644127 0.644127 0.644127 0.644127 0.644127 0.644127 0.644127 0.644127 0.644126 0.644126 0.644126 0.644126 0.644125 0.644125 0.644125 0.644124 0.644124 0.644123 0.644123 0.644123 0.644122 0.644122 0.644122 0.644121 
0.694711 0.69471 0.69471 0.694709 0.694709 0.694709 0.694708 0.694708 0.694708 0.694708 0.694708 0.694708 0.694708 0.694708 0.694708 0.694708 0.694708 0.694708 0.694709 0.694709 0.694709 0.69471 0.69471 0.69471 0.694711 0.694711 0.694712 0.694712 0.694713 0.694713 0.694714 0.694714 0.694715 0.694715 0.694716 0.694716 0.694716 0.694717 0.694717 0.694717 0.694717 0.694717 0.694718 0.694718 0.694718 0.694717 0.694717 0.694717 0.694717 0.694717 0.694716 0.694716 0.694716 0.694715 0.694715 0.694714 0.694714 0.694713 0.694713 0.694712 0.694712 0.694711 
0.738057 0.738056 0.738056 0.738055 0.738055 0.738054 0.738054 0.738053 0.738053 0.738052 0.738052 0.738052 0.738052 0.738052 0.738051 0.738051 0.738051 0.738052 0.738052 0.738052 0.738052 0.738052 0.738053 0.738053 0.738054 0.738054 0.738055 0.738055 0.738056 0.738056 0.738057 0.738058 0.738058 0.738059 0.738059 0.73806 0.73806 0.738061 0.738061 0.738062 0.738062 0.738062 0.738063 0.738063 0.738063 0.738063 0.738063 0.738063 0.738063 0.738063 0.738063 0.738062 0.738062 0.738062 0.738061 0.738061 0.73806 0.73806 0.738059 0.738059 0.738058 0.738058 
0.773868 0.773867 0.773867 0.773866 0.773866 0.773865 0.773864 0.773864 0.773863 0.773863 0.773862 0.773862 0.773862 0.773861 0.773861 0.773861 0.773861 0.773861 0.773861 0.773861 0.773861 0.773861 0.773862 0.773862 0.773862 0.773863 0.773863 0.773863 0.773864 0.773864 0.773865 0.773866 0.773866 0.773867 0.773867 0.773868 0.773869 0.773869 0.77387 0.77387 0.773871 0.773871 0.773871 0.773872 0.773872 0.773872 0.773872 0.773873 0.773873 0.773873 0.773873 0.773872 0.773872 0.773872 0.773872 0.773871 0.773871 0.773871 0.77387 0.77387 0.773869 0.773868 
0.801923 0.801923 0.801922 0.801922 0.801922 0.801921 0.801921 0.80192 0.80192 0.801919 0.801919 0.801919 0.801918 0.801918 0.801918 0.801918 0.801917 0.801917 0.801917 0.801917 0.801917 0.801917 0.801918 0.801918 0.801918 0.801918 0.801919 0.801919 0.801919 0.80192 0.80192 0.801921 0.801921 0.801921 0.801922 0.801922 0.801923 0.801923 0.801924 0.801924 0.801925 0.801925 0.801925 0.801926 0.801926 0.801926 0.801926 0.801926 0.801927 0.801927 0.801927 0.801927 0.801926 0.801926 0.801926 0.801926 0.801926 0.801925 0.801925 0.801925 0.801924 0.801924 
0.822066 0.822065 0.822065 0.822065 0.822065 0.822064 0.822064 0.822064 0.822064 0.822063 0.822063 0.822063 0.822063 0.822063 0.822063 0.822063 0.822063 0.822063 0.822063 0.822063 0.822063 0.822063 0.822063 0.822063 0.822063 0.822064 0.822064 0.822064 0.822064 0.822064 0.822065 0.822065 0.822065 0.822065 0.822066 0.822066 0.822066 0.822066 0.822067 0.822067 0.822067 0.822067 0.822067 0.822067 0.822068 0.822068 0.822068 0.822068 0.822068 0.822068 0.822068 0.822068 0.822068 0.822067 0.822067 0.822067 0.822067 0.822067 0.822066 0.822066 0.822066 0.822066 
0.834189 0.834189 0.834189 0.834189 0.83419 0.83419 0.83419 0.83419 0.83419 0.83419 0.83419 0.83419 0.83419 0.834191 0.834191 0.834191 0.834191 0.834191 0.834192 0.834192 0.834192 0.834192 0.834192 0.834192 0.834193 0.834193 0.834193 0.834193 0.834193 0.834193 0.834193 0.834193 0.834193 0.834193 0.834193 0.834193 0.834193 0.834193 0.834193 0.834193 0.834193 0.834193 0.834192 0.834192 0.834192 0.834192 0.834192 0.834191 0.834191 0.834191 0.834191 0.834191 0.834191 0.83419 0.83419 0.83419 0.83419 0.83419 0.83419 0.83419 0.83419 0.834189 
0.838236 0.838236 0.838237 0.838237 0.838237 0.838238 0.838238 0.838238 0.838239 0.838239 0.83824 0.83824 0.838241 0.838241 0.838242 0.838242 0.838242 0.838243 0.838243 0.838243 0.838244 0.838244 0.838244 0.838244 0.838244 0.838244 0.838244 0.838244 0.838244 0.838244 0.838244 0.838244 0.838244 0.838243 0.838243 0.838243 0.838242 0.838242 0.838241 0.838241 0.838241 0.83824 0.83824 0.838239 0.838239 0.838238 0.838238 0.838237 0.838237 0.838237 0.838236 0.838236 0.838236 0.838236 0.838236 0.838235 0.838235 0.838235 0.838235 0.838235 0.838236 0.838236 
0.834187 0.834187 0.834188 0.834188 0.834189 0.83419 0.83419 0.834191 0.834192 0.834193 0.834193 0.834194 0.834195 0.834195 0.834196 0.834196 0.834197 0.834197 0.834198 0.834198 0.834198 0.834198 0.834198 0.834198 0.834198 0.834198 0.834198 0.834198 0.834198 0.834197 0.834197 0.834196 0.834196 0.834195 0.834195 0.834194 0.834193 0.834192 0.834192 0.834191 0.83419 0.83419 0.834189 0.834188 0.834188 0.834187 0.834187 0.834186 0.834186 0.834185 0.834185 0.834185 0.834185 0.834185 0.834184 0.834185 0.834185 0.834185 0.834185 0.834185 0.834186 0.834186 
0.822062 0.822063 0.822064 0.822064 0.822065 0.822066 0.822067 0.822068 0.822069 0.822069 0.82207 0.822071 0.822072 0.822072 0.822073 0.822073 0.822073 0.822074 0.822074 0.822074 0.822074 0.822074 0.822074 0.822074 0.822073 0.822073 0.822072 0.822072 0.822071 0.822071 0.82207 0.822069 0.822068 0.822068 0.822067 0.822066 0.822065 0.822064 0.822063 0.822062 0.822062 0.822061 0.82206 0.82206 0.822059 0.822059 0.822058 0.822058 0.822057 0.822057 0.822057 0.822057 0.822057 0.822057 0.822058 0.822058 0.822058 0.822059 0.822059 0.82206 0.822061 0.822061 
0.801922 0.801923 0.801924 0.801925 0.801926 0.801926 0.801927 0.801928 0.801929 0.801929 0.80193 0.80193 0.801931 0.801931 0.801931 0.801931 0.801931 0.801931 0.801931 0.801931 0.801931 0.80193 0.80193 0.801929 0.801929 0.801928 0.801927 0.801926 0.801925 0.801925 0.801924 0.801923 0.801922 0.801921 0.80192 0.801919 0.801918 0.801918 0.801917 0.801916 0.801916 0.801915 0.801915 0.801914 0.801914 0.801914 0.801914 0.801913 0.801914 0.801914 0.801914 0.801914 0.801915 0.801915 0.801916 0.801916 0.801917 0.801918 0.801919 0.801919 0.80192 0.801921 
0.773871 0.773872 0.773872 0.773873 0.773874 0.773874 0.773875 0.773875 0.773875 0.773876 0.773876 0.773876 0.773876 0.773876 0.773876 0.773875 0.773875 0.773875 0.773874 0.773873 0.773873 0.773872 0.773871 0.773871 0.77387 0.773869 0.773868 0.773867 0.773866 0.773865 0.773865 0.773864 0.773863 0.773862 0.773862 0.773861 0.77386 0.77386 0.77386 0.773859 0.773859 0.773859 0.773859 0.773859 0.773859 0.773859 0.773859 0.77386 0.77386 0.773861 0.773861 0.773862 0.773863 0.773863 0.773864 0.773865 0.773866 0.773867 0.773868 0.773868 0.773869 0.77387 
0.738064 0.738065 0.738065 0.738065 0.738065 0.738066 0.738066 0.738066 0.738065 0.738065 0.738065 0.738065 0.738064 0.738064 0.738063 0.738063 0.738062 0.738061 0.738061 0.73806 0.738059 0.738058 0.738058 0.738057 0.738056 0.738055 0.738055 0.738054 0.738053 0.738053 0.738052 0.738052 0.738051 0.738051 0.738051 0.73805 0.73805 0.73805 0.73805 0.73805 0.738051 0.738051 0.738051 0.738052 0.738052 0.738053 0.738053 0.738054 0.738055 0.738055 0.738056 0.738057 0.738058 0.738058 0.738059 0.73806 0.738061 0.738061 0.738062 0.738063 0.738063 0.738064 
0.69472 0.69472 0.69472 0.69472 0.694719 0.694719 0.694719 0.694718 0.694718 0.694717 0.694717 0.694716 0.694716 0.694715 0.694715 0.694714 0.694713 0.694713 0.694712 0.694711 0.694711 0.69471 0.69471 0.694709 0.694709 0.694708 0.694708 0.694708 0.694707 0.694707 0.694707 0.694707 0.694707 0.694707 0.694707 0.694707 0.694708 0.694708 0.694708 0.694709 0.694709 0.69471 0.69471 0.694711 0.694712 0.694712 0.694713 0.694713 0.694714 0.694715 0.694715 0.694716 0.694717 0.694717 0.694718 0.694718 0.694718 0.694719 0.694719 0.694719 0.69472 0.69472 
0.644129 0.644128 0.644128 0.644128 0.644127 0.644127 0.644126 0.644126 0.644125 0.644125 0.644124 0.644124 0.644123 0.644123 0.644122 0.644122 0.644122 0.644121 0.644121 0.644121 0.64412 0.64412 0.64412 0.64412 0.64412 0.644119 0.644119 0.64412 0.64412 0.64412 0.64412 0.64412 0.644121 0.644121 0.644121 0.644122 0.644122 0.644123 0.644123 0.644123 0.644124 0.644124 0.644125 0.644125 0.644126 0.644126 0.644127 0.644127 0.644128 0.644128 0.644128 0.644129 0.644129 0.644129 0.644129 0.644129 0.644129 0.644129 0.644129 0.644129 0.644129 0.644129 
0.586666 0.586666 0.586666 0.586665 0.586665 0.586665 0.586664 0.586664 0.586664 0.586663 0.586663 0.586663 0.586662 0.586662 0.586662 0.586662 0.586662 0.586662 0.586661 0.586661 0.586661 0.586661 0.586662 0.586662 0.586662 0.586662 0.586662 0.586662 0.586663 0.586663 0.586663 0.586664 0.586664 0.586664 0.586665 0.586665 0.586665 0.586666 0.586666 0.586666 0.586667 0.586667 0.586667 0.586668 0.586668 0.586668 0.586668 0.586668 0.586668 0.586668 0.586668 0.586668 0.586668 0.586668 0.586668 0.586668 0.586668 0.586668 0.586668 0.586667 0.586667 0.586667 
0.5228 0.5228 0.5228 0.5228 0.5228 0.522799 0.522799 0.522799 0.522799 0.522799 0.522799 0.522799 0.522799 0.522799 0.522799 0.522799 0.522799 0.522799 0.522799 0.522799 0.522799 0.522799 0.522799 0.522799 0.5228 0.5228 0.5228 0.5228 0.5228 0.522801 0.522801 0.522801 0.522801 0.522802 0.522802 0.522802 0.522802 0.522802 0.522802 0.522803 0.522803 0.522803 0.522803 0.522803 0.522803 0.522803 0.522803 0.522803 0.522803 0.522803 0.522803 0.522803 0.522802 0.522802 0.522802 0.522802 0.522802 0.522801 0.522801 0.522801 0.522801 0.522801 
0.453096 0.453096 0.453096 0.453096 0.453096 0.453096 0.453096 0.453096 0.453096 0.453096 0.453096 0.453096 0.453096 0.453096 0.453096 0.453096 0.453096 0.453097 0.453097 0.453097 0.453097 0.453097 0.453097 0.453097 0.453097 0.453097 0.453098 0.453098 0.453098 0.453098 0.453098 0.453098 0.453098 0.453098 0.453098 0.453098 0.453098 0.453098 0.453098 0.453098 0.453098 0.453098 0.453098 0.453098 0.453098 0.453098 0.453098 0.453098 0.453098 0.453098 0.453098 0.453098 0.453098 0.453097 0.453097 0.453097 0.453097 0.453097 0.453097 0.453097 0.453097 0.453097 
0.378223 0.378222 0.378222 0.378222 0.378222 0.378222 0.378222 0.378223 0.378223 0.378223 0.378223 0.378223 0.378223 0.378223 0.378223 0.378223 0.378223 0.378223 0.378223 0.378223 0.378223 0.378223 0.378223 0.378223 0.378223 0.378223 0.378223 0.378223 0.378223 0.378223 0.378223 0.378223 0.378223 0.378223 0.378223 0.378223 0.378223 0.378223 0.378223 0.378223 0.378223 0.378223 0.378223 0.378223 0.378223 0.378223 0.378223 0.378223 0.378223 0.378223 0.378223 0.378223 0.378223 0.378223 0.378223 0.378223 0.378223 0.378223 0.378223 0.378223 0.378223 0.378223 
0.298948 0.298948 0.298948 0.298948 0.298948 0.298948 0.298948 0.298948 0.298948 0.298948 0.298948 0.298948 0.298948 0.298948 0.298948 0.298948 0.298948 0.298948 0.298948 0.298948 0.298948 0.298948 0.298948 0.298948 0.298948 0.298948 0.298948 0.298948 0.298948 0.298948 0.298948 0.298948 0.298948 0.298948 0.298948 0.298948 0.298948 0.298948 0.298948 0.298948 0.298948 0.298948 0.298948 0.298948 0.298948 0.298948 0.298948 0.298948 0.298948 0.298948 0.298948 0.298948 0.298948 0.298948 0.298948 0.298948 0.298948 0.298948 0.298948 0.298948 0.298948 0.298948 
0.216137 0.216137 0.216137 0.216137 0.216137 0.216137 0.216137 0.216137 0.216137 0.216137 0.216137 0.216137 0.216137 0.216137 0.216137 0.216137 0.216137 0.216137 0.216137 0.216137 0.216137 0.216137 0.216137 0.216137 0.216137 0.216137 0.216137 0.216137 0.216137 0.216137 0.216137 0.216137 0.216137 0.216137 0.216137 0.216137 0.216137 0.216137 0.216137 0.216137 0.216137 0.216137 0.216137 0.216137 0.216137 0.216137 0.216137 0.216137 0.216137 0.216137 0.216137 0.216137 0.216137 0.216137 0.216137 0.216137 0.216137 0.216137 0.216137 0.216137 0.216137 0.216137 
0.130737 0.130737 0.130737 0.130737 0.130737 0.130737 0.130737 0.130737 0.130737 0.130737 0.130737 0.130737 0.130737 0.130737 0.130737 0.130737 0.130737 0.130737 0.130737 0.130737 0.130737 0.130737 0.130737 0.130737 0.130737 0.130737 0.130737 0.130737 0.130737 0.130737 0.130737 0.130737 0.130737 0.130737 0.130737 0.130737 0.130737 0.130737 0.130737 0.130737 0.130737 0.130737 0.130737 0.130737 0.130737 0.130737 0.130737 0.130737 0.130737 0.130737 0.130737 0.130737 0.130737 0.130737 0.130737 0.130737 0.130737 0.130737 0.130737 0.130737 0.130737 0.130737 
0.0437561 0.0437561 0.0437561 0.043756 0.043756 0.043756 0.043756 0.043756 0.043756 0.043756 0.043756 0.043756 0.043756 0.043756 0.043756 0.043756 0.043756 0.043756 0.043756 0.043756 0.043756 0.043756 0.043756 0.043756 0.043756 0.043756 0.043756 0.043756 0.043756 0.043756 0.043756 0.043756 0.043756 0.043756 0.043756 0.043756 0.043756 0.0437561 0.0437561 0.0437561 0.0437561 0.0437561 0.0437561 0.0437561 0.0437561 0.0437561 0.0437561 0.0437561 0.0437561 0.0437561 0.0437561 0.0437561 0.0437561 0.0437561 0.0437561 0.0437561 0.0437561 0.0437561 0.0437561 0.0437561 0.0437561 0.0437561 
