0.0432837 0.0432837 0.0432837 0.0432837 0.0432837 0.0432837 0.0432837 0.0432838 0.0432838 0.0432837 0.0432837 0.0432837 0.0432837 0.0432837 0.0432837 0.0432837 0.0432837 0.0432837 0.0432837 0.0432837 0.0432837 0.0432837 0.0432837 0.0432837 0.0432837 0.0432837 0.0432837 0.0432837 0.0432836 0.0432836 0.0432836 0.0432836 0.0432836 0.0432836 0.0432836 0.0432836 0.0432836 0.0432836 0.0432836 0.0432836 0.0432836 0.0432836 0.0432836 0.0432836 0.0432836 0.0432836 0.0432836 0.0432836 0.0432836 0.0432837 0.0432837 0.0432837 0.0432837 0.0432837 0.0432837 0.0432837 0.0432837 0.0432837 0.0432837 0.0432837 0.0432837 0.0432837 
0.129332 0.129332 0.129332 0.129332 0.129332 0.129332 0.129332 0.129332 0.129332 0.129332 0.129332 0.129332 0.129332 0.129332 0.129332 0.129332 0.129332 0.129332 0.129332 0.129332 0.129332 0.129332 0.129332 0.129332 0.129332 0.129332 0.129331 0.129331 0.129331 0.129331 0.129331 0.129331 0.129331 0.129331 0.129331 0.129331 0.129331 0.129331 0.129331 0.129331 0.129331 0.129331 0.129331 0.129331 0.129331 0.129331 0.129332 0.129332 0.129332 0.129332 0.129332 0.129332 0.129332 0.129332 0.129332 0.129332 0.129332 0.129332 0.129332 0.129332 0.129332 0.129332 
0.213834 0.213834 0.213834 0.213834 0.213834 0.213834 0.213834 0.213834 0.213834 0.213834 0.213834 0.213834 0.213834 0.213834 0.213834 0.213834 0.213834 0.213834 0.213834 0.213834 0.213834 0.213834 0.213834 0.213834 0.213834 0.213834 0.213834 0.213834 0.213834 0.213834 0.213834 0.213834 0.213834 0.213834 0.213834 0.213834 0.213834 0.213834 0.213834 0.213834 0.213834 0.213834 0.213834 0.213834 0.213834 0.213834 0.213834 0.213834 0.213834 0.213834 0.213834 0.213834 0.213834 0.213834 0.213834 0.213834 0.213834 0.213834 0.213834 0.213834 0.213834 0.213834 
0.295801 0.295801 0.295801 0.295801 0.295801 0.295801 0.295801 0.295801 0.295801 0.295801 0.295801 0.295801 0.295801 0.295801 0.295801 0.295801 0.295801 0.295801 0.295801 0.295801 0.295801 0.295801 0.295801 0.295801 0.295801 0.295801 0.295801 0.295801 0.295801 0.295801 0.295801 0.295801 0.295801 0.295801 0.295801 0.295801 0.295801 0.295801 0.295801 0.295801 0.295801 0.295801 0.295801 0.295801 0.295801 0.295801 0.295801 0.295801 0.295801 0.295801 0.295801 0.295801 0.295801 0.295801 0.295801 0.295801 0.295801 0.295801 0.295801 0.295801 0.295801 0.295801 
0.374304 0.374304 0.374304 0.374304 0.374304 0.374304 0.374304 0.374304 0.374304 0.374304 0.374304 0.374304 0.374304 0.374304 0.374304 0.374304 0.374304 0.374304 0.374304 0.374304 0.374304 0.374304 0.374304 0.374304 0.374304 0.374304 0.374304 0.374304 0.374304 0.374304 0.374304 0.374304 0.374304 0.374304 0.374304 0.374304 0.374304 0.374304 0.374304 0.374304 0.374304 0.374304 0.374304 0.374304 0.374304 0.374304 0.374304 0.374304 0.374304 0.374304 0.374304 0.374304 0.374304 0.374304 0.374304 0.374304 0.374304 0.374304 0.374304 0.374304 0.374304 0.374304 
0.448488 0.448488 0.448488 0.448488 0.448488 0.448488 0.448488 0.448488 0.448488 0.448488 0.448488 0.448488 0.448488 0.448488 0.448488 0.448488 0.448488 0.448488 0.448488 0.448488 0.448488 0.448488 0.448488 0.448488 0.448488 0.448488 0.448488 0.448488 0.448488 0.448488 0.448488 0.448488 0.448488 0.448488 0.448488 0.448488 0.448488 0.448488 0.448489 0.448489 0.448489 0.448489 0.448489 0.448489 0.448489 0.448489 0.448489 0.448489 0.448489 0.448489 0.448489 0.448489 0.448489 0.448489 0.448489 0.448489 0.448489 0.448489 0.448489 0.448489 0.448489 0.448489 
0.517592 0.517592 0.517592 0.517592 0.517592 0.517592 0.517592 0.517591 0.517591 0.517591 0.517591 0.517591 0.517591 0.517591 0.517591 0.517591 0.517591 0.517591 0.517591 0.517591 0.517591 0.51759 0.51759 0.51759 0.51759 0.51759 0.517591 0.517591 0.517591 0.517591 0.517591 0.517591 0.517591 0.517591 0.517591 0.517591 0.517591 0.517591 0.517591 0.517592 0.517592 0.517592 0.517592 0.517592 0.517592 0.517592 0.517592 0.517592 0.517592 0.517592 0.517592 0.517592 0.517592 0.517592 0.517592 0.517592 0.517592 0.517592 0.517592 0.517592 0.517592 0.517592 
0.580948 0.580948 0.580948 0.580947 0.580947 0.580947 0.580947 0.580947 0.580947 0.580946 0.580946 0.580946 0.580946 0.580946 0.580946 0.580945 0.580945 0.580945 0.580945 0.580945 0.580945 0.580944 0.580944 0.580944 0.580944 0.580944 0.580944 0.580944 0.580944 0.580944 0.580944 0.580944 0.580944 0.580944 0.580945 0.580945 0.580945 0.580945 0.580945 0.580945 0.580946 0.580946 0.580946 0.580946 0.580946 0.580947 0.580947 0.580947 0.580947 0.580947 0.580947 0.580947 0.580948 0.580948 0.580948 0.580948 0.580948 0.580948 0.580948 0.580948 0.580948 0.580948 
0.637987 0.637987 0.637987 0.637987 0.637987 0.637987 0.637986 0.637986 0.637986 0.637986 0.637986 0.637985 0.637985 0.637985 0.637984 0.637984 0.637984 0.637983 0.637983 0.637983 0.637983 0.637982 0.637982 0.637982 0.637982 0.637981 0.637981 0.637981 0.637981 0.637981 0.637981 0.637981 0.637981 0.637981 0.637981 0.637981 0.637981 0.637981 0.637981 0.637982 0.637982 0.637982 0.637982 0.637983 0.637983 0.637983 0.637984 0.637984 0.637984 0.637985 0.637985 0.637985 0.637985 0.637986 0.637986 0.637986 0.637986 0.637987 0.637987 0.637987 0.637987 0.637987 
0.688237 0.688237 0.688237 0.688237 0.688237 0.688237 0.688237 0.688237 0.688237 0.688237 0.688237 0.688236 0.688236 0.688236 0.688235 0.688235 0.688235 0.688234 0.688234 0.688233 0.688233 0.688233 0.688232 0.688232 0.688231 0.688231 0.688231 0.68823 0.68823 0.68823 0.688229 0.688229 0.688229 0.688229 0.688229 0.688229 0.688229 0.688229 0.688229 0.688229 0.688229 0.68823 0.68823 0.68823 0.68823 0.688231 0.688231 0.688232 0.688232 0.688232 0.688233 0.688233 0.688234 0.688234 0.688235 0.688235 0.688235 0.688236 0.688236 0.688236 0.688237 0.688237 
0.731316 0.731316 0.731316 0.731317 0.731317 0.731317 0.731317 0.731317 0.731317 0.731317 0.731317 0.731317 0.731317 0.731316 0.731316 0.731316 0.731315 0.731315 0.731315 0.731314 0.731314 0.731313 0.731313 0.731312 0.731311 0.731311 0.73131 0.73131 0.731309 0.731309 0.731309 0.731308 0.731308 0.731308 0.731307 0.731307 0.731307 0.731307 0.731307 0.731307 0.731307 0.731307 0.731307 0.731307 0.731308 0.731308 0.731308 0.731309 0.731309 0.73131 0.73131 0.731311 0.731311 0.731312 0.731312 0.731313 0.731313 0.731314 0.731314 0.731315 0.731315 0.731315 
0.766923 0.766924 0.766924 0.766924 0.766925 0.766925 0.766925 0.766925 0.766926 0.766926 0.766926 0.766926 0.766926 0.766925 0.766925 0.766925 0.766925 0.766924 0.766924 0.766924 0.766923 0.766923 0.766922 0.766922 0.766921 0.766921 0.76692 0.76692 0.766919 0.766919 0.766918 0.766918 0.766917 0.766917 0.766916 0.766916 0.766916 0.766916 0.766915 0.766915 0.766915 0.766915 0.766915 0.766915 0.766915 0.766916 0.766916 0.766916 0.766917 0.766917 0.766917 0.766918 0.766918 0.766919 0.766919 0.76692 0.76692 0.766921 0.766921 0.766922 0.766922 0.766923 
0.794832 0.794832 0.794833 0.794833 0.794833 0.794834 0.794834 0.794834 0.794834 0.794834 0.794835 0.794835 0.794835 0.794835 0.794834 0.794834 0.794834 0.794834 0.794834 0.794833 0.794833 0.794833 0.794832 0.794832 0.794832 0.794831 0.794831 0.79483 0.79483 0.794829 0.794829 0.794829 0.794828 0.794828 0.794828 0.794827 0.794827 0.794827 0.794826 0.794826 0.794826 0.794826 0.794826 0.794826 0.794826 0.794826 0.794826 0.794827 0.794827 0.794827 0.794827 0.794828 0.794828 0.794828 0.794829 0.794829 0.79483 0.79483 0.79483 0.794831 0.794831 0.794832 
0.814877 0.814878 0.814878 0.814878 0.814878 0.814878 0.814878 0.814878 0.814878 0.814878 0.814878 0.814878 0.814878 0.814878 0.814878 0.814878 0.814878 0.814878 0.814878 0.814878 0.814877 0.814877 0.814877 0.814877 0.814876 0.814876 0.814876 0.814876 0.814876 0.814875 0.814875 0.814875 0.814875 0.814874 0.814874 0.814874 0.814874 0.814874 0.814874 0.814874 0.814874 0.814874 0.814874 0.814874 0.814874 0.814874 0.814874 0.814874 0.814874 0.814874 0.814875 0.814875 0.814875 0.814875 0.814876 0.814876 0.814876 0.814876 0.814876 0.814877 0.814877 0.814877 
0.826947 0.826947 0.826947 0.826947 0.826947 0.826947 0.826947 0.826947 0.826947 0.826947 0.826946 0.826946 0.826946 0.826946 0.826946 0.826946 0.826946 0.826945 0.826945 0.826945 0.826945 0.826945 0.826945 0.826945 0.826945 0.826945 0.826945 0.826945 0.826945 0.826945 0.826945 0.826945 0.826945 0.826945 0.826945 0.826945 0.826946 0.826946 0.826946 0.826946 0.826946 0.826946 0.826946 0.826946 0.826947 0.826947 0.826947 0.826947 0.826947 0.826947 0.826947 0.826947 0.826947 0.826948 0.826948 0.826948 0.826948 0.826948 0.826948 0.826948 0.826948 0.826948 
0.830978 0.830977 0.830977 0.830977 0.830976 0.830976 0.830976 0.830975 0.830975 0.830975 0.830974 0.830974 0.830974 0.830974 0.830973 0.830973 0.830973 0.830973 0.830973 0.830973 0.830973 0.830973 0.830973 0.830973 0.830974 0.830974 0.830974 0.830974 0.830975 0.830975 0.830975 0.830976 0.830976 0.830976 0.830977 0.830977 0.830977 0.830978 0.830978 0.830979 0.830979 0.830979 0.830979 0.83098 0.83098 0.83098 0.83098 0.83098 0.83098 0.83098 0.83098 0.83098 0.83098 0.83098 0.83098 0.83098 0.83098 0.830979 0.830979 0.830979 0.830978 0.830978 
0.826946 0.826946 0.826945 0.826945 0.826944 0.826944 0.826943 0.826943 0.826942 0.826942 0.826941 0.826941 0.826941 0.826941 0.826941 0.826941 0.826941 0.826941 0.826941 0.826941 0.826941 0.826941 0.826942 0.826942 0.826943 0.826943 0.826944 0.826944 0.826945 0.826945 0.826946 0.826946 0.826947 0.826948 0.826948 0.826949 0.826949 0.82695 0.82695 0.826951 0.826951 0.826951 0.826952 0.826952 0.826952 0.826952 0.826952 0.826952 0.826952 0.826952 0.826952 0.826952 0.826951 0.826951 0.826951 0.82695 0.82695 0.826949 0.826949 0.826948 0.826948 0.826947 
0.814874 0.814874 0.814873 0.814872 0.814872 0.814871 0.814871 0.81487 0.81487 0.81487 0.814869 0.814869 0.814869 0.814869 0.814869 0.814869 0.81487 0.81487 0.81487 0.814871 0.814871 0.814872 0.814872 0.814873 0.814874 0.814874 0.814875 0.814876 0.814876 0.814877 0.814878 0.814879 0.814879 0.81488 0.814881 0.814881 0.814882 0.814882 0.814883 0.814883 0.814883 0.814883 0.814884 0.814884 0.814884 0.814884 0.814883 0.814883 0.814883 0.814883 0.814882 0.814882 0.814881 0.814881 0.81488 0.814879 0.814879 0.814878 0.814877 0.814876 0.814876 0.814875 
0.794826 0.794825 0.794825 0.794824 0.794824 0.794824 0.794823 0.794823 0.794823 0.794823 0.794823 0.794823 0.794824 0.794824 0.794824 0.794825 0.794825 0.794826 0.794826 0.794827 0.794828 0.794828 0.794829 0.79483 0.794831 0.794831 0.794832 0.794833 0.794834 0.794834 0.794835 0.794836 0.794836 0.794837 0.794837 0.794838 0.794838 0.794838 0.794838 0.794838 0.794838 0.794838 0.794838 0.794838 0.794838 0.794837 0.794837 0.794837 0.794836 0.794835 0.794835 0.794834 0.794833 0.794833 0.794832 0.794831 0.79483 0.794829 0.794829 0.794828 0.794827 0.794827 
0.766914 0.766914 0.766914 0.766914 0.766914 0.766914 0.766914 0.766914 0.766914 0.766914 0.766915 0.766915 0.766916 0.766916 0.766917 0.766918 0.766918 0.766919 0.76692 0.76692 0.766921 0.766922 0.766923 0.766923 0.766924 0.766925 0.766925 0.766926 0.766926 0.766927 0.766927 0.766928 0.766928 0.766928 0.766928 0.766928 0.766928 0.766928 0.766928 0.766928 0.766928 0.766927 0.766927 0.766926 0.766926 0.766925 0.766924 0.766924 0.766923 0.766922 0.766922 0.766921 0.76692 0.766919 0.766919 0.766918 0.766917 0.766917 0.766916 0.766916 0.766915 0.766915 
0.731306 0.731306 0.731306 0.731307 0.731307 0.731307 0.731308 0.731308 0.731309 0.731309 0.73131 0.73131 0.731311 0.731312 0.731312 0.731313 0.731314 0.731314 0.731315 0.731315 0.731316 0.731317 0.731317 0.731318 0.731318 0.731318 0.731319 0.731319 0.731319 0.731319 0.731319 0.731319 0.731319 0.731319 0.731319 0.731318 0.731318 0.731318 0.731317 0.731317 0.731316 0.731316 0.731315 0.731314 0.731314 0.731313 0.731312 0.731312 0.731311 0.73131 0.73131 0.731309 0.731309 0.731308 0.731308 0.731307 0.731307 0.731307 0.731306 0.731306 0.731306 0.731306 
0.68823 0.68823 0.68823 0.688231 0.688231 0.688232 0.688232 0.688233 0.688233 0.688234 0.688234 0.688235 0.688235 0.688236 0.688236 0.688237 0.688237 0.688238 0.688238 0.688238 0.688239 0.688239 0.688239 0.688239 0.688239 0.688239 0.688239 0.688239 0.688239 0.688239 0.688238 0.688238 0.688238 0.688237 0.688237 0.688236 0.688236 0.688235 0.688235 0.688234 0.688234 0.688233 0.688233 0.688232 0.688232 0.688231 0.688231 0.68823 0.68823 0.68823 0.688229 0.688229 0.688229 0.688229 0.688228 0.688228 0.688228 0.688228 0.688229 0.688229 0.688229 0.688229 
0.637983 0.637984 0.637984 0.637985 0.637985 0.637985 0.637986 0.637986 0.637987 0.637987 0.637987 0.637988 0.637988 0.637988 0.637988 0.637989 0.637989 0.637989 0.637989 0.637989 0.637989 0.637989 0.637989 0.637988 0.637988 0.637988 0.637988 0.637987 0.637987 0.637987 0.637986 0.637986 0.637985 0.637985 0.637985 0.637984 0.637984 0.637983 0.637983 0.637983 0.637982 0.637982 0.637982 0.637981 0.637981 0.637981 0.637981 0.637981 0.63798 0.63798 0.63798 0.63798 0.637981 0.637981 0.637981 0.637981 0.637981 0.637982 0.637982 0.637982 0.637983 0.637983 
0.580948 0.580948 0.580948 0.580948 0.580949 0.580949 0.580949 0.580949 0.580949 0.580949 0.58095 0.58095 0.58095 0.58095 0.58095 0.58095 0.58095 0.580949 0.580949 0.580949 0.580949 0.580949 0.580948 0.580948 0.580948 0.580948 0.580947 0.580947 0.580947 0.580946 0.580946 0.580946 0.580946 0.580945 0.580945 0.580945 0.580945 0.580944 0.580944 0.580944 0.580944 0.580944 0.580944 0.580944 0.580944 0.580944 0.580944 0.580944 0.580944 0.580944 0.580944 0.580945 0.580945 0.580945 0.580945 0.580946 0.580946 0.580946 0.580946 0.580947 0.580947 0.580947 
0.517594 0.517594 0.517594 0.517594 0.517594 0.517594 0.517594 0.517594 0.517594 0.517594 0.517594 0.517594 0.517594 0.517594 0.517594 0.517593 0.517593 0.517593 0.517593 0.517593 0.517593 0.517592 0.517592 0.517592 0.517592 0.517592 0.517591 0.517591 0.517591 0.517591 0.517591 0.517591 0.517591 0.517591 0.51759 0.51759 0.51759 0.51759 0.51759 0.51759 0.51759 0.51759 0.51759 0.517591 0.517591 0.517591 0.517591 0.517591 0.517591 0.517591 0.517592 0.517592 0.517592 0.517592 0.517592 0.517592 0.517593 0.517593 0.517593 0.517593 0.517593 0.517593 
0.44849 0.44849 0.44849 0.44849 0.44849 0.44849 0.44849 0.44849 0.44849 0.44849 0.44849 0.44849 0.448489 0.448489 0.448489 0.448489 0.448489 0.448489 0.448489 0.448489 0.448489 0.448489 0.448488 0.448488 0.448488 0.448488 0.448488 0.448488 0.448488 0.448488 0.448488 0.448488 0.448488 0.448488 0.448488 0.448488 0.448488 0.448488 0.448488 0.448488 0.448488 0.448488 0.448488 0.448489 0.448489 0.448489 0.448489 0.448489 0.448489 0.448489 0.448489 0.448489 0.448489 0.44849 0.44849 0.44849 0.44849 0.44849 0.44849 0.44849 0.44849 0.44849 
0.374305 0.374305 0.374305 0.374305 0.374305 0.374304 0.374304 0.374304 0.374304 0.374304 0.374304 0.374304 0.374304 0.374304 0.374304 0.374304 0.374304 0.374304 0.374304 0.374304 0.374304 0.374304 0.374304 0.374304 0.374304 0.374304 0.374304 0.374304 0.374304 0.374304 0.374304 0.374304 0.374304 0.374304 0.374304 0.374304 0.374304 0.374304 0.374304 0.374304 0.374304 0.374304 0.374304 0.374304 0.374304 0.374304 0.374304 0.374304 0.374304 0.374304 0.374304 0.374305 0.374305 0.374305 0.374305 0.374305 0.374305 0.374305 0.374305 0.374305 0.374305 0.374305 
0.295802 0.295802 0.295802 0.295802 0.295802 0.295802 0.295802 0.295802 0.295802 0.295802 0.295802 0.295801 0.295801 0.295801 0.295801 0.295801 0.295801 0.295801 0.295801 0.295801 0.295801 0.295801 0.295801 0.295801 0.295801 0.295801 0.295801 0.295801 0.295801 0.295801 0.295801 0.295801 0.295801 0.295801 0.295801 0.295801 0.295801 0.295801 0.295801 0.295801 0.295801 0.295801 0.295801 0.295802 0.295802 0.295802 0.295802 0.295802 0.295802 0.295802 0.295802 0.295802 0.295802 0.295802 0.295802 0.295802 0.295802 0.295802 0.295802 0.295802 0.295802 0.295802 
0.213834 0.213834 0.213834 0.213834 0.213834 0.213834 0.213834 0.213834 0.213834 0.213834 0.213834 0.213834 0.213834 0.213834 0.213834 0.213834 0.213834 0.213834 0.213834 0.213834 0.213834 0.213834 0.213834 0.213834 0.213834 0.213834 0.213834 0.213834 0.213834 0.213834 0.213834 0.213834 0.213834 0.213834 0.213834 0.213834 0.213834 0.213834 0.213834 0.213834 0.213834 0.213834 0.213834 0.213834 0.213834 0.213834 0.213834 0.213834 0.213834 0.213834 0.213834 0.213834 0.213834 0.213834 0.213834 0.213834 0.213834 0.213834 0.213834 0.213834 0.213834 0.213834 
0.129332 0.129332 0.129332 0.129332 0.129332 0.129332 0.129332 0.129332 0.129332 0.129332 0.129332 0.129332 0.129332 0.129332 0.129332 0.129332 0.129332 0.129332 0.129332 0.129332 0.129332 0.129332 0.129332 0.129332 0.129332 0.129332 0.129332 0.129332 0.129332 0.129332 0.129332 0.129332 0.129332 0.129332 0.129332 0.129332 0.129332 0.129332 0.129332 0.129332 0.129332 0.129332 0.129332 0.129332 0.129332 0.129332 0.129332 0.129332 0.129332 0.129332 0.129332 0.129332 0.129332 0.129332 0.129332 0.129332 0.129332 0.129332 0.129332 0.129332 0.129332 0.129332 
0.0432838 0.0432838 0.0432838 0.0432838 0.0432838 0.0432838 0.0432838 0.0432838 0.0432838 0.0432838 0.0432838 0.0432838 0.0432838 0.0432838 0.0432838 0.0432838 0.0432838 0.0432838 0.0432838 0.0432838 0.0432838 0.0432838 0.0432838 0.0432838 0.0432838 0.0432838 0.0432838 0.0432838 0.0432837 0.0432837 0.0432837 0.0432837 0.0432837 0.0432837 0.0432837 0.0432837 0.0432837 0.0432837 0.0432837 0.0432837 0.0432837 0.0432837 0.0432837 0.0432837 0.0432837 0.0432837 0.0432837 0.0432837 0.0432837 0.0432837 0.0432837 0.0432837 0.0432837 0.0432837 0.0432837 0.0432837 0.0432837 0.0432837 0.0432837 0.0432838 0.0432838 0.0432838 
