0.0427912 0.0427912 0.0427912 0.0427912 0.0427912 0.0427912 0.0427912 0.0427912 0.0427912 0.0427912 0.0427912 0.0427912 0.0427912 0.0427912 0.0427912 0.0427912 0.0427912 0.0427912 0.0427912 0.0427912 0.0427912 0.0427913 0.0427913 0.0427913 0.0427913 0.0427913 0.0427913 0.0427913 0.0427913 0.0427913 0.0427913 0.0427913 0.0427913 0.0427913 0.0427913 0.0427913 0.0427913 0.0427913 0.0427913 0.0427913 0.0427913 0.0427913 0.0427913 0.0427913 0.0427913 0.0427912 0.0427912 0.0427912 0.0427912 0.0427912 0.0427912 0.0427912 0.0427912 0.0427912 0.0427912 0.0427912 0.0427912 0.0427912 0.0427912 0.0427912 0.0427912 0.0427912 
0.127866 0.127866 0.127866 0.127866 0.127866 0.127866 0.127866 0.127866 0.127866 0.127866 0.127866 0.127866 0.127866 0.127866 0.127866 0.127866 0.127866 0.127866 0.127866 0.127866 0.127866 0.127866 0.127866 0.127866 0.127866 0.127866 0.127866 0.127866 0.127866 0.127866 0.127866 0.127866 0.127866 0.127866 0.127866 0.127866 0.127866 0.127866 0.127866 0.127866 0.127866 0.127866 0.127866 0.127866 0.127866 0.127866 0.127866 0.127866 0.127866 0.127866 0.127866 0.127866 0.127866 0.127866 0.127866 0.127866 0.127866 0.127866 0.127866 0.127866 0.127866 0.127866 
0.211429 0.211429 0.211429 0.211429 0.211429 0.211429 0.211429 0.211429 0.211429 0.211429 0.211429 0.211429 0.211429 0.21143 0.21143 0.21143 0.21143 0.21143 0.21143 0.21143 0.21143 0.21143 0.21143 0.21143 0.21143 0.21143 0.21143 0.21143 0.21143 0.21143 0.21143 0.21143 0.21143 0.21143 0.21143 0.21143 0.21143 0.21143 0.21143 0.21143 0.21143 0.21143 0.21143 0.21143 0.21143 0.21143 0.21143 0.211429 0.211429 0.211429 0.211429 0.211429 0.211429 0.211429 0.211429 0.211429 0.211429 0.211429 0.211429 0.211429 0.211429 0.211429 
0.292513 0.292513 0.292513 0.292513 0.292513 0.292513 0.292513 0.292513 0.292513 0.292513 0.292513 0.292513 0.292513 0.292513 0.292513 0.292513 0.292513 0.292513 0.292513 0.292513 0.292513 0.292513 0.292513 0.292513 0.292513 0.292513 0.292513 0.292513 0.292513 0.292513 0.292513 0.292513 0.292513 0.292513 0.292513 0.292513 0.292513 0.292513 0.292513 0.292513 0.292513 0.292513 0.292513 0.292513 0.292513 0.292513 0.292513 0.292513 0.292513 0.292513 0.292513 0.292513 0.292513 0.292513 0.292513 0.292513 0.292513 0.292513 0.292513 0.292513 0.292513 0.292513 
0.370203 0.370203 0.370203 0.370203 0.370203 0.370203 0.370203 0.370203 0.370203 0.370203 0.370203 0.370203 0.370203 0.370203 0.370203 0.370203 0.370203 0.370203 0.370203 0.370203 0.370203 0.370203 0.370203 0.370203 0.370203 0.370203 0.370203 0.370203 0.370203 0.370203 0.370203 0.370203 0.370203 0.370203 0.370203 0.370203 0.370203 0.370203 0.370203 0.370203 0.370203 0.370203 0.370203 0.370203 0.370203 0.370203 0.370203 0.370203 0.370203 0.370203 0.370203 0.370203 0.370203 0.370203 0.370203 0.370203 0.370203 0.370203 0.370203 0.370203 0.370203 0.370203 
0.443659 0.443659 0.443659 0.443659 0.443659 0.443659 0.443659 0.443659 0.443659 0.443659 0.443659 0.443659 0.443659 0.443659 0.443659 0.443659 0.443659 0.443659 0.443659 0.443659 0.443659 0.443659 0.443659 0.443659 0.443659 0.443659 0.443659 0.443659 0.443659 0.443659 0.443659 0.443659 0.443659 0.443659 0.443659 0.443659 0.443659 0.443659 0.443659 0.443659 0.443659 0.443659 0.443659 0.443659 0.443659 0.443659 0.443659 0.443659 0.443659 0.443659 0.443659 0.443659 0.443659 0.443659 0.443659 0.443659 0.443659 0.443659 0.443659 0.443659 0.443659 0.443659 
0.512124 0.512124 0.512124 0.512124 0.512124 0.512124 0.512124 0.512124 0.512124 0.512124 0.512124 0.512124 0.512124 0.512124 0.512124 0.512124 0.512124 0.512124 0.512124 0.512124 0.512124 0.512124 0.512124 0.512124 0.512124 0.512124 0.512124 0.512124 0.512124 0.512124 0.512124 0.512124 0.512124 0.512123 0.512123 0.512123 0.512123 0.512123 0.512123 0.512123 0.512123 0.512123 0.512123 0.512123 0.512123 0.512123 0.512123 0.512123 0.512123 0.512123 0.512123 0.512123 0.512123 0.512123 0.512123 0.512123 0.512123 0.512123 0.512123 0.512123 0.512123 0.512123 
0.574931 0.574932 0.574932 0.574932 0.574932 0.574932 0.574932 0.574933 0.574933 0.574933 0.574933 0.574933 0.574933 0.574933 0.574934 0.574934 0.574934 0.574934 0.574934 0.574934 0.574934 0.574934 0.574934 0.574934 0.574934 0.574934 0.574934 0.574934 0.574934 0.574933 0.574933 0.574933 0.574933 0.574933 0.574933 0.574932 0.574932 0.574932 0.574932 0.574932 0.574932 0.574932 0.574931 0.574931 0.574931 0.574931 0.574931 0.574931 0.574931 0.574931 0.574931 0.574931 0.574931 0.574931 0.574931 0.574931 0.574931 0.574931 0.574931 0.574931 0.574931 0.574931 
0.631513 0.631513 0.631513 0.631513 0.631514 0.631514 0.631514 0.631514 0.631515 0.631515 0.631515 0.631515 0.631516 0.631516 0.631516 0.631516 0.631517 0.631517 0.631517 0.631517 0.631517 0.631517 0.631518 0.631518 0.631518 0.631518 0.631518 0.631518 0.631518 0.631517 0.631517 0.631517 0.631517 0.631517 0.631517 0.631516 0.631516 0.631516 0.631516 0.631515 0.631515 0.631515 0.631515 0.631514 0.631514 0.631514 0.631514 0.631513 0.631513 0.631513 0.631513 0.631513 0.631513 0.631512 0.631512 0.631512 0.631512 0.631512 0.631512 0.631512 0.631513 0.631513 
0.681391 0.681391 0.681391 0.681391 0.681391 0.681392 0.681392 0.681392 0.681392 0.681393 0.681393 0.681393 0.681394 0.681394 0.681395 0.681395 0.681395 0.681396 0.681396 0.681396 0.681397 0.681397 0.681397 0.681397 0.681398 0.681398 0.681398 0.681398 0.681398 0.681398 0.681398 0.681398 0.681398 0.681398 0.681398 0.681397 0.681397 0.681397 0.681397 0.681396 0.681396 0.681396 0.681395 0.681395 0.681395 0.681394 0.681394 0.681393 0.681393 0.681393 0.681392 0.681392 0.681392 0.681392 0.681391 0.681391 0.681391 0.681391 0.681391 0.681391 0.681391 0.681391 
0.724177 0.724177 0.724177 0.724177 0.724177 0.724177 0.724177 0.724178 0.724178 0.724178 0.724178 0.724179 0.724179 0.72418 0.72418 0.72418 0.724181 0.724181 0.724182 0.724182 0.724183 0.724183 0.724184 0.724184 0.724184 0.724185 0.724185 0.724185 0.724185 0.724186 0.724186 0.724186 0.724186 0.724186 0.724186 0.724186 0.724185 0.724185 0.724185 0.724185 0.724184 0.724184 0.724184 0.724183 0.724183 0.724183 0.724182 0.724182 0.724181 0.724181 0.72418 0.72418 0.724179 0.724179 0.724179 0.724178 0.724178 0.724178 0.724177 0.724177 0.724177 0.724177 
0.759563 0.759562 0.759562 0.759562 0.759562 0.759562 0.759562 0.759562 0.759563 0.759563 0.759563 0.759563 0.759564 0.759564 0.759564 0.759565 0.759565 0.759566 0.759566 0.759567 0.759567 0.759567 0.759568 0.759568 0.759569 0.759569 0.75957 0.75957 0.75957 0.759571 0.759571 0.759571 0.759571 0.759571 0.759571 0.759571 0.759571 0.759571 0.759571 0.759571 0.759571 0.75957 0.75957 0.75957 0.75957 0.759569 0.759569 0.759568 0.759568 0.759567 0.759567 0.759566 0.759566 0.759566 0.759565 0.759565 0.759564 0.759564 0.759564 0.759563 0.759563 0.759563 
0.787311 0.787311 0.787311 0.78731 0.78731 0.78731 0.78731 0.78731 0.78731 0.787311 0.787311 0.787311 0.787311 0.787311 0.787312 0.787312 0.787312 0.787313 0.787313 0.787313 0.787314 0.787314 0.787314 0.787315 0.787315 0.787316 0.787316 0.787316 0.787317 0.787317 0.787317 0.787317 0.787318 0.787318 0.787318 0.787318 0.787318 0.787318 0.787318 0.787318 0.787318 0.787318 0.787317 0.787317 0.787317 0.787317 0.787316 0.787316 0.787316 0.787315 0.787315 0.787314 0.787314 0.787314 0.787313 0.787313 0.787313 0.787312 0.787312 0.787312 0.787311 0.787311 
0.807248 0.807248 0.807248 0.807248 0.807248 0.807248 0.807248 0.807248 0.807248 0.807248 0.807248 0.807248 0.807248 0.807248 0.807249 0.807249 0.807249 0.807249 0.807249 0.80725 0.80725 0.80725 0.80725 0.807251 0.807251 0.807251 0.807251 0.807251 0.807252 0.807252 0.807252 0.807252 0.807252 0.807252 0.807252 0.807252 0.807252 0.807252 0.807252 0.807252 0.807252 0.807252 0.807252 0.807252 0.807251 0.807251 0.807251 0.807251 0.807251 0.80725 0.80725 0.80725 0.80725 0.80725 0.807249 0.807249 0.807249 0.807249 0.807249 0.807248 0.807248 0.807248 
0.819256 0.819256 0.819256 0.819256 0.819257 0.819257 0.819257 0.819257 0.819257 0.819257 0.819257 0.819257 0.819257 0.819257 0.819257 0.819258 0.819258 0.819258 0.819258 0.819258 0.819258 0.819258 0.819258 0.819258 0.819258 0.819258 0.819258 0.819258 0.819258 0.819258 0.819257 0.819257 0.819257 0.819257 0.819257 0.819257 0.819257 0.819257 0.819257 0.819257 0.819256 0.819256 0.819256 0.819256 0.819256 0.819256 0.819256 0.819256 0.819256 0.819256 0.819256 0.819256 0.819256 0.819256 0.819256 0.819256 0.819256 0.819256 0.819256 0.819256 0.819256 0.819256 
0.823267 0.823268 0.823268 0.823268 0.823268 0.823269 0.823269 0.823269 0.823269 0.823269 0.823269 0.823269 0.823269 0.823269 0.823269 0.823269 0.823269 0.823269 0.823269 0.823269 0.823269 0.823268 0.823268 0.823268 0.823268 0.823267 0.823267 0.823267 0.823266 0.823266 0.823266 0.823266 0.823265 0.823265 0.823265 0.823265 0.823264 0.823264 0.823264 0.823264 0.823264 0.823264 0.823264 0.823264 0.823264 0.823264 0.823264 0.823264 0.823264 0.823264 0.823264 0.823264 0.823265 0.823265 0.823265 0.823265 0.823266 0.823266 0.823266 0.823267 0.823267 0.823267 
0.81926 0.81926 0.81926 0.819261 0.819261 0.819261 0.819261 0.819262 0.819262 0.819262 0.819262 0.819262 0.819262 0.819261 0.819261 0.819261 0.819261 0.81926 0.81926 0.81926 0.819259 0.819259 0.819258 0.819258 0.819257 0.819257 0.819256 0.819256 0.819255 0.819255 0.819255 0.819254 0.819254 0.819253 0.819253 0.819253 0.819253 0.819252 0.819252 0.819252 0.819252 0.819252 0.819252 0.819252 0.819252 0.819253 0.819253 0.819253 0.819253 0.819254 0.819254 0.819255 0.819255 0.819255 0.819256 0.819256 0.819257 0.819257 0.819258 0.819258 0.819259 0.819259 
0.807255 0.807255 0.807256 0.807256 0.807256 0.807256 0.807256 0.807256 0.807256 0.807256 0.807256 0.807256 0.807256 0.807255 0.807255 0.807254 0.807254 0.807253 0.807253 0.807252 0.807252 0.807251 0.80725 0.80725 0.807249 0.807249 0.807248 0.807247 0.807247 0.807246 0.807246 0.807245 0.807245 0.807245 0.807245 0.807244 0.807244 0.807244 0.807244 0.807244 0.807244 0.807245 0.807245 0.807245 0.807245 0.807246 0.807246 0.807247 0.807247 0.807248 0.807248 0.807249 0.80725 0.80725 0.807251 0.807251 0.807252 0.807253 0.807253 0.807254 0.807254 0.807255 
0.787321 0.787321 0.787321 0.787321 0.787321 0.787321 0.787321 0.787321 0.78732 0.78732 0.78732 0.787319 0.787319 0.787318 0.787317 0.787317 0.787316 0.787316 0.787315 0.787314 0.787314 0.787313 0.787312 0.787312 0.787311 0.787311 0.78731 0.78731 0.787309 0.787309 0.787309 0.787308 0.787308 0.787308 0.787308 0.787308 0.787308 0.787308 0.787309 0.787309 0.787309 0.78731 0.78731 0.787311 0.787311 0.787312 0.787312 0.787313 0.787314 0.787314 0.787315 0.787316 0.787316 0.787317 0.787317 0.787318 0.787319 0.787319 0.787319 0.78732 0.78732 0.787321 
0.759574 0.759573 0.759573 0.759573 0.759573 0.759572 0.759572 0.759571 0.759571 0.75957 0.75957 0.759569 0.759569 0.759568 0.759567 0.759567 0.759566 0.759566 0.759565 0.759564 0.759564 0.759563 0.759563 0.759562 0.759562 0.759562 0.759562 0.759561 0.759561 0.759561 0.759561 0.759561 0.759561 0.759561 0.759562 0.759562 0.759562 0.759563 0.759563 0.759564 0.759564 0.759565 0.759565 0.759566 0.759567 0.759567 0.759568 0.759568 0.759569 0.75957 0.75957 0.759571 0.759571 0.759572 0.759572 0.759573 0.759573 0.759573 0.759573 0.759573 0.759574 0.759574 
0.724186 0.724186 0.724186 0.724185 0.724185 0.724184 0.724184 0.724183 0.724183 0.724182 0.724181 0.724181 0.72418 0.72418 0.724179 0.724179 0.724178 0.724178 0.724178 0.724177 0.724177 0.724177 0.724177 0.724176 0.724176 0.724176 0.724176 0.724177 0.724177 0.724177 0.724177 0.724178 0.724178 0.724178 0.724179 0.724179 0.72418 0.72418 0.724181 0.724181 0.724182 0.724182 0.724183 0.724184 0.724184 0.724185 0.724185 0.724185 0.724186 0.724186 0.724187 0.724187 0.724187 0.724187 0.724187 0.724187 0.724187 0.724187 0.724187 0.724187 0.724187 0.724187 
0.681397 0.681396 0.681396 0.681395 0.681395 0.681394 0.681394 0.681394 0.681393 0.681393 0.681392 0.681392 0.681392 0.681391 0.681391 0.681391 0.681391 0.681391 0.681391 0.681391 0.681391 0.681391 0.681391 0.681391 0.681391 0.681391 0.681392 0.681392 0.681392 0.681393 0.681393 0.681394 0.681394 0.681394 0.681395 0.681395 0.681396 0.681396 0.681397 0.681397 0.681398 0.681398 0.681398 0.681399 0.681399 0.681399 0.681399 0.681399 0.6814 0.6814 0.6814 0.6814 0.6814 0.681399 0.681399 0.681399 0.681399 0.681399 0.681398 0.681398 0.681398 0.681397 
0.631515 0.631515 0.631514 0.631514 0.631514 0.631513 0.631513 0.631513 0.631513 0.631513 0.631512 0.631512 0.631512 0.631512 0.631512 0.631512 0.631512 0.631512 0.631513 0.631513 0.631513 0.631513 0.631514 0.631514 0.631514 0.631514 0.631515 0.631515 0.631515 0.631516 0.631516 0.631517 0.631517 0.631517 0.631517 0.631518 0.631518 0.631518 0.631519 0.631519 0.631519 0.631519 0.631519 0.631519 0.631519 0.631519 0.631519 0.631519 0.631519 0.631519 0.631519 0.631518 0.631518 0.631518 0.631518 0.631517 0.631517 0.631517 0.631516 0.631516 0.631516 0.631515 
0.574931 0.574931 0.574931 0.574931 0.574931 0.574931 0.574931 0.574931 0.574931 0.574931 0.574931 0.574931 0.574931 0.574931 0.574931 0.574931 0.574931 0.574932 0.574932 0.574932 0.574932 0.574933 0.574933 0.574933 0.574933 0.574934 0.574934 0.574934 0.574934 0.574934 0.574935 0.574935 0.574935 0.574935 0.574935 0.574935 0.574935 0.574935 0.574935 0.574935 0.574935 0.574935 0.574935 0.574935 0.574935 0.574935 0.574935 0.574935 0.574934 0.574934 0.574934 0.574934 0.574933 0.574933 0.574933 0.574933 0.574932 0.574932 0.574932 0.574932 0.574932 0.574931 
0.512123 0.512123 0.512123 0.512123 0.512123 0.512123 0.512123 0.512123 0.512123 0.512123 0.512123 0.512123 0.512124 0.512124 0.512124 0.512124 0.512124 0.512124 0.512124 0.512125 0.512125 0.512125 0.512125 0.512125 0.512125 0.512125 0.512126 0.512126 0.512126 0.512126 0.512126 0.512126 0.512126 0.512126 0.512126 0.512126 0.512126 0.512126 0.512126 0.512125 0.512125 0.512125 0.512125 0.512125 0.512125 0.512125 0.512125 0.512124 0.512124 0.512124 0.512124 0.512124 0.512124 0.512123 0.512123 0.512123 0.512123 0.512123 0.512123 0.512123 0.512123 0.512123 
0.443659 0.443659 0.443659 0.443659 0.443659 0.443659 0.443659 0.443659 0.443659 0.443659 0.44366 0.44366 0.44366 0.44366 0.44366 0.44366 0.44366 0.44366 0.44366 0.44366 0.44366 0.44366 0.44366 0.44366 0.44366 0.44366 0.44366 0.443661 0.44366 0.44366 0.44366 0.44366 0.44366 0.44366 0.44366 0.44366 0.44366 0.44366 0.44366 0.44366 0.44366 0.44366 0.44366 0.44366 0.44366 0.443659 0.443659 0.443659 0.443659 0.443659 0.443659 0.443659 0.443659 0.443659 0.443659 0.443659 0.443659 0.443659 0.443659 0.443659 0.443659 0.443659 
0.370204 0.370204 0.370204 0.370204 0.370204 0.370204 0.370204 0.370204 0.370204 0.370204 0.370204 0.370204 0.370204 0.370204 0.370204 0.370204 0.370204 0.370204 0.370204 0.370204 0.370204 0.370204 0.370204 0.370204 0.370204 0.370204 0.370204 0.370204 0.370204 0.370204 0.370204 0.370204 0.370204 0.370204 0.370204 0.370204 0.370204 0.370204 0.370204 0.370204 0.370204 0.370204 0.370204 0.370204 0.370204 0.370204 0.370204 0.370204 0.370204 0.370204 0.370204 0.370204 0.370203 0.370203 0.370203 0.370204 0.370204 0.370204 0.370204 0.370204 0.370204 0.370204 
0.292513 0.292513 0.292513 0.292513 0.292514 0.292514 0.292514 0.292514 0.292514 0.292514 0.292514 0.292514 0.292514 0.292514 0.292514 0.292514 0.292514 0.292514 0.292514 0.292514 0.292514 0.292514 0.292514 0.292514 0.292514 0.292514 0.292514 0.292514 0.292514 0.292514 0.292514 0.292514 0.292514 0.292514 0.292514 0.292514 0.292514 0.292514 0.292513 0.292513 0.292513 0.292513 0.292513 0.292513 0.292513 0.292513 0.292513 0.292513 0.292513 0.292513 0.292513 0.292513 0.292513 0.292513 0.292513 0.292513 0.292513 0.292513 0.292513 0.292513 0.292513 0.292513 
0.21143 0.21143 0.21143 0.21143 0.21143 0.21143 0.21143 0.21143 0.21143 0.21143 0.21143 0.21143 0.21143 0.21143 0.21143 0.21143 0.21143 0.21143 0.21143 0.21143 0.21143 0.21143 0.21143 0.21143 0.21143 0.21143 0.21143 0.21143 0.21143 0.21143 0.21143 0.21143 0.21143 0.21143 0.21143 0.21143 0.21143 0.21143 0.21143 0.21143 0.21143 0.21143 0.21143 0.21143 0.21143 0.21143 0.21143 0.21143 0.21143 0.21143 0.21143 0.21143 0.21143 0.21143 0.21143 0.21143 0.21143 0.21143 0.21143 0.21143 0.21143 0.21143 
0.127866 0.127866 0.127866 0.127866 0.127866 0.127866 0.127866 0.127866 0.127866 0.127866 0.127866 0.127866 0.127866 0.127866 0.127866 0.127866 0.127866 0.127866 0.127866 0.127866 0.127866 0.127866 0.127866 0.127866 0.127866 0.127866 0.127866 0.127866 0.127866 0.127866 0.127866 0.127866 0.127866 0.127866 0.127866 0.127866 0.127866 0.127866 0.127866 0.127866 0.127866 0.127866 0.127866 0.127866 0.127866 0.127866 0.127866 0.127866 0.127866 0.127866 0.127866 0.127866 0.127866 0.127866 0.127866 0.127866 0.127866 0.127866 0.127866 0.127866 0.127866 0.127866 
0.0427913 0.0427912 0.0427912 0.0427912 0.0427912 0.0427912 0.0427912 0.0427912 0.0427912 0.0427912 0.0427912 0.0427912 0.0427913 0.0427913 0.0427913 0.0427913 0.0427913 0.0427913 0.0427913 0.0427913 0.0427913 0.0427913 0.0427913 0.0427913 0.0427913 0.0427913 0.0427913 0.0427913 0.0427913 0.0427913 0.0427913 0.0427913 0.0427913 0.0427913 0.0427913 0.0427913 0.0427913 0.0427913 0.0427913 0.0427913 0.0427913 0.0427913 0.0427913 0.0427913 0.0427913 0.0427913 0.0427913 0.0427913 0.0427913 0.0427913 0.0427913 0.0427913 0.0427913 0.0427913 0.0427913 0.0427913 0.0427913 0.0427913 0.0427913 0.0427913 0.0427913 0.0427913 
