0.0411494 0.0411494 0.0411494 0.0411494 0.0411494 0.0411494 0.0411494 0.0411494 0.0411493 0.0411493 0.0411493 0.0411493 0.0411493 0.0411493 0.0411493 0.0411493 0.0411493 0.0411493 0.0411493 0.0411493 0.0411493 0.0411493 0.0411493 0.0411493 0.0411493 0.0411493 0.0411493 0.0411493 0.0411493 0.0411493 0.0411493 0.0411493 0.0411493 0.0411493 0.0411493 0.0411493 0.0411493 0.0411493 0.0411493 0.0411493 0.0411493 0.0411493 0.0411494 0.0411494 0.0411494 0.0411494 0.0411494 0.0411494 0.0411494 0.0411494 0.0411494 0.0411494 0.0411494 0.0411494 0.0411494 0.0411494 0.0411494 0.0411494 0.0411494 0.0411494 0.0411494 0.0411494 
0.122976 0.122976 0.122976 0.122976 0.122976 0.122976 0.122976 0.122976 0.122976 0.122976 0.122976 0.122976 0.122976 0.122976 0.122976 0.122976 0.122976 0.122976 0.122976 0.122976 0.122976 0.122976 0.122976 0.122976 0.122976 0.122976 0.122976 0.122976 0.122976 0.122976 0.122976 0.122976 0.122976 0.122976 0.122976 0.122976 0.122976 0.122976 0.122976 0.122976 0.122976 0.122976 0.122976 0.122976 0.122976 0.122976 0.122976 0.122976 0.122976 0.122976 0.122976 0.122976 0.122976 0.122976 0.122976 0.122976 0.122976 0.122976 0.122976 0.122976 0.122976 0.122976 
0.203397 0.203397 0.203397 0.203396 0.203396 0.203396 0.203396 0.203396 0.203396 0.203396 0.203396 0.203396 0.203396 0.203396 0.203396 0.203396 0.203396 0.203396 0.203396 0.203396 0.203396 0.203396 0.203396 0.203396 0.203396 0.203396 0.203396 0.203396 0.203396 0.203396 0.203396 0.203396 0.203396 0.203396 0.203396 0.203396 0.203396 0.203396 0.203396 0.203396 0.203396 0.203396 0.203397 0.203397 0.203397 0.203397 0.203397 0.203397 0.203397 0.203397 0.203397 0.203397 0.203397 0.203397 0.203397 0.203397 0.203397 0.203397 0.203397 0.203397 0.203397 0.203397 
0.281504 0.281504 0.281504 0.281504 0.281504 0.281504 0.281504 0.281504 0.281504 0.281504 0.281504 0.281504 0.281504 0.281504 0.281504 0.281504 0.281504 0.281504 0.281504 0.281504 0.281504 0.281504 0.281504 0.281504 0.281504 0.281504 0.281504 0.281504 0.281504 0.281504 0.281504 0.281504 0.281504 0.281504 0.281504 0.281504 0.281504 0.281504 0.281504 0.281504 0.281504 0.281504 0.281504 0.281504 0.281504 0.281504 0.281504 0.281504 0.281504 0.281504 0.281504 0.281504 0.281504 0.281504 0.281504 0.281504 0.281504 0.281504 0.281504 0.281504 0.281504 0.281504 
0.356438 0.356438 0.356438 0.356438 0.356438 0.356438 0.356438 0.356438 0.356438 0.356438 0.356438 0.356438 0.356438 0.356438 0.356438 0.356438 0.356438 0.356438 0.356438 0.356438 0.356438 0.356438 0.356438 0.356438 0.356438 0.356438 0.356438 0.356438 0.356438 0.356438 0.356438 0.356438 0.356438 0.356438 0.356438 0.356438 0.356438 0.356438 0.356438 0.356438 0.356438 0.356438 0.356438 0.356438 0.356438 0.356438 0.356438 0.356438 0.356438 0.356438 0.356438 0.356438 0.356438 0.356438 0.356438 0.356438 0.356438 0.356438 0.356438 0.356438 0.356438 0.356438 
0.427397 0.427397 0.427397 0.427397 0.427397 0.427397 0.427397 0.427397 0.427397 0.427397 0.427397 0.427397 0.427397 0.427397 0.427397 0.427397 0.427397 0.427397 0.427397 0.427397 0.427397 0.427397 0.427397 0.427397 0.427397 0.427397 0.427397 0.427397 0.427397 0.427397 0.427397 0.427397 0.427397 0.427397 0.427397 0.427397 0.427397 0.427397 0.427397 0.427397 0.427397 0.427397 0.427397 0.427397 0.427397 0.427397 0.427397 0.427397 0.427397 0.427397 0.427397 0.427397 0.427397 0.427397 0.427397 0.427397 0.427397 0.427397 0.427397 0.427397 0.427397 0.427397 
0.493648 0.493648 0.493648 0.493648 0.493647 0.493647 0.493647 0.493647 0.493647 0.493647 0.493647 0.493647 0.493647 0.493648 0.493648 0.493648 0.493648 0.493648 0.493648 0.493648 0.493648 0.493648 0.493648 0.493648 0.493648 0.493648 0.493648 0.493648 0.493648 0.493648 0.493648 0.493648 0.493648 0.493648 0.493648 0.493648 0.493648 0.493648 0.493648 0.493648 0.493648 0.493648 0.493648 0.493648 0.493648 0.493648 0.493648 0.493648 0.493648 0.493648 0.493648 0.493648 0.493648 0.493648 0.493648 0.493648 0.493648 0.493648 0.493648 0.493648 0.493648 0.493648 
0.554538 0.554538 0.554538 0.554538 0.554538 0.554538 0.554538 0.554538 0.554538 0.554538 0.554538 0.554538 0.554538 0.554538 0.554538 0.554538 0.554538 0.554538 0.554538 0.554538 0.554538 0.554538 0.554538 0.554538 0.554538 0.554538 0.554538 0.554539 0.554539 0.554539 0.554539 0.554539 0.554539 0.554539 0.554539 0.554539 0.554539 0.554539 0.554539 0.55454 0.55454 0.55454 0.55454 0.55454 0.55454 0.55454 0.55454 0.55454 0.55454 0.554539 0.554539 0.554539 0.554539 0.554539 0.554539 0.554539 0.554539 0.554539 0.554539 0.554539 0.554539 0.554538 
0.609498 0.609497 0.609497 0.609497 0.609497 0.609497 0.609497 0.609497 0.609496 0.609496 0.609496 0.609496 0.609496 0.609496 0.609496 0.609496 0.609496 0.609496 0.609496 0.609496 0.609496 0.609496 0.609496 0.609496 0.609496 0.609496 0.609496 0.609497 0.609497 0.609497 0.609497 0.609497 0.609497 0.609497 0.609498 0.609498 0.609498 0.609498 0.609498 0.609498 0.609498 0.609499 0.609499 0.609499 0.609499 0.609499 0.609499 0.609499 0.609499 0.609499 0.609499 0.609499 0.609499 0.609499 0.609499 0.609499 0.609498 0.609498 0.609498 0.609498 0.609498 0.609498 
0.658037 0.658036 0.658036 0.658036 0.658036 0.658035 0.658035 0.658035 0.658035 0.658035 0.658034 0.658034 0.658034 0.658034 0.658034 0.658034 0.658033 0.658033 0.658033 0.658033 0.658033 0.658033 0.658033 0.658033 0.658033 0.658033 0.658033 0.658033 0.658034 0.658034 0.658034 0.658034 0.658034 0.658034 0.658035 0.658035 0.658035 0.658035 0.658036 0.658036 0.658036 0.658036 0.658036 0.658037 0.658037 0.658037 0.658037 0.658037 0.658037 0.658037 0.658037 0.658038 0.658038 0.658038 0.658038 0.658037 0.658037 0.658037 0.658037 0.658037 0.658037 0.658037 
0.699746 0.699746 0.699746 0.699746 0.699746 0.699745 0.699745 0.699745 0.699745 0.699744 0.699744 0.699744 0.699743 0.699743 0.699743 0.699743 0.699742 0.699742 0.699742 0.699742 0.699742 0.699742 0.699742 0.699742 0.699741 0.699741 0.699742 0.699742 0.699742 0.699742 0.699742 0.699742 0.699742 0.699742 0.699743 0.699743 0.699743 0.699743 0.699744 0.699744 0.699744 0.699744 0.699745 0.699745 0.699745 0.699745 0.699746 0.699746 0.699746 0.699746 0.699747 0.699747 0.699747 0.699747 0.699747 0.699747 0.699747 0.699747 0.699747 0.699747 0.699747 0.699747 
0.734295 0.734295 0.734295 0.734295 0.734294 0.734294 0.734294 0.734294 0.734294 0.734293 0.734293 0.734293 0.734292 0.734292 0.734292 0.734292 0.734291 0.734291 0.734291 0.734291 0.73429 0.73429 0.73429 0.73429 0.73429 0.73429 0.73429 0.734289 0.734289 0.73429 0.73429 0.73429 0.73429 0.73429 0.73429 0.73429 0.73429 0.734291 0.734291 0.734291 0.734291 0.734292 0.734292 0.734292 0.734293 0.734293 0.734293 0.734293 0.734294 0.734294 0.734294 0.734294 0.734295 0.734295 0.734295 0.734295 0.734295 0.734295 0.734295 0.734295 0.734295 0.734295 
0.761422 0.761422 0.761421 0.761421 0.761421 0.761421 0.761421 0.761421 0.761421 0.76142 0.76142 0.76142 0.76142 0.761419 0.761419 0.761419 0.761419 0.761418 0.761418 0.761418 0.761418 0.761418 0.761417 0.761417 0.761417 0.761417 0.761417 0.761417 0.761417 0.761417 0.761417 0.761417 0.761417 0.761417 0.761417 0.761417 0.761417 0.761417 0.761418 0.761418 0.761418 0.761418 0.761418 0.761419 0.761419 0.761419 0.761419 0.76142 0.76142 0.76142 0.76142 0.761421 0.761421 0.761421 0.761421 0.761421 0.761421 0.761421 0.761422 0.761422 0.761422 0.761422 
0.780931 0.780931 0.780931 0.780931 0.780931 0.780931 0.780931 0.780931 0.78093 0.78093 0.78093 0.78093 0.78093 0.78093 0.78093 0.780929 0.780929 0.780929 0.780929 0.780929 0.780929 0.780929 0.780928 0.780928 0.780928 0.780928 0.780928 0.780928 0.780928 0.780928 0.780928 0.780928 0.780928 0.780928 0.780928 0.780928 0.780928 0.780928 0.780928 0.780928 0.780929 0.780929 0.780929 0.780929 0.780929 0.780929 0.78093 0.78093 0.78093 0.78093 0.78093 0.78093 0.78093 0.780931 0.780931 0.780931 0.780931 0.780931 0.780931 0.780931 0.780931 0.780931 
0.792689 0.792689 0.792689 0.792689 0.792688 0.792688 0.792688 0.792688 0.792688 0.792688 0.792688 0.792688 0.792688 0.792688 0.792688 0.792688 0.792688 0.792688 0.792688 0.792688 0.792688 0.792688 0.792688 0.792688 0.792688 0.792688 0.792688 0.792688 0.792688 0.792688 0.792688 0.792688 0.792688 0.792688 0.792688 0.792688 0.792688 0.792688 0.792688 0.792688 0.792688 0.792689 0.792689 0.792689 0.792689 0.792689 0.792689 0.792689 0.792689 0.792689 0.792689 0.792689 0.792689 0.792689 0.792689 0.792689 0.792689 0.792689 0.792689 0.792689 0.792689 0.792689 
0.796616 0.796615 0.796615 0.796615 0.796615 0.796615 0.796615 0.796615 0.796615 0.796615 0.796616 0.796616 0.796616 0.796616 0.796616 0.796616 0.796616 0.796616 0.796616 0.796617 0.796617 0.796617 0.796617 0.796617 0.796617 0.796617 0.796618 0.796618 0.796618 0.796618 0.796618 0.796618 0.796618 0.796618 0.796618 0.796618 0.796618 0.796618 0.796618 0.796618 0.796618 0.796618 0.796618 0.796618 0.796618 0.796617 0.796617 0.796617 0.796617 0.796617 0.796617 0.796617 0.796617 0.796616 0.796616 0.796616 0.796616 0.796616 0.796616 0.796616 0.796616 0.796616 
0.792686 0.792686 0.792686 0.792686 0.792686 0.792686 0.792686 0.792686 0.792686 0.792686 0.792687 0.792687 0.792687 0.792687 0.792688 0.792688 0.792688 0.792688 0.792689 0.792689 0.792689 0.792689 0.79269 0.79269 0.79269 0.79269 0.79269 0.792691 0.792691 0.792691 0.792691 0.792691 0.792691 0.792691 0.792691 0.792691 0.792691 0.792691 0.792691 0.792691 0.79269 0.79269 0.79269 0.79269 0.79269 0.792689 0.792689 0.792689 0.792689 0.792688 0.792688 0.792688 0.792688 0.792687 0.792687 0.792687 0.792687 0.792687 0.792686 0.792686 0.792686 0.792686 
0.780926 0.780926 0.780926 0.780926 0.780927 0.780927 0.780927 0.780927 0.780927 0.780928 0.780928 0.780928 0.780929 0.780929 0.780929 0.78093 0.78093 0.78093 0.780931 0.780931 0.780931 0.780932 0.780932 0.780932 0.780932 0.780933 0.780933 0.780933 0.780933 0.780933 0.780933 0.780933 0.780933 0.780933 0.780933 0.780933 0.780933 0.780933 0.780932 0.780932 0.780932 0.780931 0.780931 0.780931 0.780931 0.78093 0.78093 0.780929 0.780929 0.780929 0.780928 0.780928 0.780928 0.780928 0.780927 0.780927 0.780927 0.780927 0.780927 0.780926 0.780926 0.780926 
0.761416 0.761416 0.761416 0.761417 0.761417 0.761417 0.761417 0.761418 0.761418 0.761418 0.761419 0.761419 0.761419 0.76142 0.76142 0.761421 0.761421 0.761421 0.761422 0.761422 0.761422 0.761422 0.761423 0.761423 0.761423 0.761423 0.761423 0.761423 0.761423 0.761423 0.761423 0.761423 0.761423 0.761423 0.761423 0.761422 0.761422 0.761422 0.761421 0.761421 0.761421 0.76142 0.76142 0.76142 0.761419 0.761419 0.761418 0.761418 0.761418 0.761417 0.761417 0.761417 0.761417 0.761416 0.761416 0.761416 0.761416 0.761416 0.761416 0.761416 0.761416 0.761416 
0.73429 0.73429 0.734291 0.734291 0.734291 0.734292 0.734292 0.734292 0.734293 0.734293 0.734293 0.734294 0.734294 0.734294 0.734295 0.734295 0.734295 0.734296 0.734296 0.734296 0.734296 0.734296 0.734296 0.734296 0.734296 0.734296 0.734296 0.734296 0.734296 0.734296 0.734296 0.734295 0.734295 0.734295 0.734295 0.734294 0.734294 0.734294 0.734293 0.734293 0.734293 0.734292 0.734292 0.734291 0.734291 0.734291 0.734291 0.73429 0.73429 0.73429 0.73429 0.73429 0.734289 0.734289 0.734289 0.734289 0.734289 0.734289 0.734289 0.73429 0.73429 0.73429 
0.699744 0.699744 0.699744 0.699745 0.699745 0.699745 0.699746 0.699746 0.699746 0.699746 0.699747 0.699747 0.699747 0.699747 0.699747 0.699748 0.699748 0.699748 0.699748 0.699748 0.699748 0.699748 0.699748 0.699748 0.699747 0.699747 0.699747 0.699747 0.699747 0.699746 0.699746 0.699746 0.699746 0.699745 0.699745 0.699745 0.699744 0.699744 0.699744 0.699743 0.699743 0.699743 0.699743 0.699742 0.699742 0.699742 0.699742 0.699742 0.699742 0.699742 0.699742 0.699742 0.699742 0.699742 0.699742 0.699742 0.699742 0.699742 0.699743 0.699743 0.699743 0.699743 
0.658036 0.658037 0.658037 0.658037 0.658037 0.658038 0.658038 0.658038 0.658038 0.658038 0.658038 0.658038 0.658038 0.658038 0.658038 0.658038 0.658038 0.658038 0.658038 0.658038 0.658038 0.658038 0.658038 0.658037 0.658037 0.658037 0.658037 0.658036 0.658036 0.658036 0.658036 0.658035 0.658035 0.658035 0.658035 0.658034 0.658034 0.658034 0.658034 0.658034 0.658034 0.658034 0.658033 0.658033 0.658033 0.658033 0.658033 0.658033 0.658034 0.658034 0.658034 0.658034 0.658034 0.658034 0.658034 0.658035 0.658035 0.658035 0.658035 0.658036 0.658036 0.658036 
0.609499 0.609499 0.6095 0.6095 0.6095 0.6095 0.6095 0.6095 0.6095 0.6095 0.6095 0.6095 0.6095 0.6095 0.6095 0.609499 0.609499 0.609499 0.609499 0.609499 0.609499 0.609498 0.609498 0.609498 0.609498 0.609498 0.609497 0.609497 0.609497 0.609497 0.609497 0.609497 0.609497 0.609496 0.609496 0.609496 0.609496 0.609496 0.609496 0.609496 0.609496 0.609496 0.609496 0.609496 0.609496 0.609496 0.609497 0.609497 0.609497 0.609497 0.609497 0.609497 0.609498 0.609498 0.609498 0.609498 0.609498 0.609499 0.609499 0.609499 0.609499 0.609499 
0.554541 0.554541 0.554541 0.554541 0.554541 0.554541 0.55454 0.55454 0.55454 0.55454 0.55454 0.55454 0.55454 0.55454 0.55454 0.55454 0.554539 0.554539 0.554539 0.554539 0.554539 0.554539 0.554539 0.554539 0.554538 0.554538 0.554538 0.554538 0.554538 0.554538 0.554538 0.554538 0.554538 0.554538 0.554538 0.554538 0.554538 0.554538 0.554538 0.554538 0.554538 0.554538 0.554538 0.554539 0.554539 0.554539 0.554539 0.554539 0.554539 0.554539 0.55454 0.55454 0.55454 0.55454 0.55454 0.55454 0.55454 0.55454 0.55454 0.55454 0.554541 0.554541 
0.493649 0.493649 0.493649 0.493649 0.493649 0.493649 0.493649 0.493649 0.493649 0.493649 0.493649 0.493649 0.493648 0.493648 0.493648 0.493648 0.493648 0.493648 0.493648 0.493648 0.493648 0.493648 0.493648 0.493648 0.493648 0.493648 0.493648 0.493648 0.493648 0.493648 0.493648 0.493648 0.493648 0.493648 0.493648 0.493648 0.493648 0.493648 0.493648 0.493648 0.493648 0.493648 0.493649 0.493649 0.493649 0.493649 0.493649 0.493649 0.493649 0.493649 0.493649 0.493649 0.493649 0.493649 0.493649 0.493649 0.493649 0.493649 0.493649 0.493649 0.493649 0.493649 
0.427397 0.427397 0.427397 0.427397 0.427397 0.427397 0.427397 0.427397 0.427397 0.427397 0.427397 0.427397 0.427397 0.427397 0.427397 0.427397 0.427397 0.427397 0.427397 0.427397 0.427397 0.427397 0.427397 0.427397 0.427397 0.427397 0.427397 0.427397 0.427397 0.427397 0.427397 0.427397 0.427397 0.427397 0.427397 0.427397 0.427397 0.427397 0.427397 0.427397 0.427397 0.427397 0.427397 0.427398 0.427398 0.427398 0.427398 0.427398 0.427398 0.427398 0.427398 0.427398 0.427398 0.427398 0.427398 0.427398 0.427398 0.427398 0.427398 0.427398 0.427398 0.427398 
0.356439 0.356439 0.356439 0.356439 0.356439 0.356439 0.356439 0.356439 0.356439 0.356439 0.356439 0.356439 0.356439 0.356439 0.356439 0.356439 0.356439 0.356439 0.356439 0.356439 0.356439 0.356439 0.356439 0.356439 0.356439 0.356439 0.356439 0.356439 0.356439 0.356439 0.356439 0.356439 0.356439 0.356439 0.356439 0.356439 0.356439 0.356439 0.356439 0.356439 0.356439 0.356439 0.356439 0.356439 0.356439 0.356439 0.356439 0.356439 0.356439 0.356439 0.356439 0.356439 0.356439 0.356439 0.356439 0.356439 0.356439 0.356439 0.356439 0.356439 0.356439 0.356439 
0.281505 0.281505 0.281505 0.281505 0.281505 0.281505 0.281505 0.281505 0.281505 0.281505 0.281505 0.281505 0.281505 0.281505 0.281505 0.281505 0.281505 0.281505 0.281505 0.281505 0.281505 0.281505 0.281505 0.281505 0.281505 0.281505 0.281505 0.281505 0.281505 0.281505 0.281505 0.281505 0.281505 0.281505 0.281505 0.281505 0.281505 0.281505 0.281505 0.281505 0.281505 0.281505 0.281505 0.281505 0.281505 0.281505 0.281505 0.281505 0.281505 0.281505 0.281505 0.281505 0.281505 0.281505 0.281505 0.281505 0.281505 0.281505 0.281505 0.281505 0.281505 0.281505 
0.203397 0.203397 0.203397 0.203397 0.203397 0.203397 0.203397 0.203397 0.203397 0.203397 0.203397 0.203397 0.203397 0.203397 0.203397 0.203397 0.203397 0.203397 0.203397 0.203397 0.203397 0.203397 0.203397 0.203397 0.203397 0.203397 0.203397 0.203397 0.203397 0.203397 0.203397 0.203397 0.203397 0.203397 0.203397 0.203397 0.203397 0.203397 0.203397 0.203397 0.203397 0.203397 0.203397 0.203397 0.203397 0.203397 0.203397 0.203397 0.203397 0.203397 0.203397 0.203397 0.203397 0.203397 0.203397 0.203397 0.203397 0.203397 0.203397 0.203397 0.203397 0.203397 
0.122976 0.122976 0.122976 0.122976 0.122976 0.122976 0.122976 0.122976 0.122976 0.122976 0.122976 0.122976 0.122976 0.122976 0.122976 0.122976 0.122976 0.122976 0.122976 0.122976 0.122976 0.122976 0.122976 0.122976 0.122976 0.122976 0.122976 0.122976 0.122976 0.122976 0.122976 0.122976 0.122976 0.122976 0.122976 0.122976 0.122976 0.122976 0.122976 0.122976 0.122976 0.122976 0.122976 0.122976 0.122976 0.122976 0.122976 0.122976 0.122976 0.122976 0.122976 0.122976 0.122976 0.122976 0.122976 0.122976 0.122976 0.122976 0.122976 0.122976 0.122976 0.122976 
0.0411494 0.0411494 0.0411494 0.0411494 0.0411494 0.0411494 0.0411494 0.0411494 0.0411494 0.0411494 0.0411494 0.0411494 0.0411494 0.0411494 0.0411494 0.0411494 0.0411494 0.0411494 0.0411494 0.0411494 0.0411494 0.0411494 0.0411494 0.0411494 0.0411494 0.0411494 0.0411494 0.0411494 0.0411494 0.0411494 0.0411494 0.0411494 0.0411494 0.0411494 0.0411494 0.0411494 0.0411494 0.0411494 0.0411494 0.0411494 0.0411494 0.0411494 0.0411494 0.0411494 0.0411494 0.0411494 0.0411494 0.0411494 0.0411494 0.0411494 0.0411494 0.0411494 0.0411494 0.0411494 0.0411494 0.0411494 0.0411494 0.0411494 0.0411494 0.0411494 0.0411494 0.0411494 
