0.0408962 0.0408962 0.0408962 0.0408962 0.0408962 0.0408962 0.0408962 0.0408962 0.0408962 0.0408962 0.0408962 0.0408962 0.0408962 0.0408962 0.0408962 0.0408962 0.0408962 0.0408962 0.0408962 0.0408961 0.0408961 0.0408961 0.0408961 0.0408961 0.0408961 0.0408961 0.0408961 0.0408961 0.0408961 0.0408961 0.0408961 0.0408961 0.0408961 0.0408961 0.0408961 0.0408961 0.0408961 0.0408961 0.0408961 0.0408961 0.0408961 0.0408961 0.0408961 0.0408961 0.0408961 0.0408961 0.0408961 0.0408961 0.0408961 0.0408961 0.0408961 0.0408961 0.0408961 0.0408961 0.0408961 0.0408961 0.0408961 0.0408961 0.0408962 0.0408962 0.0408962 0.0408962 
0.122222 0.122222 0.122222 0.122222 0.122222 0.122222 0.122222 0.122222 0.122222 0.122222 0.122222 0.122222 0.122222 0.122222 0.122222 0.122222 0.122222 0.122222 0.122222 0.122222 0.122222 0.122222 0.122222 0.122222 0.122222 0.122222 0.122221 0.122221 0.122221 0.122221 0.122221 0.122221 0.122221 0.122221 0.122221 0.122221 0.122221 0.122221 0.122221 0.122221 0.122221 0.122221 0.122221 0.122221 0.122221 0.122222 0.122222 0.122222 0.122222 0.122222 0.122222 0.122222 0.122222 0.122222 0.122222 0.122222 0.122222 0.122222 0.122222 0.122222 0.122222 0.122222 
0.202156 0.202156 0.202156 0.202156 0.202156 0.202156 0.202156 0.202156 0.202156 0.202156 0.202156 0.202156 0.202156 0.202156 0.202156 0.202156 0.202156 0.202156 0.202156 0.202156 0.202156 0.202156 0.202156 0.202156 0.202156 0.202156 0.202155 0.202155 0.202155 0.202155 0.202155 0.202155 0.202155 0.202155 0.202155 0.202155 0.202155 0.202155 0.202155 0.202155 0.202155 0.202155 0.202155 0.202155 0.202155 0.202155 0.202155 0.202156 0.202156 0.202156 0.202156 0.202156 0.202156 0.202156 0.202156 0.202156 0.202156 0.202156 0.202156 0.202156 0.202156 0.202156 
0.279801 0.279801 0.279801 0.279801 0.279801 0.279801 0.279801 0.279801 0.279801 0.279801 0.279801 0.279801 0.279801 0.279801 0.279801 0.279801 0.279801 0.279801 0.279801 0.279801 0.279801 0.279801 0.279801 0.279801 0.279801 0.279801 0.279801 0.279801 0.279801 0.279801 0.279801 0.279801 0.279801 0.279801 0.279801 0.279801 0.279801 0.279801 0.279801 0.279801 0.279801 0.279801 0.279801 0.279801 0.279801 0.279801 0.279801 0.279801 0.279801 0.279801 0.279801 0.279801 0.279801 0.279801 0.279801 0.279801 0.279801 0.279801 0.279801 0.279801 0.279801 0.279801 
0.354304 0.354304 0.354304 0.354304 0.354304 0.354304 0.354304 0.354304 0.354304 0.354304 0.354304 0.354304 0.354304 0.354304 0.354304 0.354304 0.354304 0.354304 0.354304 0.354304 0.354304 0.354304 0.354304 0.354304 0.354304 0.354304 0.354304 0.354304 0.354304 0.354304 0.354304 0.354304 0.354304 0.354304 0.354304 0.354304 0.354304 0.354304 0.354304 0.354304 0.354304 0.354304 0.354304 0.354304 0.354304 0.354304 0.354304 0.354304 0.354304 0.354304 0.354304 0.354304 0.354304 0.354304 0.354304 0.354304 0.354304 0.354304 0.354304 0.354304 0.354304 0.354304 
0.424869 0.424869 0.424869 0.424869 0.424869 0.424869 0.424869 0.424869 0.424869 0.424869 0.424869 0.424869 0.424869 0.424869 0.424869 0.424869 0.424869 0.424869 0.424869 0.424869 0.424869 0.424869 0.424869 0.424869 0.424869 0.424869 0.424869 0.424869 0.424869 0.424869 0.424869 0.424869 0.424869 0.424869 0.424869 0.424869 0.424869 0.424869 0.424869 0.424869 0.424869 0.424869 0.424869 0.424869 0.424869 0.424869 0.424869 0.424869 0.424869 0.424869 0.424869 0.424869 0.424869 0.424869 0.424869 0.424869 0.424869 0.424869 0.424869 0.424869 0.424869 0.424869 
0.490768 0.490768 0.490768 0.490768 0.490768 0.490768 0.490768 0.490768 0.490768 0.490768 0.490768 0.490768 0.490768 0.490768 0.490768 0.490768 0.490768 0.490768 0.490768 0.490768 0.490768 0.490768 0.490768 0.490768 0.490768 0.490768 0.490768 0.490768 0.490768 0.490768 0.490768 0.490768 0.490768 0.490768 0.490768 0.490768 0.490768 0.490768 0.490768 0.490768 0.490768 0.490768 0.490768 0.490768 0.490769 0.490769 0.490769 0.490769 0.490769 0.490769 0.490769 0.490769 0.490769 0.490769 0.490769 0.490769 0.490769 0.490769 0.490769 0.490769 0.490769 0.490769 
0.551352 0.551352 0.551351 0.551351 0.551351 0.551351 0.551351 0.551351 0.551351 0.551351 0.551351 0.551351 0.551351 0.551351 0.551351 0.55135 0.55135 0.55135 0.55135 0.55135 0.55135 0.55135 0.55135 0.55135 0.55135 0.55135 0.55135 0.55135 0.55135 0.55135 0.55135 0.55135 0.55135 0.55135 0.55135 0.55135 0.55135 0.55135 0.55135 0.551351 0.551351 0.551351 0.551351 0.551351 0.551351 0.551351 0.551351 0.551351 0.551351 0.551351 0.551351 0.551352 0.551352 0.551352 0.551352 0.551352 0.551352 0.551352 0.551352 0.551352 0.551352 0.551352 
0.606047 0.606047 0.606047 0.606047 0.606047 0.606047 0.606047 0.606047 0.606047 0.606046 0.606046 0.606046 0.606046 0.606046 0.606046 0.606046 0.606045 0.606045 0.606045 0.606045 0.606045 0.606045 0.606045 0.606045 0.606044 0.606044 0.606044 0.606044 0.606044 0.606044 0.606044 0.606044 0.606044 0.606044 0.606044 0.606044 0.606044 0.606044 0.606045 0.606045 0.606045 0.606045 0.606045 0.606045 0.606045 0.606045 0.606046 0.606046 0.606046 0.606046 0.606046 0.606046 0.606046 0.606047 0.606047 0.606047 0.606047 0.606047 0.606047 0.606047 0.606047 0.606047 
0.654365 0.654365 0.654365 0.654365 0.654365 0.654365 0.654365 0.654365 0.654365 0.654365 0.654364 0.654364 0.654364 0.654364 0.654364 0.654364 0.654363 0.654363 0.654363 0.654363 0.654363 0.654362 0.654362 0.654362 0.654362 0.654362 0.654361 0.654361 0.654361 0.654361 0.654361 0.654361 0.654361 0.654361 0.654361 0.654361 0.654361 0.654361 0.654361 0.654361 0.654361 0.654361 0.654361 0.654361 0.654362 0.654362 0.654362 0.654362 0.654362 0.654362 0.654363 0.654363 0.654363 0.654363 0.654364 0.654364 0.654364 0.654364 0.654364 0.654364 0.654364 0.654365 
0.695894 0.695894 0.695894 0.695894 0.695894 0.695894 0.695894 0.695894 0.695894 0.695894 0.695894 0.695894 0.695894 0.695894 0.695894 0.695894 0.695894 0.695893 0.695893 0.695893 0.695893 0.695892 0.695892 0.695892 0.695892 0.695891 0.695891 0.695891 0.695891 0.69589 0.69589 0.69589 0.69589 0.69589 0.69589 0.69589 0.695889 0.695889 0.695889 0.695889 0.695889 0.69589 0.69589 0.69589 0.69589 0.69589 0.69589 0.69589 0.695891 0.695891 0.695891 0.695891 0.695892 0.695892 0.695892 0.695892 0.695893 0.695893 0.695893 0.695893 0.695893 0.695894 
0.7303 0.7303 0.730301 0.730301 0.730301 0.730301 0.730301 0.730301 0.730301 0.730301 0.730301 0.730301 0.730301 0.730301 0.730301 0.730301 0.730301 0.730301 0.730301 0.7303 0.7303 0.7303 0.7303 0.730299 0.730299 0.730299 0.730299 0.730298 0.730298 0.730298 0.730298 0.730297 0.730297 0.730297 0.730297 0.730297 0.730296 0.730296 0.730296 0.730296 0.730296 0.730296 0.730296 0.730296 0.730296 0.730296 0.730296 0.730297 0.730297 0.730297 0.730297 0.730297 0.730298 0.730298 0.730298 0.730298 0.730299 0.730299 0.730299 0.730299 0.7303 0.7303 
0.75732 0.75732 0.757321 0.757321 0.757321 0.757321 0.757321 0.757322 0.757322 0.757322 0.757322 0.757322 0.757322 0.757322 0.757322 0.757322 0.757322 0.757322 0.757321 0.757321 0.757321 0.757321 0.757321 0.757321 0.75732 0.75732 0.75732 0.75732 0.757319 0.757319 0.757319 0.757319 0.757318 0.757318 0.757318 0.757318 0.757318 0.757318 0.757317 0.757317 0.757317 0.757317 0.757317 0.757317 0.757317 0.757317 0.757317 0.757317 0.757317 0.757318 0.757318 0.757318 0.757318 0.757318 0.757318 0.757319 0.757319 0.757319 0.757319 0.75732 0.75732 0.75732 
0.776757 0.776757 0.776757 0.776757 0.776757 0.776757 0.776758 0.776758 0.776758 0.776758 0.776758 0.776758 0.776758 0.776758 0.776758 0.776758 0.776758 0.776758 0.776758 0.776758 0.776758 0.776757 0.776757 0.776757 0.776757 0.776757 0.776757 0.776757 0.776756 0.776756 0.776756 0.776756 0.776756 0.776756 0.776756 0.776755 0.776755 0.776755 0.776755 0.776755 0.776755 0.776755 0.776755 0.776755 0.776755 0.776755 0.776755 0.776755 0.776755 0.776755 0.776755 0.776755 0.776755 0.776756 0.776756 0.776756 0.776756 0.776756 0.776756 0.776756 0.776757 0.776757 
0.788473 0.788473 0.788473 0.788473 0.788473 0.788473 0.788473 0.788473 0.788473 0.788473 0.788473 0.788473 0.788473 0.788473 0.788473 0.788472 0.788472 0.788472 0.788472 0.788472 0.788472 0.788472 0.788472 0.788472 0.788472 0.788472 0.788472 0.788472 0.788472 0.788472 0.788472 0.788472 0.788472 0.788472 0.788472 0.788472 0.788472 0.788472 0.788472 0.788472 0.788472 0.788472 0.788472 0.788472 0.788472 0.788472 0.788472 0.788472 0.788472 0.788472 0.788472 0.788472 0.788472 0.788472 0.788472 0.788472 0.788472 0.788472 0.788472 0.788473 0.788473 0.788473 
0.792387 0.792387 0.792387 0.792386 0.792386 0.792386 0.792386 0.792386 0.792386 0.792386 0.792386 0.792386 0.792385 0.792385 0.792385 0.792385 0.792385 0.792385 0.792385 0.792385 0.792385 0.792385 0.792385 0.792385 0.792385 0.792385 0.792386 0.792386 0.792386 0.792386 0.792386 0.792386 0.792386 0.792386 0.792386 0.792387 0.792387 0.792387 0.792387 0.792387 0.792387 0.792387 0.792387 0.792387 0.792388 0.792387 0.792387 0.792388 0.792388 0.792388 0.792388 0.792388 0.792388 0.792388 0.792387 0.792387 0.792387 0.792387 0.792387 0.792387 0.792387 0.792387 
0.788472 0.788472 0.788472 0.788472 0.788471 0.788471 0.788471 0.788471 0.788471 0.788471 0.78847 0.78847 0.78847 0.78847 0.78847 0.78847 0.78847 0.78847 0.78847 0.78847 0.78847 0.78847 0.78847 0.788471 0.788471 0.788471 0.788471 0.788471 0.788472 0.788472 0.788472 0.788472 0.788473 0.788473 0.788473 0.788473 0.788474 0.788474 0.788474 0.788474 0.788474 0.788474 0.788474 0.788475 0.788475 0.788475 0.788475 0.788475 0.788475 0.788475 0.788475 0.788475 0.788474 0.788474 0.788474 0.788474 0.788474 0.788474 0.788473 0.788473 0.788473 0.788473 
0.776756 0.776756 0.776755 0.776755 0.776755 0.776755 0.776754 0.776754 0.776754 0.776754 0.776754 0.776754 0.776754 0.776754 0.776754 0.776754 0.776754 0.776754 0.776754 0.776754 0.776754 0.776754 0.776755 0.776755 0.776755 0.776755 0.776756 0.776756 0.776756 0.776757 0.776757 0.776757 0.776758 0.776758 0.776758 0.776758 0.776759 0.776759 0.776759 0.776759 0.776759 0.77676 0.77676 0.77676 0.77676 0.77676 0.77676 0.77676 0.77676 0.776759 0.776759 0.776759 0.776759 0.776759 0.776758 0.776758 0.776758 0.776758 0.776757 0.776757 0.776757 0.776756 
0.757318 0.757318 0.757318 0.757317 0.757317 0.757317 0.757317 0.757317 0.757317 0.757316 0.757316 0.757316 0.757316 0.757317 0.757317 0.757317 0.757317 0.757317 0.757317 0.757318 0.757318 0.757318 0.757319 0.757319 0.757319 0.75732 0.75732 0.75732 0.757321 0.757321 0.757321 0.757322 0.757322 0.757322 0.757322 0.757323 0.757323 0.757323 0.757323 0.757323 0.757323 0.757323 0.757323 0.757323 0.757323 0.757323 0.757323 0.757323 0.757323 0.757322 0.757322 0.757322 0.757321 0.757321 0.757321 0.75732 0.75732 0.75732 0.757319 0.757319 0.757319 0.757318 
0.730297 0.730296 0.730296 0.730296 0.730296 0.730296 0.730296 0.730296 0.730296 0.730296 0.730296 0.730296 0.730296 0.730297 0.730297 0.730297 0.730297 0.730298 0.730298 0.730298 0.730299 0.730299 0.730299 0.7303 0.7303 0.7303 0.7303 0.730301 0.730301 0.730301 0.730302 0.730302 0.730302 0.730302 0.730302 0.730302 0.730302 0.730302 0.730302 0.730302 0.730302 0.730302 0.730302 0.730302 0.730302 0.730302 0.730301 0.730301 0.730301 0.7303 0.7303 0.7303 0.730299 0.730299 0.730299 0.730298 0.730298 0.730298 0.730298 0.730297 0.730297 0.730297 
0.69589 0.69589 0.69589 0.69589 0.69589 0.69589 0.69589 0.69589 0.69589 0.69589 0.695891 0.695891 0.695891 0.695891 0.695892 0.695892 0.695892 0.695892 0.695893 0.695893 0.695893 0.695894 0.695894 0.695894 0.695894 0.695895 0.695895 0.695895 0.695895 0.695895 0.695895 0.695895 0.695895 0.695895 0.695895 0.695895 0.695895 0.695895 0.695895 0.695895 0.695895 0.695894 0.695894 0.695894 0.695894 0.695893 0.695893 0.695893 0.695893 0.695892 0.695892 0.695892 0.695891 0.695891 0.695891 0.695891 0.69589 0.69589 0.69589 0.69589 0.69589 0.69589 
0.654361 0.654361 0.654361 0.654362 0.654362 0.654362 0.654362 0.654362 0.654362 0.654363 0.654363 0.654363 0.654363 0.654364 0.654364 0.654364 0.654364 0.654364 0.654365 0.654365 0.654365 0.654365 0.654365 0.654365 0.654365 0.654366 0.654366 0.654366 0.654366 0.654366 0.654366 0.654365 0.654365 0.654365 0.654365 0.654365 0.654365 0.654365 0.654364 0.654364 0.654364 0.654364 0.654364 0.654363 0.654363 0.654363 0.654363 0.654362 0.654362 0.654362 0.654362 0.654362 0.654361 0.654361 0.654361 0.654361 0.654361 0.654361 0.654361 0.654361 0.654361 0.654361 
0.606045 0.606045 0.606046 0.606046 0.606046 0.606046 0.606046 0.606046 0.606047 0.606047 0.606047 0.606047 0.606047 0.606047 0.606047 0.606048 0.606048 0.606048 0.606048 0.606048 0.606048 0.606048 0.606048 0.606048 0.606048 0.606048 0.606048 0.606048 0.606048 0.606047 0.606047 0.606047 0.606047 0.606047 0.606047 0.606047 0.606046 0.606046 0.606046 0.606046 0.606046 0.606046 0.606045 0.606045 0.606045 0.606045 0.606045 0.606045 0.606045 0.606045 0.606045 0.606044 0.606044 0.606044 0.606044 0.606045 0.606045 0.606045 0.606045 0.606045 0.606045 0.606045 
0.551351 0.551352 0.551352 0.551352 0.551352 0.551352 0.551352 0.551352 0.551352 0.551352 0.551352 0.551352 0.551353 0.551353 0.551353 0.551353 0.551353 0.551353 0.551353 0.551353 0.551352 0.551352 0.551352 0.551352 0.551352 0.551352 0.551352 0.551352 0.551352 0.551352 0.551352 0.551351 0.551351 0.551351 0.551351 0.551351 0.551351 0.551351 0.551351 0.551351 0.55135 0.55135 0.55135 0.55135 0.55135 0.55135 0.55135 0.55135 0.55135 0.55135 0.55135 0.55135 0.55135 0.55135 0.551351 0.551351 0.551351 0.551351 0.551351 0.551351 0.551351 0.551351 
0.490769 0.490769 0.490769 0.490769 0.490769 0.490769 0.49077 0.49077 0.49077 0.49077 0.49077 0.49077 0.49077 0.49077 0.49077 0.490769 0.490769 0.490769 0.490769 0.490769 0.490769 0.490769 0.490769 0.490769 0.490769 0.490769 0.490769 0.490769 0.490769 0.490769 0.490768 0.490768 0.490768 0.490768 0.490768 0.490768 0.490768 0.490768 0.490768 0.490768 0.490768 0.490768 0.490768 0.490768 0.490768 0.490768 0.490768 0.490768 0.490768 0.490768 0.490768 0.490768 0.490769 0.490769 0.490769 0.490769 0.490769 0.490769 0.490769 0.490769 0.490769 0.490769 
0.42487 0.42487 0.42487 0.42487 0.42487 0.42487 0.42487 0.42487 0.42487 0.42487 0.42487 0.42487 0.42487 0.42487 0.42487 0.42487 0.42487 0.42487 0.424869 0.424869 0.424869 0.424869 0.424869 0.424869 0.424869 0.424869 0.424869 0.424869 0.424869 0.424869 0.424869 0.424869 0.424869 0.424869 0.424869 0.424869 0.424869 0.424869 0.424869 0.424869 0.424869 0.424869 0.424869 0.424869 0.424869 0.424869 0.424869 0.424869 0.424869 0.424869 0.424869 0.424869 0.424869 0.42487 0.42487 0.42487 0.42487 0.42487 0.42487 0.42487 0.42487 0.42487 
0.354305 0.354305 0.354305 0.354305 0.354305 0.354305 0.354305 0.354305 0.354305 0.354305 0.354305 0.354304 0.354304 0.354304 0.354304 0.354304 0.354304 0.354304 0.354304 0.354304 0.354304 0.354304 0.354304 0.354304 0.354304 0.354304 0.354304 0.354304 0.354304 0.354304 0.354304 0.354304 0.354304 0.354304 0.354304 0.354304 0.354304 0.354304 0.354304 0.354304 0.354304 0.354304 0.354304 0.354304 0.354304 0.354304 0.354304 0.354304 0.354304 0.354304 0.354305 0.354305 0.354305 0.354305 0.354305 0.354305 0.354305 0.354305 0.354305 0.354305 0.354305 0.354305 
0.279801 0.279801 0.279801 0.279801 0.279801 0.279801 0.279801 0.279801 0.279801 0.279801 0.279801 0.279801 0.279801 0.279801 0.279801 0.279801 0.279801 0.279801 0.279801 0.279801 0.279801 0.279801 0.279801 0.279801 0.279801 0.279801 0.279801 0.279801 0.279801 0.279801 0.279801 0.279801 0.279801 0.279801 0.279801 0.279801 0.279801 0.279801 0.279801 0.279801 0.279801 0.279801 0.279801 0.279801 0.279801 0.279801 0.279801 0.279801 0.279801 0.279801 0.279801 0.279801 0.279801 0.279801 0.279801 0.279801 0.279801 0.279801 0.279801 0.279801 0.279801 0.279801 
0.202156 0.202156 0.202156 0.202156 0.202156 0.202156 0.202156 0.202156 0.202156 0.202156 0.202156 0.202156 0.202156 0.202156 0.202156 0.202156 0.202156 0.202156 0.202156 0.202156 0.202156 0.202156 0.202156 0.202156 0.202156 0.202156 0.202156 0.202156 0.202156 0.202156 0.202156 0.202156 0.202156 0.202156 0.202156 0.202156 0.202156 0.202156 0.202156 0.202156 0.202156 0.202156 0.202156 0.202156 0.202156 0.202156 0.202156 0.202156 0.202156 0.202156 0.202156 0.202156 0.202156 0.202156 0.202156 0.202156 0.202156 0.202156 0.202156 0.202156 0.202156 0.202156 
0.122222 0.122222 0.122222 0.122222 0.122222 0.122222 0.122222 0.122222 0.122222 0.122222 0.122222 0.122222 0.122222 0.122222 0.122222 0.122222 0.122222 0.122222 0.122222 0.122222 0.122222 0.122222 0.122222 0.122222 0.122222 0.122222 0.122222 0.122222 0.122222 0.122222 0.122222 0.122222 0.122222 0.122222 0.122222 0.122222 0.122222 0.122222 0.122222 0.122222 0.122222 0.122222 0.122222 0.122222 0.122222 0.122222 0.122222 0.122222 0.122222 0.122222 0.122222 0.122222 0.122222 0.122222 0.122222 0.122222 0.122222 0.122222 0.122222 0.122222 0.122222 0.122222 
0.0408962 0.0408962 0.0408962 0.0408962 0.0408962 0.0408962 0.0408962 0.0408962 0.0408962 0.0408962 0.0408962 0.0408962 0.0408962 0.0408962 0.0408962 0.0408962 0.0408962 0.0408962 0.0408962 0.0408962 0.0408962 0.0408962 0.0408962 0.0408962 0.0408962 0.0408962 0.0408962 0.0408962 0.0408962 0.0408962 0.0408962 0.0408962 0.0408962 0.0408962 0.0408962 0.0408962 0.0408962 0.0408962 0.0408962 0.0408962 0.0408962 0.0408962 0.0408962 0.0408962 0.0408962 0.0408962 0.0408962 0.0408962 0.0408962 0.0408962 0.0408962 0.0408962 0.0408962 0.0408962 0.0408962 0.0408962 0.0408962 0.0408962 0.0408962 0.0408962 0.0408962 0.0408962 
