0.0626249 0.062607 0.0625889 0.0625708 0.0625526 0.0625348 0.0625174 0.0625008 0.062485 0.0624702 0.0624566 0.0624444 0.0624336 0.0624243 0.0624167 0.0624109 0.0624068 0.0624046 0.0624043 0.0624058 0.0624091 0.0624143 0.0624212 0.0624298 0.06244 0.0624517 0.0624647 0.062479 0.0624944 0.0625107 0.0625278 0.0625455 0.0625636 0.0625819 0.0626003 0.0626185 0.0626363 0.0626537 0.0626703 0.0626861 0.0627008 0.0627143 0.0627266 0.0627373 0.0627466 0.0627541 0.06276 0.062764 0.0627663 0.0627666 0.0627651 0.0627618 0.0627567 0.0627498 0.0627412 0.062731 0.0627194 0.0627063 0.062692 0.0626766 0.0626602 0.0626428 
0.182862 0.182835 0.182807 0.182778 0.182749 0.182721 0.182693 0.182666 0.182639 0.182615 0.182591 0.18257 0.182551 0.182533 0.182519 0.182507 0.182497 0.18249 0.182487 0.182486 0.182488 0.182493 0.1825 0.182511 0.182524 0.18254 0.182558 0.182578 0.1826 0.182624 0.18265 0.182676 0.182704 0.182732 0.182761 0.182789 0.182818 0.182846 0.182873 0.182899 0.182924 0.182947 0.182968 0.182988 0.183005 0.18302 0.183032 0.183041 0.183048 0.183052 0.183053 0.183051 0.183046 0.183038 0.183027 0.183014 0.182999 0.182981 0.182961 0.182938 0.182915 0.182889 
0.295238 0.29521 0.295182 0.295152 0.295122 0.295092 0.295062 0.295033 0.295003 0.294975 0.294949 0.294923 0.2949 0.294878 0.294859 0.294843 0.294828 0.294817 0.294809 0.294803 0.294801 0.294801 0.294805 0.294812 0.294821 0.294834 0.294849 0.294867 0.294887 0.294909 0.294933 0.294959 0.294986 0.295015 0.295044 0.295074 0.295104 0.295134 0.295164 0.295193 0.295221 0.295248 0.295273 0.295296 0.295318 0.295337 0.295353 0.295367 0.295379 0.295387 0.295393 0.295395 0.295395 0.295391 0.295384 0.295375 0.295362 0.295347 0.29533 0.29531 0.295287 0.295263 
0.399323 0.399298 0.399272 0.399244 0.399216 0.399186 0.399157 0.399127 0.399098 0.399069 0.399041 0.399014 0.398988 0.398964 0.398942 0.398922 0.398904 0.398889 0.398877 0.398867 0.39886 0.398856 0.398855 0.398857 0.398862 0.398871 0.398881 0.398895 0.398911 0.39893 0.398951 0.398973 0.398998 0.399024 0.399052 0.39908 0.399109 0.399139 0.399168 0.399198 0.399227 0.399255 0.399282 0.399307 0.399331 0.399353 0.399373 0.399391 0.399406 0.399418 0.399428 0.399435 0.399439 0.39944 0.399438 0.399433 0.399425 0.399414 0.3994 0.399384 0.399366 0.399345 
0.495074 0.495053 0.49503 0.495006 0.49498 0.494953 0.494925 0.494897 0.494869 0.494841 0.494813 0.494786 0.494759 0.494734 0.494711 0.494689 0.494669 0.494651 0.494636 0.494623 0.494612 0.494605 0.4946 0.494598 0.494598 0.494602 0.494608 0.494618 0.494629 0.494644 0.494661 0.49468 0.494701 0.494723 0.494748 0.494773 0.4948 0.494828 0.494856 0.494884 0.494912 0.49494 0.494967 0.494993 0.495018 0.495041 0.495063 0.495083 0.495101 0.495116 0.495129 0.49514 0.495148 0.495152 0.495155 0.495154 0.49515 0.495144 0.495135 0.495123 0.495109 0.495092 
0.582484 0.582468 0.582449 0.58243 0.582408 0.582385 0.582361 0.582336 0.582311 0.582285 0.58226 0.582234 0.582209 0.582185 0.582162 0.58214 0.582119 0.5821 0.582083 0.582068 0.582055 0.582045 0.582037 0.582031 0.582028 0.582027 0.58203 0.582034 0.582042 0.582051 0.582063 0.582078 0.582094 0.582112 0.582132 0.582154 0.582176 0.5822 0.582225 0.58225 0.582276 0.582301 0.582327 0.582351 0.582376 0.582399 0.582421 0.582441 0.58246 0.582477 0.582492 0.582505 0.582515 0.582524 0.582529 0.582532 0.582533 0.582531 0.582526 0.582519 0.582509 0.582498 
0.66155 0.66154 0.661527 0.661513 0.661497 0.66148 0.661461 0.661441 0.661421 0.6614 0.661378 0.661356 0.661335 0.661313 0.661292 0.661272 0.661253 0.661235 0.661218 0.661202 0.661189 0.661177 0.661167 0.661158 0.661152 0.661148 0.661147 0.661147 0.66115 0.661154 0.661161 0.66117 0.661181 0.661194 0.661208 0.661224 0.661241 0.66126 0.66128 0.6613 0.661321 0.661343 0.661364 0.661386 0.661407 0.661428 0.661448 0.661467 0.661485 0.661502 0.661517 0.661531 0.661543 0.661553 0.661561 0.661568 0.661571 0.661573 0.661573 0.66157 0.661566 0.661559 
0.732272 0.732267 0.732261 0.732253 0.732245 0.732234 0.732223 0.73221 0.732196 0.732181 0.732166 0.73215 0.732134 0.732118 0.732102 0.732086 0.73207 0.732054 0.73204 0.732026 0.732013 0.732001 0.73199 0.731981 0.731973 0.731966 0.731961 0.731958 0.731956 0.731956 0.731957 0.73196 0.731965 0.731971 0.731979 0.731988 0.731998 0.73201 0.732022 0.732036 0.732051 0.732066 0.732081 0.732097 0.732114 0.73213 0.732146 0.732162 0.732177 0.732192 0.732205 0.732218 0.73223 0.732241 0.73225 0.732258 0.732265 0.73227 0.732274 0.732276 0.732276 0.732274 
0.794647 0.794649 0.79465 0.79465 0.794649 0.794647 0.794643 0.794639 0.794634 0.794628 0.79462 0.794613 0.794604 0.794595 0.794586 0.794576 0.794566 0.794555 0.794545 0.794535 0.794524 0.794514 0.794505 0.794495 0.794486 0.794478 0.794471 0.794464 0.794458 0.794453 0.794449 0.794447 0.794445 0.794444 0.794444 0.794445 0.794447 0.794451 0.794455 0.79446 0.794466 0.794473 0.794481 0.794489 0.794498 0.794508 0.794518 0.794528 0.794538 0.794548 0.794559 0.794569 0.794579 0.794589 0.794598 0.794607 0.794615 0.794622 0.794629 0.794635 0.79464 0.794644 
0.848679 0.848687 0.848696 0.848704 0.848711 0.848718 0.848724 0.84873 0.848734 0.848738 0.848741 0.848743 0.848744 0.848744 0.848743 0.848741 0.848739 0.848735 0.848731 0.848726 0.84872 0.848714 0.848707 0.848699 0.848691 0.848682 0.848673 0.848664 0.848655 0.848646 0.848637 0.848628 0.848619 0.848611 0.848603 0.848596 0.848589 0.848583 0.848578 0.848573 0.84857 0.848567 0.848565 0.848564 0.848563 0.848564 0.848566 0.848568 0.848572 0.848576 0.848581 0.848587 0.848594 0.848601 0.848608 0.848616 0.848625 0.848634 0.848643 0.848652 0.848661 0.84867 
0.894373 0.894388 0.894404 0.89442 0.894436 0.894452 0.894468 0.894483 0.894498 0.894513 0.894527 0.894539 0.894551 0.894561 0.89457 0.894578 0.894585 0.89459 0.894593 0.894594 0.894595 0.894593 0.89459 0.894585 0.894579 0.894571 0.894562 0.894551 0.89454 0.894527 0.894514 0.894499 0.894484 0.894469 0.894453 0.894437 0.894421 0.894405 0.894389 0.894374 0.89436 0.894346 0.894334 0.894322 0.894312 0.894302 0.894295 0.894288 0.894283 0.89428 0.894279 0.894278 0.89428 0.894283 0.894288 0.894294 0.894302 0.894311 0.894321 0.894333 0.894345 0.894359 
0.931738 0.931759 0.931781 0.931804 0.931828 0.931853 0.931879 0.931905 0.93193 0.931955 0.93198 0.932003 0.932026 0.932047 0.932066 0.932084 0.9321 0.932114 0.932125 0.932135 0.932141 0.932145 0.932147 0.932146 0.932142 0.932136 0.932128 0.932117 0.932103 0.932088 0.932071 0.932052 0.932031 0.932009 0.931985 0.931961 0.931936 0.931911 0.931885 0.93186 0.931835 0.931811 0.931787 0.931765 0.931744 0.931724 0.931706 0.93169 0.931677 0.931665 0.931656 0.931649 0.931645 0.931644 0.931645 0.931648 0.931654 0.931663 0.931674 0.931687 0.931702 0.931719 
0.960784 0.960809 0.960837 0.960866 0.960898 0.96093 0.960964 0.960999 0.961034 0.961069 0.961103 0.961137 0.961169 0.9612 0.961229 0.961257 0.961281 0.961304 0.961323 0.96134 0.961353 0.961363 0.961369 0.961372 0.961372 0.961368 0.96136 0.961349 0.961335 0.961318 0.961298 0.961275 0.961249 0.961221 0.961192 0.96116 0.961128 0.961094 0.96106 0.961025 0.96099 0.960956 0.960922 0.96089 0.960859 0.96083 0.960803 0.960778 0.960756 0.960736 0.96072 0.960707 0.960697 0.96069 0.960687 0.960688 0.960692 0.960699 0.96071 0.960724 0.960741 0.960761 
0.981521 0.98155 0.981582 0.981617 0.981653 0.981692 0.981732 0.981774 0.981816 0.981859 0.981901 0.981943 0.981984 0.982023 0.98206 0.982095 0.982127 0.982157 0.982183 0.982205 0.982224 0.982239 0.98225 0.982256 0.982259 0.982257 0.98225 0.98224 0.982225 0.982207 0.982185 0.982159 0.98213 0.982098 0.982063 0.982026 0.981987 0.981947 0.981906 0.981863 0.981821 0.981779 0.981737 0.981697 0.981658 0.981621 0.981586 0.981554 0.981525 0.981498 0.981476 0.981457 0.981442 0.981431 0.981425 0.981422 0.981424 0.981431 0.981441 0.981455 0.981474 0.981496 
0.993959 0.99399 0.994025 0.994062 0.994103 0.994145 0.99419 0.994236 0.994283 0.994331 0.994378 0.994425 0.994471 0.994515 0.994558 0.994598 0.994635 0.994669 0.9947 0.994726 0.994749 0.994767 0.994781 0.99479 0.994794 0.994794 0.994788 0.994778 0.994764 0.994745 0.994721 0.994694 0.994663 0.994628 0.99459 0.99455 0.994507 0.994463 0.994417 0.99437 0.994322 0.994275 0.994228 0.994183 0.994138 0.994096 0.994056 0.994019 0.993985 0.993955 0.993928 0.993905 0.993887 0.993873 0.993864 0.99386 0.993861 0.993866 0.993876 0.99389 0.993909 0.993932 
0.998105 0.998137 0.998172 0.998211 0.998252 0.998296 0.998342 0.99839 0.998438 0.998488 0.998537 0.998586 0.998634 0.99868 0.998724 0.998766 0.998805 0.998841 0.998873 0.998901 0.998925 0.998944 0.998959 0.998969 0.998974 0.998974 0.998969 0.998959 0.998945 0.998926 0.998902 0.998874 0.998842 0.998806 0.998768 0.998726 0.998682 0.998636 0.998588 0.99854 0.998491 0.998442 0.998393 0.998345 0.998299 0.998255 0.998214 0.998175 0.998139 0.998107 0.998079 0.998055 0.998036 0.998021 0.998011 0.998006 0.998006 0.99801 0.99802 0.998035 0.998054 0.998077 
0.993959 0.99399 0.994025 0.994062 0.994103 0.994145 0.99419 0.994236 0.994283 0.994331 0.994378 0.994425 0.994471 0.994516 0.994558 0.994598 0.994635 0.994669 0.9947 0.994727 0.994749 0.994768 0.994781 0.994791 0.994795 0.994795 0.994789 0.994779 0.994765 0.994746 0.994722 0.994695 0.994664 0.994629 0.994592 0.994551 0.994508 0.994464 0.994418 0.994371 0.994324 0.994276 0.99423 0.994184 0.99414 0.994097 0.994057 0.99402 0.993986 0.993955 0.993929 0.993906 0.993888 0.993874 0.993865 0.99386 0.993861 0.993866 0.993876 0.99389 0.993909 0.993932 
0.981521 0.98155 0.981582 0.981617 0.981653 0.981692 0.981733 0.981774 0.981817 0.981859 0.981902 0.981943 0.981984 0.982023 0.982061 0.982096 0.982128 0.982157 0.982184 0.982206 0.982225 0.98224 0.982251 0.982258 0.98226 0.982258 0.982252 0.982242 0.982227 0.982209 0.982187 0.982161 0.982132 0.9821 0.982065 0.982029 0.98199 0.981949 0.981908 0.981866 0.981823 0.981781 0.981739 0.981699 0.98166 0.981623 0.981588 0.981555 0.981526 0.9815 0.981477 0.981458 0.981443 0.981432 0.981426 0.981423 0.981425 0.981431 0.981441 0.981456 0.981474 0.981496 
0.960784 0.960809 0.960837 0.960867 0.960898 0.960931 0.960965 0.960999 0.961034 0.961069 0.961104 0.961137 0.96117 0.961201 0.961231 0.961258 0.961283 0.961305 0.961325 0.961341 0.961355 0.961365 0.961371 0.961375 0.961374 0.96137 0.961363 0.961352 0.961338 0.961321 0.961301 0.961278 0.961252 0.961224 0.961195 0.961163 0.96113 0.961097 0.961062 0.961027 0.960993 0.960958 0.960925 0.960892 0.960861 0.960832 0.960805 0.96078 0.960757 0.960738 0.960721 0.960708 0.960698 0.960691 0.960688 0.960688 0.960692 0.960699 0.96071 0.960724 0.960741 0.960761 
0.931739 0.93176 0.931782 0.931805 0.931829 0.931855 0.93188 0.931906 0.931932 0.931957 0.931981 0.932005 0.932028 0.932049 0.932069 0.932087 0.932103 0.932117 0.932128 0.932137 0.932144 0.932148 0.93215 0.932149 0.932145 0.932139 0.932131 0.93212 0.932107 0.932091 0.932074 0.932055 0.932034 0.932011 0.931988 0.931964 0.931939 0.931913 0.931888 0.931862 0.931837 0.931812 0.931789 0.931766 0.931745 0.931725 0.931707 0.931691 0.931678 0.931666 0.931657 0.93165 0.931646 0.931644 0.931645 0.931648 0.931655 0.931663 0.931674 0.931687 0.931702 0.93172 
0.894374 0.89439 0.894405 0.894421 0.894437 0.894454 0.89447 0.894486 0.894501 0.894516 0.89453 0.894542 0.894554 0.894565 0.894574 0.894582 0.894588 0.894593 0.894597 0.894598 0.894598 0.894597 0.894593 0.894589 0.894582 0.894574 0.894565 0.894555 0.894543 0.89453 0.894516 0.894502 0.894486 0.894471 0.894455 0.894439 0.894422 0.894406 0.894391 0.894375 0.894361 0.894347 0.894334 0.894322 0.894312 0.894302 0.894295 0.894288 0.894283 0.89428 0.894278 0.894278 0.89428 0.894283 0.894288 0.894294 0.894302 0.894311 0.894322 0.894333 0.894346 0.89436 
0.848681 0.84869 0.848698 0.848706 0.848714 0.848721 0.848728 0.848734 0.848738 0.848742 0.848745 0.848747 0.848749 0.848749 0.848748 0.848747 0.848744 0.84874 0.848736 0.848731 0.848725 0.848718 0.848711 0.848703 0.848695 0.848686 0.848677 0.848667 0.848658 0.848648 0.848639 0.84863 0.848621 0.848612 0.848604 0.848596 0.848589 0.848583 0.848577 0.848572 0.848568 0.848565 0.848563 0.848562 0.848562 0.848562 0.848564 0.848567 0.84857 0.848574 0.84858 0.848586 0.848592 0.8486 0.848607 0.848616 0.848625 0.848634 0.848643 0.848652 0.848662 0.848671 
0.79465 0.794652 0.794654 0.794654 0.794653 0.794652 0.794649 0.794645 0.79464 0.794634 0.794627 0.794619 0.794611 0.794602 0.794592 0.794582 0.794572 0.794562 0.794551 0.79454 0.79453 0.794519 0.794509 0.794499 0.79449 0.794482 0.794474 0.794466 0.79446 0.794455 0.79445 0.794447 0.794444 0.794443 0.794443 0.794443 0.794445 0.794448 0.794452 0.794457 0.794463 0.79447 0.794477 0.794486 0.794495 0.794504 0.794514 0.794524 0.794535 0.794545 0.794556 0.794567 0.794577 0.794587 0.794597 0.794606 0.794615 0.794623 0.79463 0.794636 0.794641 0.794646 
0.732275 0.732272 0.732266 0.732259 0.732251 0.732241 0.732229 0.732217 0.732203 0.732189 0.732174 0.732158 0.732142 0.732126 0.732109 0.732093 0.732077 0.732061 0.732046 0.732032 0.732018 0.732006 0.731995 0.731985 0.731976 0.731969 0.731963 0.731959 0.731956 0.731955 0.731956 0.731958 0.731962 0.731968 0.731975 0.731984 0.731994 0.732005 0.732017 0.732031 0.732045 0.73206 0.732076 0.732092 0.732108 0.732124 0.732141 0.732157 0.732172 0.732187 0.732202 0.732215 0.732228 0.732239 0.732249 0.732258 0.732265 0.732271 0.732275 0.732277 0.732278 0.732278 
0.661556 0.661546 0.661534 0.66152 0.661505 0.661488 0.661469 0.66145 0.66143 0.661409 0.661387 0.661365 0.661343 0.661322 0.661301 0.66128 0.661261 0.661242 0.661224 0.661208 0.661194 0.661181 0.66117 0.661161 0.661155 0.66115 0.661147 0.661147 0.661149 0.661152 0.661159 0.661167 0.661177 0.661189 0.661203 0.661218 0.661235 0.661253 0.661273 0.661293 0.661314 0.661335 0.661357 0.661378 0.6614 0.661421 0.661442 0.661461 0.66148 0.661497 0.661513 0.661528 0.66154 0.661551 0.66156 0.661567 0.661572 0.661575 0.661575 0.661573 0.661569 0.661564 
0.58249 0.582475 0.582457 0.582438 0.582417 0.582394 0.582371 0.582346 0.582321 0.582295 0.582269 0.582244 0.582218 0.582194 0.58217 0.582148 0.582127 0.582107 0.582089 0.582073 0.58206 0.582048 0.582039 0.582033 0.582029 0.582027 0.582029 0.582032 0.582039 0.582048 0.582059 0.582072 0.582088 0.582105 0.582125 0.582146 0.582168 0.582192 0.582216 0.582241 0.582267 0.582292 0.582318 0.582343 0.582368 0.582391 0.582414 0.582435 0.582454 0.582472 0.582488 0.582502 0.582513 0.582522 0.582529 0.582533 0.582534 0.582533 0.582529 0.582523 0.582514 0.582503 
0.495081 0.495061 0.495039 0.495015 0.49499 0.494963 0.494936 0.494908 0.494879 0.494851 0.494823 0.494795 0.494769 0.494743 0.494719 0.494696 0.494676 0.494657 0.494641 0.494627 0.494616 0.494607 0.494601 0.494598 0.494598 0.4946 0.494606 0.494614 0.494625 0.494638 0.494654 0.494673 0.494693 0.494715 0.494739 0.494764 0.494791 0.494818 0.494846 0.494874 0.494902 0.49493 0.494958 0.494984 0.49501 0.495034 0.495056 0.495077 0.495096 0.495112 0.495126 0.495137 0.495146 0.495152 0.495155 0.495155 0.495153 0.495147 0.495139 0.495128 0.495115 0.495099 
0.399332 0.399307 0.399282 0.399254 0.399226 0.399197 0.399168 0.399138 0.399108 0.399079 0.39905 0.399023 0.398997 0.398972 0.398949 0.398928 0.39891 0.398894 0.39888 0.39887 0.398862 0.398857 0.398855 0.398856 0.39886 0.398867 0.398877 0.398889 0.398905 0.398923 0.398943 0.398965 0.398989 0.399015 0.399042 0.39907 0.399099 0.399129 0.399158 0.399188 0.399217 0.399245 0.399273 0.399299 0.399324 0.399346 0.399367 0.399386 0.399402 0.399415 0.399426 0.399434 0.399439 0.399441 0.39944 0.399436 0.399429 0.399419 0.399406 0.399391 0.399373 0.399353 
0.295247 0.29522 0.295192 0.295163 0.295133 0.295103 0.295073 0.295043 0.295013 0.294985 0.294957 0.294931 0.294907 0.294885 0.294865 0.294847 0.294832 0.29482 0.29481 0.294804 0.2948 0.2948 0.294803 0.294808 0.294817 0.294828 0.294843 0.29486 0.294879 0.294901 0.294924 0.29495 0.294976 0.295005 0.295034 0.295064 0.295094 0.295124 0.295154 0.295183 0.295212 0.295239 0.295265 0.295289 0.295311 0.295331 0.295349 0.295364 0.295376 0.295386 0.295392 0.295396 0.295396 0.295394 0.295388 0.295379 0.295368 0.295354 0.295337 0.295318 0.295296 0.295273 
0.182872 0.182845 0.182816 0.182788 0.182759 0.18273 0.182702 0.182674 0.182648 0.182622 0.182598 0.182576 0.182556 0.182538 0.182522 0.182509 0.182499 0.182491 0.182486 0.182484 0.182486 0.182489 0.182496 0.182506 0.182518 0.182533 0.182551 0.18257 0.182592 0.182615 0.18264 0.182666 0.182694 0.182722 0.182751 0.18278 0.182808 0.182837 0.182864 0.182891 0.182916 0.18294 0.182962 0.182983 0.183 0.183016 0.183029 0.18304 0.183047 0.183052 0.183054 0.183053 0.183049 0.183042 0.183033 0.18302 0.183005 0.182988 0.182969 0.182947 0.182924 0.182899 
0.0626302 0.0626123 0.0625941 0.0625758 0.0625574 0.0625393 0.0625217 0.0625047 0.0624885 0.0624733 0.0624593 0.0624466 0.0624353 0.0624255 0.0624174 0.062411 0.0624064 0.0624037 0.0624028 0.0624038 0.0624067 0.0624114 0.0624178 0.062426 0.0624359 0.0624472 0.06246 0.0624741 0.0624893 0.0625055 0.0625225 0.0625402 0.0625583 0.0625767 0.0625952 0.0626136 0.0626317 0.0626494 0.0626663 0.0626825 0.0626976 0.0627116 0.0627243 0.0627356 0.0627454 0.0627535 0.0627598 0.0627644 0.0627672 0.0627681 0.0627671 0.0627643 0.0627596 0.0627532 0.062745 0.0627352 0.0627238 0.0627111 0.062697 0.0626817 0.0626655 0.0626481 
