0.0555987 0.055599 0.0555995 0.0556001 0.0556009 0.0556018 0.0556028 0.055604 0.0556053 0.0556067 0.0556083 0.0556099 0.0556115 0.0556132 0.055615 0.0556167 0.0556184 0.0556201 0.0556218 0.0556234 0.0556249 0.0556263 0.0556276 0.0556287 0.0556298 0.0556307 0.0556314 0.055632 0.0556324 0.0556327 0.0556327 0.0556326 0.0556323 0.0556319 0.0556312 0.0556304 0.0556295 0.0556284 0.0556272 0.0556259 0.0556244 0.0556229 0.0556213 0.0556197 0.055618 0.0556162 0.0556145 0.0556128 0.0556111 0.0556095 0.0556079 0.0556064 0.055605 0.0556037 0.0556025 0.0556015 0.0556006 0.0555999 0.0555993 0.0555989 0.0555987 0.0555987 
0.165569 0.165568 0.165567 0.165566 0.165566 0.165566 0.165567 0.165567 0.165569 0.165571 0.165573 0.165575 0.165578 0.165581 0.165585 0.165588 0.165592 0.165596 0.1656 0.165604 0.165609 0.165613 0.165617 0.165621 0.165625 0.165628 0.165632 0.165635 0.165638 0.16564 0.165642 0.165644 0.165646 0.165647 0.165647 0.165647 0.165647 0.165647 0.165646 0.165644 0.165642 0.16564 0.165637 0.165635 0.165631 0.165628 0.165624 0.165621 0.165617 0.165613 0.165608 0.165604 0.1656 0.165596 0.165592 0.165588 0.165585 0.165581 0.165578 0.165575 0.165573 0.165571 
0.272036 0.27203 0.272024 0.272019 0.272014 0.272009 0.272004 0.272 0.271997 0.271994 0.271992 0.27199 0.271989 0.271988 0.271989 0.271989 0.271991 0.271993 0.271995 0.271999 0.272002 0.272007 0.272011 0.272016 0.272022 0.272027 0.272033 0.272039 0.272045 0.272052 0.272058 0.272064 0.27207 0.272076 0.272081 0.272086 0.272091 0.272095 0.272099 0.272103 0.272105 0.272108 0.272109 0.27211 0.272111 0.272111 0.27211 0.272108 0.272106 0.272104 0.2721 0.272097 0.272092 0.272088 0.272083 0.272077 0.272072 0.272066 0.27206 0.272054 0.272047 0.272041 
0.373153 0.373147 0.373139 0.373131 0.373123 0.373114 0.373105 0.373096 0.373086 0.373077 0.373067 0.373058 0.373049 0.373041 0.373032 0.373025 0.373018 0.373012 0.373006 0.373001 0.372998 0.372995 0.372993 0.372992 0.372992 0.372992 0.372994 0.372997 0.373001 0.373005 0.373011 0.373017 0.373024 0.373031 0.373039 0.373048 0.373057 0.373066 0.373075 0.373084 0.373094 0.373103 0.373112 0.373121 0.37313 0.373138 0.373145 0.373152 0.373158 0.373164 0.373168 0.373172 0.373175 0.373177 0.373178 0.373178 0.373177 0.373175 0.373172 0.373169 0.373164 0.373159 
0.467544 0.467547 0.467548 0.467547 0.467545 0.467542 0.467537 0.467531 0.467524 0.467515 0.467506 0.467495 0.467483 0.467471 0.467458 0.467444 0.46743 0.467416 0.467401 0.467387 0.467373 0.467359 0.467346 0.467333 0.467321 0.46731 0.4673 0.467291 0.467283 0.467276 0.467271 0.467268 0.467265 0.467264 0.467265 0.467267 0.46727 0.467275 0.467281 0.467289 0.467298 0.467307 0.467318 0.46733 0.467342 0.467355 0.467369 0.467383 0.467397 0.467412 0.467426 0.46744 0.467454 0.467467 0.46748 0.467491 0.467502 0.467512 0.467521 0.467529 0.467535 0.46754 
0.554301 0.554318 0.554334 0.554349 0.554363 0.554375 0.554385 0.554393 0.5544 0.554404 0.554407 0.554407 0.554405 0.554402 0.554396 0.554389 0.554379 0.554368 0.554355 0.55434 0.554325 0.554308 0.55429 0.554271 0.554251 0.554231 0.554211 0.55419 0.55417 0.554151 0.554132 0.554113 0.554096 0.55408 0.554065 0.554051 0.55404 0.55403 0.554021 0.554015 0.554011 0.554008 0.554008 0.55401 0.554014 0.55402 0.554028 0.554037 0.554049 0.554062 0.554076 0.554092 0.554109 0.554127 0.554146 0.554165 0.554185 0.554205 0.554225 0.554245 0.554265 0.554283 
0.632978 0.633003 0.633029 0.633054 0.63308 0.633105 0.63313 0.633154 0.633177 0.633199 0.633219 0.633237 0.633254 0.633268 0.633281 0.63329 0.633298 0.633303 0.633305 0.633304 0.633301 0.633296 0.633287 0.633277 0.633264 0.633249 0.633231 0.633212 0.633192 0.633169 0.633146 0.633121 0.633096 0.63307 0.633045 0.633019 0.632993 0.632968 0.632944 0.632921 0.6329 0.63288 0.632861 0.632845 0.632831 0.632819 0.632809 0.632802 0.632797 0.632795 0.632796 0.632799 0.632805 0.632813 0.632824 0.632837 0.632853 0.63287 0.632889 0.63291 0.632932 0.632955 
0.703474 0.703492 0.703512 0.703534 0.703558 0.703583 0.70361 0.703639 0.703667 0.703697 0.703727 0.703756 0.703786 0.703814 0.703842 0.703868 0.703893 0.703916 0.703937 0.703956 0.703973 0.703986 0.703997 0.704006 0.704011 0.704013 0.704012 0.704009 0.704002 0.703992 0.70398 0.703965 0.703947 0.703927 0.703905 0.70388 0.703855 0.703827 0.703799 0.70377 0.70374 0.70371 0.703681 0.703651 0.703623 0.703595 0.703568 0.703544 0.703521 0.7035 0.703481 0.703465 0.703451 0.70344 0.703432 0.703427 0.703425 0.703426 0.70343 0.703437 0.703447 0.703459 
0.765816 0.765816 0.765819 0.765825 0.765834 0.765846 0.765861 0.765878 0.765898 0.76592 0.765945 0.765971 0.765999 0.766027 0.766057 0.766088 0.766119 0.76615 0.76618 0.76621 0.76624 0.766267 0.766294 0.766319 0.766341 0.766362 0.76638 0.766395 0.766407 0.766417 0.766424 0.766427 0.766427 0.766424 0.766418 0.766409 0.766397 0.766382 0.766365 0.766345 0.766322 0.766298 0.766272 0.766244 0.766215 0.766185 0.766154 0.766123 0.766092 0.766061 0.766031 0.766002 0.765974 0.765947 0.765923 0.7659 0.76588 0.765862 0.765847 0.765835 0.765825 0.765819 
0.819994 0.819977 0.819963 0.819952 0.819943 0.819937 0.819934 0.819934 0.819937 0.819942 0.819951 0.819962 0.819976 0.819993 0.820011 0.820032 0.820055 0.82008 0.820106 0.820133 0.820161 0.820189 0.820218 0.820247 0.820276 0.820304 0.820331 0.820357 0.820381 0.820404 0.820426 0.820445 0.820461 0.820475 0.820487 0.820496 0.820502 0.820505 0.820505 0.820502 0.820497 0.820488 0.820477 0.820463 0.820446 0.820427 0.820406 0.820383 0.820359 0.820333 0.820305 0.820277 0.820249 0.820219 0.82019 0.820162 0.820134 0.820106 0.82008 0.820056 0.820033 0.820012 
0.865929 0.865906 0.865885 0.865864 0.865845 0.865827 0.865811 0.865798 0.865786 0.865776 0.865769 0.865764 0.865761 0.865761 0.865763 0.865768 0.865775 0.865785 0.865797 0.86581 0.865826 0.865844 0.865863 0.865883 0.865905 0.865927 0.865951 0.865975 0.865999 0.866023 0.866047 0.86607 0.866093 0.866115 0.866135 0.866154 0.866172 0.866188 0.866202 0.866214 0.866223 0.866231 0.866236 0.866238 0.866238 0.866236 0.866231 0.866224 0.866215 0.866203 0.866189 0.866173 0.866156 0.866136 0.866116 0.866094 0.866071 0.866048 0.866024 0.866 0.865976 0.865952 
0.90353 0.903512 0.903494 0.903475 0.903457 0.903438 0.903419 0.903401 0.903384 0.903367 0.903351 0.903336 0.903323 0.903311 0.9033 0.903291 0.903284 0.903279 0.903275 0.903273 0.903273 0.903275 0.903279 0.903285 0.903293 0.903302 0.903313 0.903325 0.903339 0.903354 0.90337 0.903386 0.903404 0.903422 0.903441 0.903459 0.903478 0.903496 0.903514 0.903532 0.903549 0.903564 0.903579 0.903593 0.903605 0.903615 0.903624 0.903632 0.903637 0.903641 0.903642 0.903642 0.90364 0.903636 0.90363 0.903623 0.903614 0.903603 0.90359 0.903577 0.903562 0.903546 
0.932745 0.932739 0.932732 0.932723 0.932712 0.932701 0.932688 0.932674 0.93266 0.932644 0.932629 0.932613 0.932596 0.93258 0.932563 0.932548 0.932532 0.932517 0.932503 0.93249 0.932478 0.932467 0.932457 0.932449 0.932442 0.932437 0.932433 0.932431 0.932431 0.932432 0.932435 0.93244 0.932446 0.932454 0.932463 0.932473 0.932484 0.932497 0.932511 0.932525 0.932541 0.932556 0.932572 0.932589 0.932605 0.932621 0.932637 0.932653 0.932668 0.932682 0.932695 0.932707 0.932718 0.932728 0.932736 0.932743 0.932748 0.932752 0.932754 0.932754 0.932753 0.93275 
0.953579 0.953585 0.953589 0.953591 0.953591 0.953589 0.953586 0.95358 0.953573 0.953564 0.953553 0.953541 0.953527 0.953512 0.953496 0.953479 0.953461 0.953443 0.953424 0.953405 0.953386 0.953367 0.953349 0.953331 0.953313 0.953297 0.953282 0.953268 0.953255 0.953244 0.953235 0.953227 0.953221 0.953217 0.953215 0.953215 0.953217 0.953221 0.953226 0.953233 0.953243 0.953253 0.953266 0.953279 0.953294 0.95331 0.953327 0.953345 0.953364 0.953382 0.953401 0.953421 0.953439 0.953458 0.953476 0.953493 0.953509 0.953525 0.953538 0.953551 0.953562 0.953571 
0.966061 0.966075 0.966087 0.966098 0.966106 0.966112 0.966116 0.966118 0.966117 0.966114 0.966108 0.966101 0.966091 0.966079 0.966065 0.966049 0.966032 0.966013 0.965993 0.965972 0.96595 0.965927 0.965904 0.965881 0.965858 0.965835 0.965813 0.965792 0.965771 0.965752 0.965735 0.965718 0.965704 0.965691 0.965681 0.965673 0.965667 0.965663 0.965661 0.965662 0.965666 0.965671 0.965679 0.965689 0.965701 0.965715 0.965731 0.965748 0.965767 0.965787 0.965808 0.96583 0.965853 0.965876 0.965899 0.965922 0.965944 0.965967 0.965988 0.966008 0.966027 0.966045 
0.970222 0.97024 0.970255 0.970269 0.97028 0.970289 0.970295 0.9703 0.970301 0.9703 0.970297 0.970291 0.970282 0.970271 0.970258 0.970243 0.970226 0.970207 0.970186 0.970164 0.970141 0.970117 0.970092 0.970067 0.970042 0.970016 0.969991 0.969967 0.969944 0.969922 0.969901 0.969881 0.969864 0.969848 0.969835 0.969823 0.969814 0.969808 0.969804 0.969803 0.969804 0.969807 0.969814 0.969822 0.969833 0.969846 0.969862 0.969879 0.969898 0.969919 0.969941 0.969964 0.969988 0.970013 0.970038 0.970063 0.970088 0.970113 0.970137 0.970161 0.970183 0.970203 
0.966077 0.966092 0.966105 0.966115 0.966123 0.966129 0.966133 0.966134 0.966132 0.966128 0.966122 0.966113 0.966102 0.966088 0.966073 0.966056 0.966037 0.966016 0.965995 0.965972 0.965948 0.965924 0.965899 0.965874 0.96585 0.965826 0.965802 0.96578 0.965758 0.965738 0.965719 0.965703 0.965688 0.965675 0.965665 0.965656 0.965651 0.965647 0.965646 0.965648 0.965652 0.965659 0.965668 0.965679 0.965692 0.965708 0.965725 0.965744 0.965765 0.965787 0.965809 0.965833 0.965857 0.965882 0.965907 0.965931 0.965955 0.965979 0.966001 0.966023 0.966043 0.966061 
0.953615 0.953621 0.953625 0.953627 0.953627 0.953624 0.953619 0.953612 0.953602 0.953591 0.953578 0.953563 0.953546 0.953528 0.953508 0.953488 0.953466 0.953444 0.953422 0.953399 0.953377 0.953354 0.953333 0.953311 0.953291 0.953272 0.953255 0.953239 0.953224 0.953212 0.953201 0.953193 0.953187 0.953183 0.953181 0.953181 0.953184 0.953189 0.953197 0.953206 0.953217 0.953231 0.953246 0.953263 0.953281 0.9533 0.953321 0.953342 0.953364 0.953387 0.95341 0.953432 0.953454 0.953476 0.953497 0.953517 0.953536 0.953554 0.95357 0.953584 0.953597 0.953607 
0.932804 0.932797 0.932789 0.932778 0.932765 0.93275 0.932734 0.932717 0.932698 0.932678 0.932657 0.932636 0.932614 0.932592 0.93257 0.932548 0.932527 0.932506 0.932486 0.932468 0.93245 0.932434 0.93242 0.932408 0.932397 0.932389 0.932382 0.932378 0.932376 0.932376 0.932379 0.932384 0.93239 0.932399 0.93241 0.932423 0.932438 0.932454 0.932472 0.93249 0.93251 0.932531 0.932552 0.932574 0.932596 0.932618 0.93264 0.932661 0.932682 0.932702 0.93272 0.932738 0.932754 0.932768 0.93278 0.932791 0.932799 0.932805 0.93281 0.932812 0.932811 0.932809 
0.903607 0.903586 0.903563 0.90354 0.903516 0.903491 0.903466 0.903441 0.903415 0.903391 0.903367 0.903344 0.903322 0.903302 0.903283 0.903266 0.903251 0.903239 0.903228 0.90322 0.903214 0.903211 0.903211 0.903213 0.903217 0.903224 0.903234 0.903245 0.903259 0.903275 0.903293 0.903313 0.903334 0.903356 0.90338 0.903404 0.903429 0.903454 0.903479 0.903504 0.903529 0.903552 0.903575 0.903597 0.903617 0.903636 0.903653 0.903668 0.90368 0.903691 0.903699 0.903705 0.903708 0.903708 0.903706 0.903702 0.903695 0.903685 0.903673 0.903659 0.903643 0.903626 
0.866006 0.865975 0.865945 0.865916 0.865887 0.865859 0.865833 0.865809 0.865786 0.865766 0.865748 0.865733 0.86572 0.865711 0.865704 0.865701 0.8657 0.865703 0.865709 0.865718 0.865729 0.865744 0.865761 0.86578 0.865802 0.865826 0.865852 0.865879 0.865908 0.865937 0.865967 0.865998 0.866028 0.866058 0.866088 0.866117 0.866144 0.86617 0.866195 0.866217 0.866237 0.866255 0.86627 0.866282 0.866292 0.866299 0.866302 0.866302 0.8663 0.866294 0.866285 0.866273 0.866259 0.866242 0.866222 0.8662 0.866176 0.86615 0.866123 0.866095 0.866065 0.866035 
0.820036 0.820007 0.819981 0.819957 0.819936 0.819917 0.819902 0.81989 0.819882 0.819877 0.819875 0.819877 0.819883 0.819892 0.819904 0.81992 0.819938 0.81996 0.819984 0.820011 0.82004 0.820071 0.820103 0.820137 0.820171 0.820206 0.820241 0.820276 0.82031 0.820344 0.820376 0.820406 0.820435 0.820461 0.820485 0.820507 0.820525 0.82054 0.820552 0.820561 0.820566 0.820567 0.820565 0.82056 0.820551 0.820538 0.820522 0.820503 0.820482 0.820457 0.82043 0.820401 0.82037 0.820338 0.820304 0.82027 0.820235 0.8202 0.820165 0.820131 0.820097 0.820066 
0.765789 0.765776 0.765766 0.76576 0.765758 0.765759 0.765764 0.765773 0.765785 0.765801 0.76582 0.765842 0.765867 0.765895 0.765925 0.765957 0.76599 0.766025 0.766062 0.766098 0.766135 0.766172 0.766209 0.766244 0.766278 0.766311 0.766342 0.76637 0.766396 0.766419 0.766439 0.766456 0.76647 0.76648 0.766486 0.766488 0.766487 0.766482 0.766473 0.766461 0.766445 0.766426 0.766404 0.766378 0.766351 0.76632 0.766288 0.766254 0.766219 0.766183 0.766146 0.766109 0.766072 0.766035 0.766 0.765966 0.765933 0.765903 0.765874 0.765849 0.765826 0.765806 
0.703376 0.703384 0.703397 0.703412 0.703431 0.703453 0.703477 0.703504 0.703533 0.703564 0.703597 0.703631 0.703666 0.703701 0.703737 0.703772 0.703807 0.703841 0.703874 0.703905 0.703935 0.703962 0.703987 0.704008 0.704028 0.704043 0.704056 0.704065 0.704071 0.704073 0.704071 0.704066 0.704057 0.704044 0.704029 0.70401 0.703988 0.703964 0.703936 0.703907 0.703876 0.703843 0.703809 0.703774 0.703738 0.703703 0.703667 0.703632 0.703598 0.703565 0.703534 0.703505 0.703478 0.703453 0.703431 0.703412 0.703397 0.703385 0.703376 0.70337 0.703369 0.70337 
0.632852 0.632877 0.632903 0.632931 0.632961 0.632991 0.633022 0.633053 0.633085 0.633116 0.633146 0.633175 0.633203 0.63323 0.633254 0.633277 0.633297 0.633315 0.63333 0.633342 0.633351 0.633357 0.63336 0.63336 0.633357 0.63335 0.63334 0.633328 0.633312 0.633294 0.633273 0.63325 0.633225 0.633198 0.63317 0.63314 0.63311 0.633079 0.633047 0.633016 0.632985 0.632954 0.632925 0.632897 0.632871 0.632846 0.632824 0.632804 0.632786 0.632771 0.632759 0.63275 0.632745 0.632742 0.632743 0.632746 0.632753 0.632763 0.632776 0.632791 0.632809 0.63283 
0.554216 0.554241 0.554266 0.55429 0.554313 0.554335 0.554356 0.554375 0.554393 0.554408 0.554422 0.554434 0.554443 0.55445 0.554454 0.554456 0.554455 0.554452 0.554446 0.554438 0.554427 0.554414 0.554399 0.554382 0.554363 0.554343 0.554321 0.554298 0.554274 0.55425 0.554225 0.5542 0.554175 0.55415 0.554126 0.554103 0.55408 0.55406 0.55404 0.554023 0.554007 0.553994 0.553982 0.553973 0.553967 0.553963 0.553961 0.553962 0.553966 0.553972 0.55398 0.553991 0.554004 0.554019 0.554036 0.554055 0.554075 0.554097 0.55412 0.554143 0.554168 0.554192 
0.467539 0.467551 0.467561 0.467569 0.467576 0.467581 0.467584 0.467585 0.467585 0.467583 0.467579 0.467573 0.467565 0.467556 0.467545 0.467533 0.46752 0.467505 0.467489 0.467473 0.467456 0.467438 0.46742 0.467402 0.467384 0.467366 0.467348 0.467331 0.467315 0.4673 0.467286 0.467273 0.467262 0.467252 0.467244 0.467237 0.467232 0.467229 0.467228 0.467228 0.467231 0.467235 0.467241 0.467249 0.467258 0.467269 0.467281 0.467294 0.467309 0.467325 0.467341 0.467359 0.467376 0.467394 0.467412 0.46743 0.467448 0.467465 0.467482 0.467498 0.467513 0.467527 
0.373201 0.373199 0.373195 0.37319 0.373184 0.373178 0.37317 0.373161 0.373152 0.373142 0.373131 0.37312 0.373108 0.373096 0.373084 0.373073 0.373061 0.373049 0.373038 0.373027 0.373017 0.373008 0.372999 0.372992 0.372985 0.372979 0.372975 0.372971 0.372969 0.372968 0.372968 0.372969 0.372972 0.372976 0.37298 0.372986 0.372993 0.373001 0.37301 0.373019 0.37303 0.37304 0.373052 0.373063 0.373075 0.373087 0.373099 0.37311 0.373122 0.373133 0.373144 0.373154 0.373163 0.373171 0.373179 0.373186 0.373191 0.373196 0.373199 0.373201 0.373202 0.373202 
0.27208 0.272073 0.272066 0.272059 0.272051 0.272044 0.272036 0.272029 0.272022 0.272015 0.272009 0.272003 0.271998 0.271993 0.271988 0.271985 0.271981 0.271979 0.271977 0.271977 0.271976 0.271977 0.271978 0.271981 0.271983 0.271987 0.271991 0.271996 0.272001 0.272007 0.272013 0.27202 0.272027 0.272034 0.272042 0.272049 0.272056 0.272064 0.272071 0.272078 0.272085 0.272091 0.272097 0.272102 0.272107 0.272112 0.272115 0.272118 0.272121 0.272122 0.272123 0.272123 0.272122 0.272121 0.272119 0.272116 0.272112 0.272108 0.272103 0.272098 0.272092 0.272086 
0.165584 0.16558 0.165577 0.165573 0.16557 0.165568 0.165566 0.165564 0.165562 0.165561 0.165561 0.165561 0.165561 0.165562 0.165564 0.165566 0.165568 0.165571 0.165574 0.165577 0.165581 0.165585 0.165589 0.165593 0.165598 0.165602 0.165607 0.165612 0.165616 0.165621 0.165625 0.165629 0.165633 0.165637 0.16564 0.165643 0.165646 0.165648 0.16565 0.165651 0.165652 0.165652 0.165652 0.165652 0.165651 0.165649 0.165647 0.165645 0.165642 0.165639 0.165636 0.165632 0.165628 0.165624 0.16562 0.165615 0.165611 0.165606 0.165601 0.165597 0.165592 0.165588 
0.0555992 0.0555985 0.055598 0.0555976 0.0555973 0.0555973 0.0555975 0.0555978 0.0555983 0.055599 0.0555999 0.055601 0.0556022 0.0556036 0.055605 0.0556066 0.0556083 0.0556101 0.0556119 0.0556137 0.0556156 0.0556175 0.0556193 0.0556212 0.0556229 0.0556246 0.0556262 0.0556277 0.055629 0.0556303 0.0556313 0.0556322 0.055633 0.0556335 0.0556339 0.0556341 0.0556341 0.0556339 0.0556336 0.055633 0.0556323 0.0556313 0.0556303 0.0556291 0.0556277 0.0556262 0.0556246 0.0556229 0.0556212 0.0556194 0.0556175 0.0556156 0.0556138 0.0556119 0.0556101 0.0556083 0.0556067 0.0556051 0.0556036 0.0556023 0.0556012 0.0556001 
