0.0543047 0.0543041 0.0543034 0.0543028 0.0543021 0.0543013 0.0543006 0.0542999 0.0542991 0.0542984 0.0542977 0.0542971 0.0542964 0.0542958 0.0542953 0.0542948 0.0542944 0.054294 0.0542937 0.0542935 0.0542933 0.0542932 0.0542932 0.0542933 0.0542934 0.0542937 0.0542939 0.0542943 0.0542947 0.0542952 0.0542958 0.0542963 0.054297 0.0542976 0.0542983 0.0542991 0.0542998 0.0543005 0.0543013 0.054302 0.0543027 0.0543034 0.0543041 0.0543047 0.0543053 0.0543059 0.0543064 0.0543068 0.0543071 0.0543074 0.0543077 0.0543078 0.0543079 0.0543079 0.0543078 0.0543077 0.0543074 0.0543071 0.0543068 0.0543063 0.0543058 0.0543053 
0.161838 0.161837 0.161836 0.161834 0.161832 0.161831 0.161829 0.161827 0.161825 0.161823 0.161821 0.161819 0.161817 0.161815 0.161813 0.161811 0.161809 0.161807 0.161806 0.161805 0.161804 0.161803 0.161802 0.161801 0.161801 0.161801 0.161801 0.161801 0.161802 0.161802 0.161803 0.161804 0.161805 0.161807 0.161808 0.16181 0.161812 0.161814 0.161816 0.161818 0.16182 0.161822 0.161824 0.161826 0.161828 0.16183 0.161832 0.161834 0.161835 0.161837 0.161838 0.161839 0.16184 0.161841 0.161841 0.161842 0.161842 0.161842 0.161842 0.161841 0.16184 0.161839 
0.266245 0.266246 0.266246 0.266246 0.266246 0.266245 0.266244 0.266243 0.266242 0.26624 0.266238 0.266236 0.266233 0.266231 0.266228 0.266225 0.266222 0.266219 0.266216 0.266213 0.26621 0.266207 0.266204 0.266201 0.266198 0.266196 0.266193 0.266191 0.26619 0.266188 0.266187 0.266186 0.266185 0.266185 0.266185 0.266185 0.266186 0.266187 0.266188 0.266189 0.266191 0.266193 0.266195 0.266198 0.2662 0.266203 0.266206 0.266209 0.266212 0.266215 0.266219 0.266222 0.266225 0.266228 0.26623 0.266233 0.266236 0.266238 0.26624 0.266242 0.266243 0.266244 
0.365753 0.365757 0.365761 0.365764 0.365768 0.365771 0.365774 0.365777 0.365779 0.365781 0.365783 0.365784 0.365785 0.365785 0.365785 0.365785 0.365784 0.365783 0.365781 0.365779 0.365777 0.365774 0.365771 0.365768 0.365764 0.36576 0.365756 0.365752 0.365748 0.365744 0.365739 0.365735 0.365731 0.365727 0.365723 0.36572 0.365717 0.365714 0.365711 0.365708 0.365706 0.365705 0.365704 0.365703 0.365702 0.365703 0.365703 0.365704 0.365705 0.365707 0.365709 0.365712 0.365714 0.365717 0.365721 0.365724 0.365728 0.365732 0.365736 0.36574 0.365745 0.365749 
0.459029 0.459033 0.459037 0.459041 0.459046 0.459051 0.459056 0.459061 0.459067 0.459073 0.459079 0.459084 0.45909 0.459096 0.459101 0.459106 0.459111 0.459116 0.45912 0.459123 0.459127 0.459129 0.459131 0.459133 0.459134 0.459134 0.459134 0.459133 0.459132 0.45913 0.459128 0.459125 0.459121 0.459117 0.459113 0.459108 0.459103 0.459098 0.459092 0.459087 0.459081 0.459075 0.459069 0.459063 0.459058 0.459052 0.459047 0.459042 0.459038 0.459034 0.45903 0.459027 0.459025 0.459022 0.459021 0.45902 0.45902 0.45902 0.459021 0.459022 0.459024 0.459026 
0.545225 0.54522 0.545217 0.545214 0.545213 0.545212 0.545212 0.545213 0.545214 0.545217 0.54522 0.545224 0.545229 0.545235 0.545241 0.545248 0.545255 0.545263 0.545271 0.54528 0.545288 0.545297 0.545305 0.545314 0.545322 0.54533 0.545338 0.545345 0.545352 0.545359 0.545364 0.545369 0.545373 0.545377 0.545379 0.545381 0.545382 0.545382 0.545381 0.545379 0.545376 0.545373 0.545369 0.545364 0.545358 0.545352 0.545345 0.545338 0.54533 0.545322 0.545313 0.545305 0.545296 0.545288 0.545279 0.545271 0.545263 0.545255 0.545248 0.545241 0.545235 0.545229 
0.623827 0.623814 0.623802 0.62379 0.623778 0.623766 0.623756 0.623746 0.623737 0.623729 0.623722 0.623716 0.623711 0.623708 0.623705 0.623704 0.623705 0.623706 0.623709 0.623713 0.623719 0.623725 0.623733 0.623741 0.623751 0.623761 0.623772 0.623783 0.623795 0.623808 0.62382 0.623833 0.623846 0.623858 0.62387 0.623882 0.623893 0.623904 0.623914 0.623923 0.623931 0.623938 0.623944 0.623948 0.623952 0.623954 0.623955 0.623955 0.623953 0.62395 0.623946 0.623941 0.623934 0.623927 0.623918 0.623909 0.623898 0.623887 0.623876 0.623864 0.623851 0.623839 
0.694471 0.694459 0.694446 0.694432 0.694416 0.694401 0.694384 0.694367 0.69435 0.694333 0.694316 0.6943 0.694284 0.694269 0.694254 0.694241 0.694228 0.694217 0.694207 0.694199 0.694192 0.694187 0.694184 0.694182 0.694182 0.694183 0.694187 0.694192 0.694198 0.694207 0.694216 0.694227 0.69424 0.694253 0.694267 0.694283 0.694298 0.694315 0.694332 0.694349 0.694366 0.694382 0.694399 0.694415 0.69443 0.694444 0.694458 0.69447 0.694481 0.694491 0.694499 0.694506 0.694511 0.694515 0.694516 0.694516 0.694515 0.694511 0.694506 0.6945 0.694492 0.694482 
0.756882 0.756881 0.756878 0.756872 0.756865 0.756856 0.756845 0.756832 0.756818 0.756803 0.756786 0.756768 0.75675 0.756731 0.756711 0.756691 0.756671 0.756651 0.756631 0.756612 0.756594 0.756577 0.756561 0.756546 0.756532 0.75652 0.75651 0.756502 0.756495 0.756491 0.756488 0.756488 0.756489 0.756493 0.756498 0.756506 0.756515 0.756526 0.756538 0.756553 0.756568 0.756585 0.756602 0.756621 0.75664 0.75666 0.75668 0.7567 0.75672 0.756739 0.756758 0.756776 0.756793 0.756809 0.756824 0.756838 0.75685 0.75686 0.756868 0.756875 0.756879 0.756882 
0.810918 0.810929 0.810939 0.810947 0.810952 0.810956 0.810958 0.810958 0.810955 0.810951 0.810945 0.810936 0.810926 0.810914 0.8109 0.810885 0.810869 0.810851 0.810833 0.810813 0.810793 0.810773 0.810752 0.810732 0.810711 0.810692 0.810672 0.810654 0.810637 0.810621 0.810606 0.810593 0.810582 0.810572 0.810565 0.810559 0.810555 0.810553 0.810554 0.810556 0.810561 0.810567 0.810576 0.810586 0.810598 0.810612 0.810627 0.810644 0.810661 0.81068 0.810699 0.810719 0.81074 0.81076 0.810781 0.810801 0.81082 0.810839 0.810858 0.810875 0.810891 0.810905 
0.856577 0.856594 0.85661 0.856626 0.85664 0.856654 0.856666 0.856676 0.856685 0.856692 0.856698 0.856702 0.856704 0.856704 0.856703 0.856699 0.856694 0.856687 0.856679 0.856668 0.856657 0.856644 0.856629 0.856614 0.856598 0.856581 0.856563 0.856545 0.856527 0.856509 0.856491 0.856474 0.856457 0.85644 0.856425 0.85641 0.856397 0.856385 0.856375 0.856366 0.856359 0.856353 0.856349 0.856347 0.856347 0.856349 0.856353 0.856358 0.856365 0.856374 0.856384 0.856396 0.856409 0.856423 0.856438 0.856454 0.856471 0.856489 0.856507 0.856525 0.856543 0.85656 
0.893926 0.893938 0.893951 0.893965 0.893979 0.893992 0.894006 0.894019 0.894032 0.894045 0.894056 0.894067 0.894078 0.894087 0.894095 0.894101 0.894107 0.894111 0.894114 0.894116 0.894116 0.894115 0.894112 0.894108 0.894103 0.894096 0.894088 0.89408 0.89407 0.894059 0.894047 0.894035 0.894022 0.894009 0.893995 0.893981 0.893967 0.893954 0.89394 0.893927 0.893915 0.893903 0.893892 0.893882 0.893873 0.893865 0.893859 0.893853 0.893849 0.893846 0.893845 0.893845 0.893846 0.893849 0.893853 0.893858 0.893865 0.893873 0.893881 0.893891 0.893902 0.893914 
0.923008 0.92301 0.923014 0.923019 0.923025 0.923032 0.923039 0.923047 0.923056 0.923066 0.923076 0.923086 0.923097 0.923108 0.923119 0.92313 0.92314 0.923151 0.923161 0.923171 0.92318 0.923188 0.923196 0.923202 0.923208 0.923213 0.923217 0.92322 0.923221 0.923222 0.923221 0.92322 0.923217 0.923213 0.923208 0.923202 0.923196 0.923188 0.92318 0.923171 0.923161 0.923151 0.92314 0.92313 0.923119 0.923108 0.923097 0.923086 0.923076 0.923066 0.923056 0.923047 0.923039 0.923031 0.923025 0.923019 0.923014 0.92301 0.923008 0.923006 0.923006 0.923006 
0.94382 0.943813 0.943806 0.943801 0.943796 0.943794 0.943792 0.943792 0.943793 0.943795 0.943799 0.943804 0.943811 0.943818 0.943827 0.943836 0.943847 0.943858 0.94387 0.943882 0.943895 0.943909 0.943922 0.943935 0.943949 0.943962 0.943974 0.943986 0.943998 0.944009 0.944018 0.944027 0.944035 0.944042 0.944047 0.944051 0.944054 0.944056 0.944056 0.944055 0.944052 0.944048 0.944043 0.944037 0.944029 0.944021 0.944011 0.944001 0.943989 0.943977 0.943965 0.943952 0.943939 0.943925 0.943912 0.943899 0.943886 0.943873 0.943861 0.943849 0.943839 0.943829 
0.956329 0.956314 0.956299 0.956286 0.956275 0.956264 0.956255 0.956248 0.956242 0.956238 0.956236 0.956236 0.956237 0.95624 0.956245 0.956252 0.95626 0.95627 0.956281 0.956294 0.956307 0.956322 0.956338 0.956354 0.956371 0.956389 0.956407 0.956424 0.956442 0.956459 0.956476 0.956492 0.956507 0.956521 0.956534 0.956546 0.956557 0.956566 0.956573 0.956578 0.956582 0.956585 0.956585 0.956583 0.95658 0.956575 0.956569 0.95656 0.95655 0.956539 0.956527 0.956513 0.956498 0.956482 0.956466 0.956449 0.956431 0.956413 0.956396 0.956378 0.956361 0.956344 
0.960497 0.960479 0.960462 0.960446 0.960431 0.960418 0.960406 0.960396 0.960388 0.960381 0.960377 0.960375 0.960374 0.960376 0.96038 0.960385 0.960393 0.960403 0.960414 0.960427 0.960441 0.960457 0.960474 0.960491 0.96051 0.96053 0.960549 0.96057 0.96059 0.96061 0.960629 0.960648 0.960666 0.960684 0.9607 0.960714 0.960728 0.960739 0.960749 0.960758 0.960764 0.960768 0.960771 0.960771 0.960769 0.960765 0.96076 0.960752 0.960742 0.960731 0.960718 0.960704 0.960688 0.960671 0.960653 0.960634 0.960615 0.960595 0.960575 0.960555 0.960535 0.960516 
0.95631 0.956294 0.956279 0.956265 0.956253 0.956242 0.956233 0.956226 0.956221 0.956217 0.956216 0.956217 0.956219 0.956224 0.956231 0.956239 0.956249 0.956261 0.956275 0.95629 0.956306 0.956323 0.956341 0.956359 0.956379 0.956398 0.956418 0.956438 0.956457 0.956476 0.956494 0.956512 0.956528 0.956543 0.956557 0.956569 0.95658 0.956589 0.956596 0.956601 0.956604 0.956605 0.956605 0.956602 0.956597 0.956591 0.956582 0.956572 0.95656 0.956546 0.956532 0.956516 0.956498 0.95648 0.956461 0.956442 0.956422 0.956403 0.956383 0.956364 0.956345 0.956327 
0.943778 0.943769 0.943761 0.943755 0.943751 0.943748 0.943748 0.943749 0.943752 0.943756 0.943763 0.943771 0.94378 0.943791 0.943804 0.943817 0.943832 0.943848 0.943865 0.943882 0.943899 0.943917 0.943935 0.943953 0.943971 0.943988 0.944004 0.94402 0.944034 0.944048 0.94406 0.944071 0.94408 0.944088 0.944094 0.944099 0.944101 0.944102 0.944101 0.944098 0.944093 0.944087 0.944079 0.944069 0.944058 0.944046 0.944032 0.944017 0.944001 0.943984 0.943967 0.94395 0.943932 0.943914 0.943896 0.943878 0.943861 0.943845 0.943829 0.943815 0.943801 0.943789 
0.922939 0.922941 0.922945 0.922951 0.922959 0.922968 0.922978 0.92299 0.923003 0.923018 0.923033 0.923049 0.923066 0.923084 0.923101 0.923119 0.923137 0.923154 0.923172 0.923188 0.923204 0.923219 0.923233 0.923245 0.923257 0.923267 0.923275 0.923282 0.923286 0.92329 0.923291 0.923291 0.923288 0.923284 0.923278 0.923271 0.923262 0.923251 0.923239 0.923226 0.923212 0.923196 0.92318 0.923163 0.923146 0.923128 0.92311 0.923092 0.923075 0.923057 0.923041 0.923025 0.92301 0.922996 0.922984 0.922972 0.922963 0.922954 0.922948 0.922943 0.92294 0.922939 
0.893837 0.893853 0.893869 0.893887 0.893906 0.893926 0.893947 0.893967 0.893988 0.894009 0.894029 0.894049 0.894069 0.894087 0.894104 0.894121 0.894135 0.894148 0.89416 0.894169 0.894177 0.894182 0.894186 0.894188 0.894187 0.894184 0.894179 0.894172 0.894164 0.894153 0.89414 0.894126 0.894111 0.894094 0.894076 0.894057 0.894037 0.894016 0.893996 0.893975 0.893954 0.893933 0.893913 0.893894 0.893876 0.893858 0.893842 0.893828 0.893815 0.893803 0.893794 0.893786 0.893781 0.893777 0.893776 0.893777 0.89378 0.893784 0.893791 0.8938 0.893811 0.893823 
0.856495 0.856519 0.856544 0.856568 0.856592 0.856616 0.856638 0.85666 0.85668 0.856698 0.856715 0.85673 0.856742 0.856753 0.856761 0.856767 0.85677 0.856771 0.856769 0.856765 0.856759 0.85675 0.856738 0.856725 0.856709 0.856692 0.856673 0.856652 0.85663 0.856607 0.856584 0.856559 0.856535 0.85651 0.856486 0.856461 0.856438 0.856415 0.856394 0.856374 0.856356 0.856339 0.856324 0.856312 0.856301 0.856293 0.856288 0.856284 0.856284 0.856286 0.85629 0.856297 0.856306 0.856317 0.856331 0.856346 0.856364 0.856383 0.856403 0.856425 0.856448 0.856471 
0.810881 0.810904 0.810926 0.810945 0.810963 0.810979 0.810992 0.811003 0.811012 0.811018 0.811021 0.811022 0.811019 0.811015 0.811007 0.810997 0.810984 0.810969 0.810952 0.810933 0.810912 0.81089 0.810866 0.810841 0.810815 0.810789 0.810762 0.810735 0.810708 0.810682 0.810657 0.810633 0.81061 0.810588 0.810569 0.810551 0.810535 0.810522 0.810511 0.810502 0.810497 0.810494 0.810493 0.810496 0.810501 0.810508 0.810518 0.810531 0.810546 0.810563 0.810582 0.810603 0.810626 0.81065 0.810675 0.810701 0.810727 0.810754 0.81078 0.810807 0.810833 0.810858 
0.75692 0.75693 0.756937 0.756941 0.756943 0.756943 0.75694 0.756934 0.756926 0.756915 0.756902 0.756886 0.756869 0.756849 0.756828 0.756806 0.756782 0.756758 0.756732 0.756706 0.75668 0.756654 0.756628 0.756603 0.756579 0.756556 0.756534 0.756514 0.756495 0.756479 0.756465 0.756453 0.756443 0.756436 0.756431 0.756429 0.75643 0.756433 0.756439 0.756448 0.756459 0.756472 0.756488 0.756505 0.756524 0.756545 0.756568 0.756592 0.756616 0.756642 0.756667 0.756694 0.756719 0.756745 0.75677 0.756794 0.756817 0.756839 0.756859 0.756878 0.756894 0.756908 
0.694566 0.694559 0.694549 0.694538 0.694524 0.694509 0.694492 0.694474 0.694455 0.694434 0.694412 0.69439 0.694368 0.694345 0.694322 0.6943 0.694278 0.694257 0.694237 0.694218 0.6942 0.694184 0.69417 0.694157 0.694147 0.694139 0.694132 0.694128 0.694127 0.694127 0.69413 0.694135 0.694143 0.694152 0.694164 0.694177 0.694192 0.694209 0.694228 0.694247 0.694268 0.694289 0.694311 0.694334 0.694356 0.694379 0.694401 0.694423 0.694444 0.694464 0.694483 0.694501 0.694517 0.694531 0.694543 0.694554 0.694562 0.694568 0.694572 0.694574 0.694574 0.694571 
0.623915 0.623899 0.623883 0.623866 0.623848 0.62383 0.623813 0.623795 0.623778 0.623761 0.623745 0.62373 0.623716 0.623703 0.623692 0.623682 0.623673 0.623666 0.623661 0.623658 0.623656 0.623656 0.623658 0.623662 0.623667 0.623674 0.623683 0.623693 0.623705 0.623718 0.623732 0.623747 0.623763 0.623779 0.623797 0.623814 0.623832 0.62385 0.623867 0.623884 0.623901 0.623917 0.623932 0.623946 0.623958 0.62397 0.62398 0.623988 0.623995 0.624 0.624004 0.624005 0.624005 0.624003 0.624 0.623994 0.623987 0.623978 0.623968 0.623956 0.623944 0.62393 
0.54525 0.545239 0.545228 0.545218 0.545209 0.545201 0.545193 0.545187 0.545182 0.545178 0.545175 0.545174 0.545174 0.545175 0.545177 0.545181 0.545186 0.545192 0.545199 0.545207 0.545216 0.545225 0.545236 0.545247 0.545259 0.545271 0.545283 0.545296 0.545309 0.545321 0.545333 0.545345 0.545356 0.545367 0.545377 0.545386 0.545395 0.545402 0.545408 0.545413 0.545417 0.54542 0.545421 0.545421 0.54542 0.545418 0.545414 0.545409 0.545403 0.545396 0.545388 0.545379 0.545369 0.545359 0.545347 0.545336 0.545323 0.545311 0.545298 0.545286 0.545274 0.545262 
0.458997 0.458996 0.458996 0.458996 0.458998 0.459 0.459003 0.459007 0.459012 0.459017 0.459023 0.45903 0.459037 0.459044 0.459052 0.45906 0.459068 0.459076 0.459085 0.459093 0.459101 0.459109 0.459116 0.459124 0.45913 0.459136 0.459142 0.459147 0.459151 0.459154 0.459157 0.459159 0.45916 0.45916 0.459159 0.459157 0.459155 0.459152 0.459148 0.459143 0.459138 0.459132 0.459125 0.459118 0.459111 0.459103 0.459095 0.459086 0.459078 0.45907 0.459062 0.459053 0.459046 0.459038 0.459031 0.459024 0.459018 0.459013 0.459008 0.459004 0.459001 0.458998 
0.365713 0.365718 0.365723 0.365728 0.365733 0.365739 0.365744 0.365749 0.365755 0.36576 0.365765 0.36577 0.365774 0.365779 0.365783 0.365786 0.36579 0.365792 0.365794 0.365796 0.365797 0.365798 0.365798 0.365798 0.365797 0.365795 0.365793 0.36579 0.365787 0.365784 0.36578 0.365775 0.365771 0.365766 0.365761 0.365756 0.36575 0.365745 0.365739 0.365734 0.365729 0.365723 0.365719 0.365714 0.36571 0.365706 0.365702 0.365699 0.365696 0.365694 0.365692 0.365691 0.365691 0.365691 0.365691 0.365692 0.365694 0.365696 0.365699 0.365702 0.365705 0.365709 
0.266234 0.266237 0.26624 0.266243 0.266245 0.266247 0.266249 0.26625 0.266251 0.266252 0.266252 0.266252 0.266252 0.266251 0.26625 0.266249 0.266247 0.266245 0.266242 0.266239 0.266236 0.266233 0.26623 0.266226 0.266223 0.266219 0.266215 0.266212 0.266208 0.266204 0.266201 0.266198 0.266194 0.266191 0.266189 0.266186 0.266184 0.266183 0.266181 0.26618 0.266179 0.266179 0.266179 0.26618 0.26618 0.266181 0.266183 0.266185 0.266187 0.26619 0.266192 0.266195 0.266198 0.266202 0.266205 0.266209 0.266213 0.266216 0.26622 0.266224 0.266227 0.266231 
0.161846 0.161847 0.161846 0.161846 0.161846 0.161845 0.161844 0.161842 0.161841 0.161839 0.161837 0.161835 0.161833 0.161831 0.161828 0.161826 0.161823 0.161821 0.161818 0.161816 0.161813 0.161811 0.161809 0.161807 0.161805 0.161803 0.161801 0.1618 0.161799 0.161798 0.161797 0.161797 0.161796 0.161796 0.161797 0.161797 0.161798 0.161799 0.1618 0.161802 0.161804 0.161806 0.161808 0.16181 0.161812 0.161815 0.161817 0.16182 0.161822 0.161825 0.161827 0.16183 0.161832 0.161834 0.161836 0.161838 0.16184 0.161842 0.161843 0.161844 0.161845 0.161846 
0.05431 0.0543096 0.0543092 0.0543086 0.054308 0.0543073 0.0543066 0.0543057 0.0543048 0.0543039 0.054303 0.054302 0.054301 0.0543 0.054299 0.054298 0.054297 0.0542961 0.0542952 0.0542944 0.0542936 0.0542929 0.0542923 0.0542918 0.0542914 0.054291 0.0542908 0.0542907 0.0542906 0.0542907 0.0542909 0.0542911 0.0542915 0.054292 0.0542925 0.0542931 0.0542939 0.0542946 0.0542955 0.0542964 0.0542973 0.0542983 0.0542993 0.0543003 0.0543013 0.0543023 0.0543033 0.0543042 0.0543051 0.054306 0.0543068 0.0543076 0.0543083 0.0543089 0.0543094 0.0543098 0.0543102 0.0543104 0.0543105 0.0543105 0.0543105 0.0543103 
