0.0536757 0.0536758 0.0536758 0.0536758 0.0536757 0.0536757 0.0536756 0.0536754 0.0536753 0.0536751 0.0536748 0.0536746 0.0536743 0.0536741 0.0536738 0.0536734 0.0536731 0.0536728 0.0536724 0.0536721 0.0536718 0.0536714 0.0536711 0.0536708 0.0536705 0.0536702 0.05367 0.0536697 0.0536696 0.0536694 0.0536692 0.0536691 0.0536691 0.053669 0.053669 0.0536691 0.0536691 0.0536692 0.0536694 0.0536695 0.0536697 0.05367 0.0536702 0.0536705 0.0536708 0.0536711 0.0536714 0.0536717 0.0536721 0.0536724 0.0536727 0.0536731 0.0536734 0.0536737 0.053674 0.0536743 0.0536746 0.0536748 0.0536751 0.0536753 0.0536754 0.0536756 
0.160009 0.16001 0.16001 0.160011 0.160011 0.160011 0.160011 0.160011 0.160011 0.160011 0.16001 0.16001 0.160009 0.160009 0.160008 0.160007 0.160006 0.160005 0.160004 0.160003 0.160002 0.16 0.159999 0.159998 0.159997 0.159996 0.159995 0.159993 0.159992 0.159992 0.159991 0.15999 0.159989 0.159989 0.159988 0.159988 0.159988 0.159988 0.159988 0.159988 0.159988 0.159989 0.159989 0.15999 0.159991 0.159991 0.159992 0.159993 0.159994 0.159995 0.159996 0.159998 0.159999 0.16 0.160001 0.160002 0.160004 0.160005 0.160006 0.160007 0.160008 0.160008 
0.263372 0.263374 0.263376 0.263377 0.263379 0.263381 0.263382 0.263384 0.263385 0.263386 0.263387 0.263387 0.263388 0.263388 0.263389 0.263389 0.263388 0.263388 0.263387 0.263387 0.263386 0.263385 0.263383 0.263382 0.26338 0.263379 0.263377 0.263375 0.263373 0.263371 0.263369 0.263367 0.263365 0.263363 0.263362 0.26336 0.263358 0.263357 0.263355 0.263354 0.263353 0.263352 0.263351 0.263351 0.26335 0.26335 0.26335 0.26335 0.263351 0.263351 0.263352 0.263353 0.263354 0.263356 0.263357 0.263359 0.26336 0.263362 0.263364 0.263366 0.263368 0.26337 
0.362082 0.362083 0.362085 0.362087 0.362089 0.362092 0.362094 0.362097 0.362099 0.362102 0.362104 0.362107 0.362109 0.362112 0.362114 0.362116 0.362118 0.36212 0.362122 0.362124 0.362125 0.362126 0.362127 0.362128 0.362128 0.362128 0.362128 0.362127 0.362127 0.362126 0.362124 0.362123 0.362121 0.362119 0.362117 0.362115 0.362113 0.36211 0.362108 0.362105 0.362103 0.3621 0.362098 0.362095 0.362093 0.36209 0.362088 0.362086 0.362084 0.362082 0.362081 0.362079 0.362078 0.362078 0.362077 0.362077 0.362077 0.362077 0.362077 0.362078 0.362079 0.36208 
0.454849 0.454847 0.454846 0.454845 0.454844 0.454844 0.454843 0.454844 0.454844 0.454845 0.454846 0.454847 0.454849 0.454851 0.454853 0.454855 0.454858 0.45486 0.454863 0.454866 0.454869 0.454872 0.454876 0.454879 0.454882 0.454885 0.454888 0.454891 0.454893 0.454896 0.454898 0.4549 0.454902 0.454903 0.454904 0.454905 0.454905 0.454906 0.454905 0.454905 0.454904 0.454903 0.454902 0.4549 0.454898 0.454896 0.454894 0.454891 0.454888 0.454885 0.454882 0.454879 0.454876 0.454873 0.45487 0.454867 0.454864 0.454861 0.454858 0.454855 0.454853 0.454851 
0.540753 0.540749 0.540744 0.54074 0.540735 0.540731 0.540726 0.540722 0.540717 0.540713 0.540709 0.540705 0.540702 0.540699 0.540696 0.540694 0.540692 0.540691 0.54069 0.540689 0.540689 0.540689 0.54069 0.540691 0.540693 0.540695 0.540698 0.540701 0.540704 0.540708 0.540711 0.540716 0.54072 0.540724 0.540729 0.540733 0.540738 0.540743 0.540747 0.540751 0.540756 0.540759 0.540763 0.540767 0.54077 0.540772 0.540775 0.540776 0.540778 0.540779 0.540779 0.540779 0.540779 0.540778 0.540777 0.540775 0.540773 0.54077 0.540767 0.540764 0.54076 0.540757 
0.619132 0.619131 0.61913 0.619128 0.619125 0.619122 0.619118 0.619113 0.619108 0.619102 0.619096 0.619089 0.619082 0.619075 0.619067 0.619059 0.619052 0.619044 0.619036 0.619029 0.619022 0.619015 0.619009 0.619003 0.618998 0.618993 0.618989 0.618986 0.618983 0.618981 0.61898 0.61898 0.61898 0.618981 0.618983 0.618986 0.618989 0.618994 0.618998 0.619004 0.61901 0.619016 0.619023 0.61903 0.619037 0.619045 0.619052 0.61906 0.619068 0.619075 0.619083 0.61909 0.619096 0.619103 0.619108 0.619114 0.619118 0.619122 0.619126 0.619128 0.61913 0.619131 
0.689533 0.689542 0.68955 0.689557 0.689562 0.689567 0.689571 0.689574 0.689576 0.689576 0.689575 0.689573 0.68957 0.689566 0.689561 0.689554 0.689547 0.689539 0.68953 0.68952 0.68951 0.689499 0.689488 0.689476 0.689465 0.689453 0.689441 0.68943 0.689419 0.689408 0.689398 0.689389 0.68938 0.689372 0.689365 0.689359 0.689354 0.689351 0.689348 0.689346 0.689346 0.689347 0.689349 0.689352 0.689356 0.689362 0.689368 0.689376 0.689384 0.689393 0.689403 0.689413 0.689424 0.689435 0.689446 0.689458 0.68947 0.689481 0.689493 0.689503 0.689514 0.689524 
0.751729 0.751744 0.751758 0.751773 0.751787 0.751801 0.751815 0.751827 0.751839 0.751849 0.751859 0.751867 0.751874 0.75188 0.751884 0.751886 0.751888 0.751887 0.751885 0.751882 0.751877 0.751871 0.751864 0.751855 0.751845 0.751834 0.751821 0.751809 0.751795 0.751781 0.751766 0.751751 0.751736 0.751721 0.751707 0.751692 0.751678 0.751665 0.751653 0.751641 0.75163 0.751621 0.751613 0.751606 0.7516 0.751596 0.751594 0.751593 0.751593 0.751595 0.751598 0.751603 0.75161 0.751617 0.751626 0.751636 0.751647 0.75166 0.751672 0.751686 0.7517 0.751714 
0.805676 0.805688 0.805702 0.805716 0.805731 0.805746 0.805762 0.805779 0.805795 0.805811 0.805827 0.805842 0.805857 0.805871 0.805885 0.805897 0.805908 0.805918 0.805926 0.805933 0.805939 0.805942 0.805945 0.805945 0.805944 0.805942 0.805937 0.805932 0.805924 0.805915 0.805905 0.805894 0.805881 0.805868 0.805854 0.805839 0.805823 0.805807 0.805791 0.805774 0.805758 0.805742 0.805727 0.805712 0.805698 0.805685 0.805672 0.805661 0.805652 0.805643 0.805636 0.805631 0.805627 0.805625 0.805624 0.805626 0.805628 0.805633 0.805639 0.805646 0.805655 0.805665 
0.8514 0.851403 0.851408 0.851414 0.851422 0.851431 0.851441 0.851452 0.851464 0.851477 0.851491 0.851505 0.851519 0.851534 0.851549 0.851564 0.851578 0.851593 0.851606 0.85162 0.851632 0.851643 0.851654 0.851663 0.851671 0.851678 0.851683 0.851687 0.851689 0.85169 0.85169 0.851688 0.851684 0.851679 0.851673 0.851665 0.851656 0.851646 0.851635 0.851623 0.85161 0.851596 0.851582 0.851567 0.851553 0.851538 0.851523 0.851508 0.851494 0.85148 0.851467 0.851455 0.851444 0.851433 0.851424 0.851416 0.851409 0.851404 0.8514 0.851398 0.851397 0.851398 
0.888897 0.888892 0.888888 0.888885 0.888883 0.888882 0.888883 0.888885 0.888887 0.888891 0.888896 0.888902 0.888909 0.888917 0.888925 0.888935 0.888944 0.888955 0.888965 0.888977 0.888988 0.888999 0.88901 0.889021 0.889032 0.889042 0.889052 0.889062 0.88907 0.889078 0.889085 0.889091 0.889096 0.8891 0.889103 0.889104 0.889105 0.889104 0.889103 0.8891 0.889096 0.889091 0.889085 0.889078 0.889071 0.889062 0.889053 0.889043 0.889032 0.889022 0.889011 0.888999 0.888988 0.888977 0.888966 0.888955 0.888945 0.888935 0.888926 0.888917 0.888909 0.888902 
0.918121 0.918112 0.918104 0.918096 0.918088 0.918081 0.918074 0.918067 0.918061 0.918056 0.918052 0.918048 0.918045 0.918043 0.918042 0.918042 0.918042 0.918044 0.918046 0.918049 0.918052 0.918057 0.918062 0.918068 0.918075 0.918082 0.918089 0.918097 0.918105 0.918113 0.918122 0.91813 0.918139 0.918147 0.918155 0.918163 0.91817 0.918177 0.918184 0.918189 0.918195 0.918199 0.918203 0.918206 0.918208 0.918209 0.918209 0.918209 0.918207 0.918205 0.918202 0.918198 0.918194 0.918188 0.918183 0.918176 0.918169 0.918162 0.918154 0.918146 0.918137 0.918129 
0.93902 0.939013 0.939005 0.938997 0.938988 0.938978 0.938968 0.938957 0.938946 0.938936 0.938925 0.938914 0.938903 0.938893 0.938883 0.938874 0.938866 0.938858 0.938851 0.938844 0.938839 0.938835 0.938831 0.938829 0.938828 0.938828 0.938829 0.938831 0.938834 0.938839 0.938844 0.93885 0.938857 0.938865 0.938874 0.938883 0.938893 0.938903 0.938913 0.938924 0.938935 0.938946 0.938957 0.938967 0.938977 0.938987 0.938996 0.939005 0.939013 0.93902 0.939026 0.939031 0.939036 0.939039 0.939041 0.939042 0.939042 0.939041 0.939039 0.939036 0.939031 0.939026 
0.951567 0.951563 0.951557 0.95155 0.951542 0.951533 0.951522 0.95151 0.951497 0.951484 0.95147 0.951455 0.95144 0.951425 0.95141 0.951395 0.95138 0.951366 0.951352 0.951339 0.951326 0.951315 0.951305 0.951296 0.951288 0.951282 0.951277 0.951274 0.951272 0.951272 0.951273 0.951275 0.95128 0.951285 0.951292 0.951301 0.95131 0.951321 0.951333 0.951346 0.951359 0.951373 0.951388 0.951403 0.951418 0.951433 0.951448 0.951463 0.951477 0.951491 0.951504 0.951516 0.951528 0.951538 0.951547 0.951554 0.951561 0.951566 0.951569 0.951571 0.951571 0.95157 
0.955756 0.955753 0.955747 0.955741 0.955732 0.955723 0.955711 0.955699 0.955685 0.95567 0.955654 0.955638 0.955621 0.955603 0.955586 0.955568 0.955551 0.955533 0.955517 0.955501 0.955486 0.955472 0.955459 0.955447 0.955437 0.955428 0.955421 0.955416 0.955412 0.95541 0.95541 0.955411 0.955415 0.95542 0.955427 0.955435 0.955445 0.955456 0.955469 0.955483 0.955498 0.955514 0.95553 0.955547 0.955565 0.955582 0.9556 0.955617 0.955634 0.955651 0.955667 0.955682 0.955696 0.955709 0.95572 0.955731 0.955739 0.955746 0.955752 0.955755 0.955757 0.955758 
0.951585 0.951579 0.951571 0.951562 0.951551 0.951539 0.951526 0.951512 0.951497 0.951481 0.951464 0.951447 0.95143 0.951412 0.951395 0.951378 0.951361 0.951346 0.95133 0.951316 0.951303 0.951291 0.951281 0.951271 0.951264 0.951258 0.951254 0.951251 0.951251 0.951252 0.951254 0.951259 0.951265 0.951273 0.951282 0.951293 0.951305 0.951318 0.951332 0.951348 0.951364 0.95138 0.951397 0.951415 0.951432 0.951449 0.951466 0.951483 0.951498 0.951514 0.951528 0.951541 0.951553 0.951563 0.951572 0.95158 0.951586 0.95159 0.951592 0.951593 0.951592 0.951589 
0.939049 0.939037 0.939025 0.939012 0.938997 0.938983 0.938968 0.938952 0.938936 0.938921 0.938905 0.93889 0.938875 0.938861 0.938847 0.938835 0.938824 0.938813 0.938804 0.938797 0.93879 0.938786 0.938783 0.938781 0.938781 0.938783 0.938786 0.938791 0.938797 0.938804 0.938813 0.938824 0.938835 0.938848 0.938861 0.938875 0.93889 0.938905 0.938921 0.938936 0.938952 0.938968 0.938983 0.938997 0.939012 0.939025 0.939037 0.939049 0.939059 0.939068 0.939075 0.939082 0.939086 0.939089 0.939091 0.939091 0.939089 0.939086 0.939081 0.939075 0.939068 0.939059 
0.918144 0.918128 0.918113 0.918097 0.918082 0.918067 0.918053 0.91804 0.918027 0.918016 0.918005 0.917996 0.917989 0.917982 0.917977 0.917974 0.917972 0.917972 0.917974 0.917977 0.917981 0.917987 0.917995 0.918004 0.918014 0.918025 0.918037 0.918051 0.918065 0.918079 0.918094 0.91811 0.918126 0.918141 0.918157 0.918172 0.918187 0.918201 0.918214 0.918226 0.918238 0.918248 0.918257 0.918265 0.918271 0.918276 0.918279 0.918281 0.918281 0.91828 0.918276 0.918272 0.918266 0.918258 0.918249 0.918239 0.918228 0.918216 0.918202 0.918188 0.918174 0.918159 
0.888891 0.888877 0.888864 0.888852 0.888842 0.888833 0.888826 0.888821 0.888817 0.888815 0.888816 0.888818 0.888821 0.888827 0.888834 0.888843 0.888854 0.888866 0.888879 0.888894 0.888909 0.888926 0.888943 0.888961 0.888979 0.888997 0.889015 0.889033 0.889051 0.889068 0.889084 0.8891 0.889114 0.889127 0.889139 0.889149 0.889158 0.889165 0.88917 0.889173 0.889175 0.889175 0.889173 0.889169 0.889163 0.889156 0.889147 0.889136 0.889124 0.889111 0.889096 0.889081 0.889064 0.889047 0.889029 0.889011 0.888993 0.888975 0.888957 0.888939 0.888922 0.888906 
0.851346 0.851341 0.851338 0.851337 0.851338 0.851341 0.851346 0.851354 0.851363 0.851375 0.851388 0.851402 0.851418 0.851436 0.851454 0.851474 0.851494 0.851515 0.851536 0.851557 0.851578 0.851599 0.851619 0.851638 0.851656 0.851674 0.85169 0.851704 0.851717 0.851728 0.851737 0.851745 0.85175 0.851753 0.851754 0.851753 0.851749 0.851744 0.851736 0.851727 0.851716 0.851703 0.851688 0.851672 0.851654 0.851636 0.851616 0.851596 0.851575 0.851554 0.851533 0.851512 0.851491 0.851471 0.851452 0.851433 0.851416 0.8514 0.851386 0.851373 0.851362 0.851353 
0.80558 0.805589 0.805599 0.805611 0.805625 0.805641 0.805658 0.805677 0.805696 0.805717 0.805738 0.80576 0.805782 0.805804 0.805826 0.805847 0.805868 0.805888 0.805907 0.805925 0.805942 0.805956 0.805969 0.80598 0.80599 0.805997 0.806001 0.806004 0.806005 0.806003 0.805999 0.805993 0.805984 0.805974 0.805962 0.805947 0.805932 0.805914 0.805896 0.805876 0.805855 0.805834 0.805812 0.80579 0.805768 0.805746 0.805725 0.805704 0.805684 0.805665 0.805647 0.805631 0.805616 0.805603 0.805592 0.805583 0.805576 0.805571 0.805569 0.805568 0.80557 0.805574 
0.751633 0.751651 0.751669 0.751689 0.751709 0.751729 0.751749 0.75177 0.75179 0.751809 0.751828 0.751846 0.751863 0.751879 0.751893 0.751906 0.751917 0.751926 0.751933 0.751939 0.751942 0.751943 0.751942 0.75194 0.751935 0.751928 0.751919 0.751908 0.751896 0.751882 0.751867 0.75185 0.751832 0.751813 0.751794 0.751774 0.751753 0.751733 0.751713 0.751692 0.751673 0.751654 0.751636 0.751619 0.751604 0.751589 0.751577 0.751566 0.751557 0.75155 0.751544 0.751541 0.75154 0.751541 0.751544 0.751549 0.751556 0.751565 0.751576 0.751588 0.751602 0.751617 
0.68949 0.689506 0.689522 0.689537 0.689551 0.689565 0.689577 0.689588 0.689598 0.689607 0.689614 0.689619 0.689623 0.689626 0.689626 0.689625 0.689622 0.689618 0.689612 0.689604 0.689595 0.689585 0.689573 0.68956 0.689547 0.689532 0.689516 0.6895 0.689484 0.689468 0.689451 0.689434 0.689418 0.689402 0.689387 0.689373 0.689359 0.689347 0.689336 0.689326 0.689317 0.68931 0.689305 0.689301 0.689299 0.689298 0.6893 0.689302 0.689307 0.689313 0.689321 0.68933 0.68934 0.689352 0.689365 0.689379 0.689393 0.689409 0.689425 0.689441 0.689457 0.689474 
0.619156 0.619162 0.619166 0.61917 0.619172 0.619174 0.619174 0.619173 0.61917 0.619167 0.619162 0.619156 0.61915 0.619142 0.619134 0.619124 0.619114 0.619103 0.619092 0.619081 0.619069 0.619057 0.619045 0.619034 0.619022 0.619011 0.619 0.61899 0.618981 0.618972 0.618964 0.618957 0.618952 0.618947 0.618943 0.618941 0.61894 0.61894 0.618941 0.618943 0.618947 0.618951 0.618957 0.618964 0.618972 0.61898 0.61899 0.619 0.619011 0.619022 0.619033 0.619045 0.619057 0.619069 0.61908 0.619092 0.619103 0.619114 0.619124 0.619133 0.619141 0.619149 
0.540803 0.5408 0.540796 0.540791 0.540785 0.54078 0.540773 0.540766 0.540759 0.540752 0.540745 0.540737 0.540729 0.540722 0.540715 0.540707 0.5407 0.540694 0.540688 0.540682 0.540677 0.540672 0.540668 0.540665 0.540663 0.540661 0.54066 0.54066 0.54066 0.540662 0.540664 0.540667 0.54067 0.540674 0.540679 0.540685 0.540691 0.540697 0.540704 0.540711 0.540718 0.540726 0.540733 0.540741 0.540748 0.540756 0.540763 0.54077 0.540776 0.540783 0.540788 0.540793 0.540798 0.540802 0.540805 0.540807 0.540809 0.54081 0.54081 0.540809 0.540808 0.540806 
0.454873 0.454869 0.454864 0.454859 0.454855 0.454851 0.454847 0.454843 0.45484 0.454837 0.454834 0.454832 0.45483 0.454829 0.454828 0.454828 0.454828 0.454829 0.45483 0.454831 0.454833 0.454836 0.454839 0.454842 0.454845 0.454849 0.454854 0.454858 0.454862 0.454867 0.454872 0.454877 0.454881 0.454886 0.454891 0.454895 0.454899 0.454903 0.454907 0.45491 0.454913 0.454916 0.454918 0.45492 0.454921 0.454922 0.454922 0.454922 0.454921 0.45492 0.454919 0.454917 0.454914 0.454911 0.454908 0.454904 0.4549 0.454896 0.454892 0.454887 0.454883 0.454878 
0.362071 0.36207 0.36207 0.36207 0.36207 0.362071 0.362072 0.362073 0.362075 0.362076 0.362078 0.362081 0.362083 0.362086 0.362089 0.362092 0.362095 0.362098 0.362102 0.362105 0.362108 0.362112 0.362115 0.362118 0.362121 0.362123 0.362126 0.362128 0.36213 0.362132 0.362133 0.362134 0.362135 0.362135 0.362135 0.362135 0.362135 0.362134 0.362133 0.362131 0.362129 0.362127 0.362125 0.362122 0.362119 0.362116 0.362113 0.36211 0.362107 0.362103 0.3621 0.362097 0.362094 0.36209 0.362087 0.362084 0.362082 0.362079 0.362077 0.362075 0.362074 0.362072 
0.263354 0.263356 0.263358 0.26336 0.263363 0.263365 0.263368 0.26337 0.263372 0.263375 0.263377 0.263379 0.263382 0.263384 0.263386 0.263387 0.263389 0.26339 0.263391 0.263392 0.263393 0.263394 0.263394 0.263394 0.263394 0.263393 0.263392 0.263391 0.26339 0.263389 0.263387 0.263385 0.263383 0.263381 0.263379 0.263377 0.263374 0.263372 0.263369 0.263367 0.263365 0.263362 0.26336 0.263358 0.263356 0.263354 0.263352 0.26335 0.263349 0.263348 0.263347 0.263346 0.263346 0.263345 0.263345 0.263346 0.263346 0.263347 0.263348 0.263349 0.263351 0.263352 
0.160003 0.160004 0.160006 0.160007 0.160009 0.16001 0.160011 0.160013 0.160013 0.160014 0.160015 0.160015 0.160016 0.160016 0.160016 0.160016 0.160016 0.160015 0.160015 0.160014 0.160013 0.160012 0.160011 0.160009 0.160008 0.160007 0.160005 0.160003 0.160002 0.16 0.159998 0.159997 0.159995 0.159993 0.159992 0.159991 0.159989 0.159988 0.159987 0.159986 0.159985 0.159984 0.159984 0.159983 0.159983 0.159983 0.159983 0.159984 0.159984 0.159985 0.159986 0.159986 0.159988 0.159989 0.15999 0.159991 0.159993 0.159995 0.159996 0.159998 0.159999 0.160001 
0.0536758 0.0536763 0.0536767 0.0536771 0.0536774 0.0536777 0.053678 0.0536782 0.0536783 0.0536784 0.0536784 0.0536784 0.0536783 0.0536781 0.0536779 0.0536776 0.0536773 0.0536769 0.0536765 0.053676 0.0536755 0.053675 0.0536744 0.0536739 0.0536733 0.0536727 0.053672 0.0536714 0.0536708 0.0536703 0.0536697 0.0536692 0.0536687 0.0536682 0.0536678 0.0536675 0.0536671 0.0536669 0.0536667 0.0536665 0.0536665 0.0536664 0.0536665 0.0536666 0.0536668 0.053667 0.0536673 0.0536676 0.053668 0.0536684 0.0536689 0.0536694 0.0536699 0.0536705 0.0536711 0.0536717 0.0536723 0.0536729 0.0536735 0.0536741 0.0536747 0.0536752 
