0.0536145 0.0536146 0.0536146 0.0536146 0.0536146 0.0536146 0.0536145 0.0536144 0.0536143 0.0536142 0.053614 0.0536138 0.0536136 0.0536134 0.0536131 0.0536128 0.0536126 0.0536123 0.053612 0.0536117 0.0536113 0.053611 0.0536107 0.0536104 0.0536102 0.0536099 0.0536096 0.0536094 0.0536092 0.053609 0.0536089 0.0536087 0.0536086 0.0536086 0.0536085 0.0536085 0.0536086 0.0536086 0.0536087 0.0536088 0.053609 0.0536091 0.0536093 0.0536096 0.0536098 0.0536101 0.0536103 0.0536106 0.0536109 0.0536112 0.0536115 0.0536118 0.0536121 0.0536124 0.0536127 0.053613 0.0536133 0.0536135 0.0536138 0.053614 0.0536142 0.0536143 
0.159831 0.159832 0.159832 0.159833 0.159833 0.159833 0.159834 0.159834 0.159834 0.159834 0.159833 0.159833 0.159833 0.159832 0.159831 0.159831 0.15983 0.159829 0.159828 0.159827 0.159826 0.159825 0.159824 0.159823 0.159822 0.15982 0.159819 0.159818 0.159817 0.159816 0.159815 0.159815 0.159814 0.159813 0.159813 0.159812 0.159812 0.159812 0.159812 0.159812 0.159812 0.159812 0.159812 0.159813 0.159814 0.159814 0.159815 0.159816 0.159817 0.159818 0.159819 0.15982 0.159821 0.159822 0.159823 0.159824 0.159825 0.159826 0.159827 0.159828 0.159829 0.15983 
0.263092 0.263094 0.263096 0.263098 0.263099 0.263101 0.263103 0.263104 0.263105 0.263106 0.263108 0.263108 0.263109 0.26311 0.26311 0.26311 0.26311 0.26311 0.26311 0.263109 0.263109 0.263108 0.263107 0.263106 0.263104 0.263103 0.263101 0.2631 0.263098 0.263096 0.263094 0.263092 0.26309 0.263089 0.263087 0.263085 0.263083 0.263082 0.26308 0.263079 0.263078 0.263077 0.263076 0.263075 0.263074 0.263074 0.263074 0.263074 0.263074 0.263074 0.263075 0.263076 0.263077 0.263078 0.263079 0.26308 0.263082 0.263083 0.263085 0.263087 0.263088 0.26309 
0.361725 0.361726 0.361728 0.361729 0.361731 0.361733 0.361735 0.361738 0.36174 0.361742 0.361745 0.361747 0.36175 0.361752 0.361754 0.361757 0.361759 0.361761 0.361763 0.361764 0.361766 0.361767 0.361768 0.361769 0.36177 0.36177 0.36177 0.36177 0.36177 0.361769 0.361768 0.361767 0.361766 0.361764 0.361762 0.36176 0.361758 0.361756 0.361754 0.361751 0.361749 0.361746 0.361744 0.361742 0.361739 0.361737 0.361735 0.361732 0.36173 0.361729 0.361727 0.361725 0.361724 0.361723 0.361722 0.361722 0.361721 0.361721 0.361721 0.361722 0.361723 0.361724 
0.454439 0.454437 0.454436 0.454434 0.454433 0.454432 0.454432 0.454432 0.454432 0.454432 0.454433 0.454434 0.454435 0.454436 0.454438 0.45444 0.454442 0.454445 0.454447 0.45445 0.454453 0.454455 0.454458 0.454461 0.454464 0.454467 0.45447 0.454473 0.454475 0.454478 0.45448 0.454482 0.454484 0.454486 0.454487 0.454488 0.454489 0.45449 0.45449 0.45449 0.454489 0.454489 0.454488 0.454487 0.454485 0.454483 0.454481 0.454479 0.454477 0.454474 0.454471 0.454469 0.454466 0.454463 0.45446 0.454457 0.454454 0.454451 0.454448 0.454446 0.454443 0.454441 
0.540306 0.540302 0.540298 0.540294 0.54029 0.540286 0.540281 0.540277 0.540273 0.540269 0.540265 0.540261 0.540258 0.540254 0.540251 0.540249 0.540246 0.540244 0.540243 0.540242 0.540241 0.540241 0.540241 0.540241 0.540242 0.540244 0.540246 0.540248 0.54025 0.540253 0.540257 0.54026 0.540264 0.540268 0.540272 0.540276 0.54028 0.540284 0.540289 0.540293 0.540297 0.540301 0.540305 0.540308 0.540312 0.540314 0.540317 0.540319 0.540321 0.540323 0.540324 0.540325 0.540325 0.540325 0.540324 0.540323 0.540322 0.54032 0.540317 0.540315 0.540312 0.540309 
0.618653 0.618653 0.618653 0.618653 0.618651 0.618649 0.618647 0.618643 0.618639 0.618634 0.618629 0.618623 0.618617 0.618611 0.618604 0.618597 0.61859 0.618582 0.618575 0.618568 0.618561 0.618554 0.618547 0.618541 0.618535 0.61853 0.618525 0.618521 0.618517 0.618514 0.618512 0.61851 0.61851 0.618509 0.61851 0.618512 0.618514 0.618517 0.61852 0.618524 0.618529 0.618534 0.61854 0.618546 0.618553 0.61856 0.618567 0.618574 0.618581 0.618588 0.618596 0.618603 0.61861 0.618616 0.618622 0.618628 0.618633 0.618638 0.618642 0.618646 0.618649 0.618651 
0.689028 0.689037 0.689046 0.689054 0.689062 0.689068 0.689073 0.689078 0.689081 0.689083 0.689085 0.689085 0.689083 0.689081 0.689078 0.689073 0.689068 0.689062 0.689054 0.689046 0.689037 0.689028 0.689018 0.689007 0.688996 0.688985 0.688974 0.688963 0.688952 0.688941 0.68893 0.68892 0.688911 0.688902 0.688894 0.688886 0.68888 0.688875 0.68887 0.688867 0.688865 0.688864 0.688864 0.688865 0.688867 0.688871 0.688875 0.688881 0.688887 0.688895 0.688903 0.688912 0.688921 0.688931 0.688942 0.688953 0.688964 0.688975 0.688986 0.688997 0.689008 0.689018 
0.751212 0.751226 0.75124 0.751255 0.751269 0.751283 0.751297 0.75131 0.751323 0.751335 0.751346 0.751356 0.751365 0.751372 0.751379 0.751384 0.751387 0.751389 0.75139 0.751389 0.751387 0.751383 0.751378 0.751371 0.751364 0.751355 0.751345 0.751334 0.751322 0.751309 0.751295 0.751281 0.751267 0.751253 0.751238 0.751224 0.75121 0.751196 0.751182 0.75117 0.751158 0.751147 0.751137 0.751128 0.751121 0.751115 0.75111 0.751106 0.751104 0.751104 0.751105 0.751107 0.751111 0.751116 0.751122 0.75113 0.751139 0.751149 0.751161 0.751172 0.751185 0.751198 
0.805164 0.805174 0.805186 0.805198 0.805212 0.805226 0.805241 0.805256 0.805272 0.805287 0.805303 0.805319 0.805334 0.805349 0.805364 0.805377 0.80539 0.805401 0.805412 0.805421 0.805429 0.805435 0.80544 0.805443 0.805445 0.805445 0.805443 0.80544 0.805436 0.805429 0.805422 0.805413 0.805402 0.805391 0.805378 0.805365 0.805351 0.805336 0.80532 0.805305 0.805289 0.805273 0.805257 0.805242 0.805227 0.805212 0.805199 0.805186 0.805175 0.805164 0.805155 0.805148 0.805141 0.805137 0.805134 0.805132 0.805132 0.805134 0.805137 0.805141 0.805148 0.805155 
0.850902 0.850903 0.850906 0.85091 0.850915 0.850922 0.85093 0.850939 0.850949 0.85096 0.850972 0.850985 0.850999 0.851013 0.851027 0.851041 0.851056 0.85107 0.851085 0.851098 0.851112 0.851124 0.851136 0.851147 0.851157 0.851165 0.851173 0.851179 0.851184 0.851187 0.851189 0.851189 0.851188 0.851186 0.851182 0.851177 0.85117 0.851162 0.851153 0.851142 0.851131 0.851119 0.851106 0.851093 0.851078 0.851064 0.85105 0.851035 0.851021 0.851006 0.850992 0.850979 0.850967 0.850955 0.850944 0.850934 0.850926 0.850918 0.850912 0.850908 0.850904 0.850902 
0.88841 0.888404 0.888398 0.888394 0.88839 0.888388 0.888387 0.888386 0.888387 0.888389 0.888392 0.888397 0.888402 0.888408 0.888415 0.888423 0.888431 0.888441 0.88845 0.888461 0.888471 0.888482 0.888493 0.888504 0.888515 0.888526 0.888536 0.888546 0.888556 0.888565 0.888573 0.88858 0.888587 0.888592 0.888597 0.8886 0.888603 0.888604 0.888604 0.888603 0.888601 0.888598 0.888594 0.888589 0.888582 0.888575 0.888567 0.888559 0.88855 0.88854 0.888529 0.888519 0.888508 0.888497 0.888486 0.888475 0.888464 0.888454 0.888444 0.888434 0.888425 0.888417 
0.917636 0.917628 0.917619 0.917611 0.917603 0.917595 0.917588 0.917581 0.917574 0.917568 0.917563 0.917558 0.917554 0.917551 0.917548 0.917546 0.917545 0.917545 0.917546 0.917547 0.91755 0.917553 0.917557 0.917562 0.917567 0.917573 0.917579 0.917586 0.917594 0.917601 0.917609 0.917617 0.917626 0.917634 0.917642 0.91765 0.917658 0.917665 0.917672 0.917679 0.917685 0.917691 0.917695 0.9177 0.917703 0.917705 0.917707 0.917708 0.917708 0.917707 0.917706 0.917703 0.9177 0.917696 0.917692 0.917686 0.91768 0.917674 0.917667 0.917659 0.917652 0.917644 
0.93853 0.938524 0.938518 0.938511 0.938503 0.938495 0.938486 0.938476 0.938466 0.938456 0.938445 0.938434 0.938424 0.938413 0.938403 0.938393 0.938384 0.938375 0.938367 0.938359 0.938352 0.938346 0.938341 0.938337 0.938334 0.938332 0.938331 0.938332 0.938333 0.938335 0.938339 0.938343 0.938348 0.938355 0.938362 0.938369 0.938378 0.938387 0.938397 0.938407 0.938417 0.938428 0.938438 0.938449 0.938459 0.93847 0.93848 0.938489 0.938498 0.938506 0.938514 0.938521 0.938526 0.938531 0.938535 0.938538 0.93854 0.938541 0.938541 0.93854 0.938537 0.938534 
0.95107 0.951068 0.951065 0.951061 0.951055 0.951048 0.951039 0.95103 0.951019 0.951007 0.950995 0.950981 0.950967 0.950953 0.950938 0.950923 0.950908 0.950893 0.950879 0.950865 0.950851 0.950839 0.950827 0.950816 0.950806 0.950797 0.95079 0.950784 0.95078 0.950777 0.950775 0.950775 0.950777 0.95078 0.950784 0.95079 0.950797 0.950806 0.950815 0.950826 0.950838 0.950851 0.950864 0.950878 0.950893 0.950907 0.950922 0.950937 0.950952 0.950966 0.95098 0.950994 0.951007 0.951018 0.951029 0.951039 0.951048 0.951055 0.951061 0.951065 0.951068 0.95107 
0.955256 0.955256 0.955254 0.95525 0.955245 0.955238 0.95523 0.955219 0.955208 0.955195 0.955181 0.955167 0.955151 0.955135 0.955118 0.9551 0.955083 0.955066 0.955048 0.955032 0.955015 0.955 0.954985 0.954971 0.954959 0.954948 0.954938 0.95493 0.954923 0.954918 0.954915 0.954913 0.954913 0.954915 0.954919 0.954925 0.954932 0.95494 0.95495 0.954962 0.954975 0.954989 0.955003 0.955019 0.955036 0.955052 0.95507 0.955087 0.955104 0.955122 0.955138 0.955155 0.95517 0.955185 0.955198 0.955211 0.955222 0.955232 0.95524 0.955247 0.955251 0.955255 
0.95109 0.951087 0.951083 0.951076 0.951068 0.951059 0.951048 0.951036 0.951023 0.951008 0.950993 0.950977 0.950961 0.950944 0.950927 0.95091 0.950893 0.950876 0.95086 0.950844 0.950829 0.950816 0.950803 0.950791 0.950781 0.950773 0.950766 0.95076 0.950756 0.950754 0.950754 0.950755 0.950758 0.950763 0.95077 0.950778 0.950787 0.950798 0.95081 0.950824 0.950838 0.950853 0.950869 0.950886 0.950903 0.95092 0.950937 0.950954 0.95097 0.950987 0.951002 0.951017 0.951031 0.951043 0.951055 0.951065 0.951073 0.95108 0.951086 0.95109 0.951092 0.951092 
0.938565 0.938556 0.938546 0.938534 0.938522 0.938508 0.938494 0.93848 0.938464 0.938449 0.938434 0.938418 0.938403 0.938388 0.938373 0.93836 0.938347 0.938335 0.938324 0.938314 0.938305 0.938298 0.938292 0.938288 0.938285 0.938284 0.938285 0.938287 0.93829 0.938295 0.938302 0.938309 0.938319 0.938329 0.938341 0.938353 0.938366 0.938381 0.938395 0.93841 0.938426 0.938441 0.938457 0.938472 0.938487 0.938501 0.938515 0.938528 0.93854 0.938551 0.938561 0.938569 0.938576 0.938582 0.938586 0.938589 0.93859 0.93859 0.938588 0.938584 0.938579 0.938573 
0.917671 0.917656 0.917641 0.917625 0.91761 0.917595 0.91758 0.917566 0.917552 0.917539 0.917527 0.917516 0.917506 0.917497 0.91749 0.917484 0.91748 0.917477 0.917476 0.917476 0.917478 0.917481 0.917486 0.917492 0.9175 0.917509 0.917519 0.917531 0.917543 0.917557 0.917571 0.917585 0.9176 0.917615 0.917631 0.917646 0.917661 0.917676 0.917691 0.917704 0.917717 0.917729 0.91774 0.91775 0.917759 0.917766 0.917772 0.917776 0.917779 0.91778 0.91778 0.917778 0.917775 0.91777 0.917763 0.917756 0.917746 0.917736 0.917725 0.917712 0.917699 0.917685 
0.888421 0.888405 0.88839 0.888376 0.888364 0.888353 0.888343 0.888335 0.888328 0.888323 0.88832 0.888319 0.88832 0.888322 0.888327 0.888333 0.88834 0.88835 0.888361 0.888373 0.888386 0.888401 0.888417 0.888433 0.88845 0.888468 0.888485 0.888503 0.888521 0.888539 0.888556 0.888573 0.888589 0.888604 0.888617 0.88863 0.888641 0.888651 0.888659 0.888665 0.88867 0.888673 0.888674 0.888673 0.888671 0.888667 0.88866 0.888653 0.888643 0.888632 0.88862 0.888607 0.888592 0.888576 0.88856 0.888543 0.888525 0.888507 0.888489 0.888472 0.888454 0.888437 
0.850865 0.850856 0.85085 0.850845 0.850843 0.850842 0.850844 0.850848 0.850854 0.850861 0.850871 0.850883 0.850896 0.850911 0.850927 0.850944 0.850963 0.850982 0.851002 0.851023 0.851044 0.851064 0.851085 0.851105 0.851125 0.851144 0.851162 0.851178 0.851194 0.851207 0.85122 0.85123 0.851238 0.851245 0.85125 0.851252 0.851252 0.851251 0.851247 0.851241 0.851233 0.851223 0.851212 0.851198 0.851183 0.851167 0.85115 0.851131 0.851112 0.851092 0.851071 0.85105 0.85103 0.851009 0.850989 0.850969 0.85095 0.850932 0.850916 0.850901 0.850887 0.850875 
0.805079 0.805083 0.80509 0.805099 0.805109 0.805122 0.805136 0.805152 0.805169 0.805188 0.805207 0.805227 0.805248 0.80527 0.805292 0.805313 0.805335 0.805356 0.805376 0.805395 0.805413 0.805431 0.805446 0.80546 0.805472 0.805483 0.805491 0.805497 0.805502 0.805504 0.805503 0.805501 0.805496 0.80549 0.805481 0.80547 0.805458 0.805443 0.805427 0.80541 0.805392 0.805372 0.805352 0.80533 0.805309 0.805287 0.805266 0.805244 0.805223 0.805203 0.805184 0.805165 0.805149 0.805133 0.805119 0.805107 0.805097 0.805088 0.805082 0.805078 0.805076 0.805076 
0.751116 0.751131 0.751147 0.751165 0.751183 0.751202 0.751222 0.751242 0.751262 0.751281 0.751301 0.75132 0.751338 0.751355 0.751371 0.751386 0.7514 0.751412 0.751422 0.75143 0.751437 0.751441 0.751444 0.751445 0.751443 0.75144 0.751435 0.751427 0.751418 0.751407 0.751395 0.751381 0.751365 0.751349 0.751331 0.751312 0.751293 0.751274 0.751254 0.751234 0.751214 0.751195 0.751176 0.751158 0.75114 0.751124 0.751109 0.751096 0.751084 0.751074 0.751066 0.751059 0.751055 0.751052 0.751052 0.751053 0.751057 0.751062 0.75107 0.751079 0.75109 0.751102 
0.688975 0.688991 0.689007 0.689022 0.689037 0.689052 0.689066 0.689078 0.68909 0.6891 0.68911 0.689118 0.689124 0.689129 0.689132 0.689134 0.689134 0.689132 0.689129 0.689124 0.689118 0.68911 0.689101 0.689091 0.689079 0.689066 0.689053 0.689038 0.689023 0.689007 0.688992 0.688975 0.688959 0.688943 0.688928 0.688913 0.688898 0.688885 0.688872 0.68886 0.68885 0.688841 0.688833 0.688827 0.688822 0.688819 0.688817 0.688817 0.688819 0.688822 0.688827 0.688833 0.688841 0.68885 0.688861 0.688873 0.688885 0.688899 0.688913 0.688928 0.688944 0.68896 
0.618666 0.618673 0.618679 0.618685 0.618689 0.618692 0.618694 0.618695 0.618694 0.618693 0.61869 0.618687 0.618682 0.618676 0.618669 0.618662 0.618653 0.618644 0.618634 0.618624 0.618613 0.618602 0.61859 0.618579 0.618568 0.618557 0.618546 0.618535 0.618525 0.618515 0.618507 0.618499 0.618492 0.618485 0.61848 0.618476 0.618473 0.618471 0.61847 0.618471 0.618472 0.618475 0.618479 0.618484 0.618489 0.618496 0.618504 0.618512 0.618522 0.618532 0.618542 0.618553 0.618564 0.618575 0.618587 0.618598 0.618609 0.61862 0.61863 0.61864 0.61865 0.618658 
0.540352 0.54035 0.540347 0.540343 0.540339 0.540334 0.540329 0.540323 0.540317 0.54031 0.540304 0.540297 0.54029 0.540282 0.540275 0.540268 0.540261 0.540255 0.540248 0.540242 0.540236 0.540231 0.540227 0.540223 0.540219 0.540217 0.540215 0.540213 0.540213 0.540213 0.540214 0.540215 0.540217 0.54022 0.540224 0.540228 0.540233 0.540238 0.540244 0.54025 0.540257 0.540264 0.540271 0.540278 0.540285 0.540292 0.540299 0.540306 0.540313 0.540319 0.540325 0.540331 0.540336 0.540341 0.540345 0.540348 0.540351 0.540353 0.540354 0.540354 0.540354 0.540353 
0.454466 0.454461 0.454457 0.454452 0.454448 0.454444 0.45444 0.454436 0.454433 0.454429 0.454426 0.454424 0.454422 0.45442 0.454419 0.454418 0.454417 0.454417 0.454418 0.454418 0.45442 0.454422 0.454424 0.454426 0.454429 0.454432 0.454436 0.45444 0.454444 0.454448 0.454452 0.454457 0.454461 0.454466 0.45447 0.454475 0.454479 0.454483 0.454487 0.45449 0.454493 0.454496 0.454499 0.454501 0.454503 0.454504 0.454505 0.454506 0.454506 0.454505 0.454504 0.454503 0.454501 0.454499 0.454496 0.454493 0.45449 0.454486 0.454483 0.454479 0.454474 0.45447 
0.361717 0.361716 0.361716 0.361715 0.361715 0.361715 0.361716 0.361717 0.361718 0.361719 0.361721 0.361723 0.361725 0.361727 0.36173 0.361733 0.361735 0.361738 0.361741 0.361745 0.361748 0.361751 0.361754 0.361757 0.36176 0.361763 0.361765 0.361768 0.36177 0.361772 0.361773 0.361775 0.361776 0.361777 0.361777 0.361777 0.361777 0.361777 0.361776 0.361775 0.361773 0.361772 0.36177 0.361767 0.361765 0.361762 0.36176 0.361757 0.361754 0.361751 0.361747 0.361744 0.361741 0.361738 0.361735 0.361732 0.361729 0.361727 0.361724 0.361722 0.36172 0.361719 
0.263075 0.263077 0.263079 0.263081 0.263083 0.263085 0.263088 0.26309 0.263092 0.263094 0.263097 0.263099 0.263101 0.263103 0.263105 0.263107 0.263109 0.26311 0.263112 0.263113 0.263114 0.263115 0.263115 0.263115 0.263116 0.263115 0.263115 0.263114 0.263113 0.263112 0.263111 0.263109 0.263108 0.263106 0.263104 0.263102 0.2631 0.263097 0.263095 0.263093 0.26309 0.263088 0.263086 0.263083 0.263081 0.263079 0.263077 0.263076 0.263074 0.263073 0.263072 0.263071 0.26307 0.263069 0.263069 0.263069 0.263069 0.26307 0.263071 0.263071 0.263073 0.263074 
0.159824 0.159825 0.159827 0.159829 0.15983 0.159831 0.159833 0.159834 0.159835 0.159836 0.159837 0.159837 0.159838 0.159838 0.159838 0.159839 0.159838 0.159838 0.159838 0.159837 0.159837 0.159836 0.159835 0.159834 0.159832 0.159831 0.15983 0.159828 0.159827 0.159825 0.159824 0.159822 0.15982 0.159819 0.159817 0.159816 0.159815 0.159813 0.159812 0.159811 0.15981 0.159809 0.159808 0.159808 0.159808 0.159807 0.159807 0.159807 0.159808 0.159808 0.159809 0.159809 0.15981 0.159811 0.159812 0.159813 0.159815 0.159816 0.159818 0.159819 0.159821 0.159822 
0.0536141 0.0536146 0.0536151 0.0536155 0.0536159 0.0536162 0.0536165 0.0536168 0.053617 0.0536171 0.0536172 0.0536172 0.0536172 0.0536172 0.053617 0.0536168 0.0536166 0.0536163 0.053616 0.0536156 0.0536152 0.0536147 0.0536142 0.0536137 0.0536131 0.0536126 0.053612 0.0536114 0.0536109 0.0536103 0.0536097 0.0536092 0.0536087 0.0536082 0.0536078 0.0536074 0.053607 0.0536067 0.0536065 0.0536063 0.0536061 0.053606 0.053606 0.053606 0.0536061 0.0536062 0.0536064 0.0536067 0.0536069 0.0536073 0.0536077 0.0536081 0.0536086 0.0536091 0.0536096 0.0536101 0.0536107 0.0536113 0.0536119 0.0536124 0.053613 0.0536136 
