0.0509619 0.0509617 0.0509616 0.0509615 0.0509615 0.0509614 0.0509613 0.0509612 0.0509611 0.0509611 0.050961 0.050961 0.0509609 0.0509609 0.0509609 0.0509609 0.0509609 0.0509609 0.0509609 0.050961 0.050961 0.0509611 0.0509612 0.0509612 0.0509613 0.0509614 0.0509615 0.0509616 0.0509617 0.0509618 0.0509619 0.0509621 0.0509622 0.0509623 0.0509624 0.0509625 0.0509626 0.0509626 0.0509627 0.0509628 0.0509629 0.0509629 0.050963 0.050963 0.050963 0.050963 0.050963 0.050963 0.050963 0.050963 0.0509629 0.0509629 0.0509628 0.0509627 0.0509627 0.0509626 0.0509625 0.0509624 0.0509623 0.0509622 0.0509621 0.050962 
0.152072 0.152071 0.152071 0.152071 0.152071 0.152071 0.152071 0.15207 0.15207 0.15207 0.15207 0.15207 0.15207 0.15207 0.15207 0.15207 0.15207 0.15207 0.15207 0.15207 0.15207 0.15207 0.152071 0.152071 0.152071 0.152071 0.152071 0.152071 0.152072 0.152072 0.152072 0.152072 0.152072 0.152073 0.152073 0.152073 0.152073 0.152073 0.152073 0.152074 0.152074 0.152074 0.152074 0.152074 0.152074 0.152074 0.152074 0.152074 0.152074 0.152074 0.152074 0.152073 0.152073 0.152073 0.152073 0.152073 0.152073 0.152073 0.152072 0.152072 0.152072 0.152072 
0.250789 0.250789 0.250789 0.250788 0.250788 0.250788 0.250788 0.250788 0.250788 0.250787 0.250787 0.250787 0.250787 0.250787 0.250787 0.250787 0.250787 0.250787 0.250787 0.250787 0.250787 0.250787 0.250787 0.250787 0.250787 0.250788 0.250788 0.250788 0.250788 0.250788 0.250789 0.250789 0.250789 0.250789 0.250789 0.25079 0.25079 0.25079 0.25079 0.25079 0.25079 0.250791 0.250791 0.250791 0.250791 0.250791 0.250791 0.250791 0.250791 0.250791 0.250791 0.250791 0.250791 0.250791 0.250791 0.25079 0.25079 0.25079 0.25079 0.25079 0.250789 0.250789 
0.345673 0.345672 0.345672 0.345672 0.345672 0.345672 0.345672 0.345672 0.345672 0.345671 0.345671 0.345671 0.345671 0.345671 0.345671 0.345671 0.345671 0.345671 0.345671 0.345671 0.345671 0.345671 0.345671 0.345671 0.345671 0.345671 0.345671 0.345671 0.345671 0.345671 0.345671 0.345671 0.345671 0.345672 0.345672 0.345672 0.345672 0.345672 0.345672 0.345672 0.345673 0.345673 0.345673 0.345673 0.345673 0.345673 0.345673 0.345673 0.345673 0.345673 0.345673 0.345673 0.345673 0.345673 0.345673 0.345673 0.345673 0.345673 0.345673 0.345673 0.345673 0.345673 
0.435483 0.435483 0.435483 0.435483 0.435483 0.435483 0.435483 0.435483 0.435483 0.435483 0.435483 0.435484 0.435484 0.435484 0.435484 0.435484 0.435484 0.435484 0.435484 0.435484 0.435484 0.435484 0.435484 0.435483 0.435483 0.435483 0.435483 0.435483 0.435483 0.435483 0.435483 0.435483 0.435483 0.435483 0.435483 0.435483 0.435483 0.435483 0.435483 0.435483 0.435483 0.435482 0.435482 0.435482 0.435482 0.435482 0.435482 0.435482 0.435482 0.435482 0.435482 0.435482 0.435483 0.435483 0.435483 0.435483 0.435483 0.435483 0.435483 0.435483 0.435483 0.435483 
0.519216 0.519217 0.519217 0.519217 0.519218 0.519218 0.519219 0.519219 0.51922 0.51922 0.519221 0.519221 0.519222 0.519222 0.519223 0.519223 0.519223 0.519224 0.519224 0.519225 0.519225 0.519225 0.519225 0.519225 0.519225 0.519225 0.519225 0.519225 0.519225 0.519225 0.519225 0.519225 0.519224 0.519224 0.519224 0.519223 0.519223 0.519222 0.519222 0.519221 0.519221 0.51922 0.51922 0.519219 0.519219 0.519218 0.519218 0.519218 0.519217 0.519217 0.519216 0.519216 0.519216 0.519216 0.519216 0.519216 0.519216 0.519216 0.519216 0.519216 0.519216 0.519216 
0.596107 0.596107 0.596107 0.596108 0.596108 0.596109 0.59611 0.596111 0.596112 0.596113 0.596114 0.596115 0.596116 0.596118 0.596119 0.59612 0.596122 0.596123 0.596124 0.596126 0.596127 0.596128 0.596129 0.59613 0.596131 0.596132 0.596133 0.596133 0.596134 0.596134 0.596134 0.596134 0.596134 0.596134 0.596133 0.596133 0.596132 0.596131 0.59613 0.596129 0.596128 0.596127 0.596126 0.596125 0.596123 0.596122 0.596121 0.596119 0.596118 0.596117 0.596115 0.596114 0.596113 0.596112 0.596111 0.59611 0.596109 0.596108 0.596108 0.596108 0.596107 0.596107 
0.665611 0.665609 0.665608 0.665608 0.665607 0.665607 0.665607 0.665608 0.665608 0.665609 0.66561 0.665612 0.665613 0.665615 0.665617 0.665619 0.665622 0.665624 0.665627 0.665629 0.665632 0.665635 0.665637 0.66564 0.665642 0.665645 0.665647 0.665649 0.665651 0.665653 0.665655 0.665656 0.665658 0.665659 0.665659 0.66566 0.66566 0.66566 0.665659 0.665659 0.665658 0.665656 0.665655 0.665653 0.665652 0.66565 0.665647 0.665645 0.665643 0.66564 0.665638 0.665635 0.665632 0.66563 0.665627 0.665624 0.665622 0.66562 0.665617 0.665615 0.665614 0.665612 
0.727366 0.727362 0.727359 0.727356 0.727354 0.727351 0.727349 0.727348 0.727347 0.727346 0.727345 0.727345 0.727346 0.727347 0.727348 0.727349 0.727351 0.727354 0.727357 0.72736 0.727363 0.727366 0.72737 0.727374 0.727378 0.727382 0.727386 0.72739 0.727394 0.727398 0.727402 0.727406 0.727409 0.727412 0.727415 0.727418 0.72742 0.727422 0.727424 0.727425 0.727426 0.727426 0.727426 0.727426 0.727425 0.727424 0.727422 0.72742 0.727418 0.727415 0.727412 0.727409 0.727405 0.727401 0.727398 0.727394 0.727389 0.727385 0.727381 0.727377 0.727373 0.727369 
0.781138 0.781132 0.781127 0.781122 0.781118 0.781113 0.781109 0.781104 0.781101 0.781097 0.781094 0.781092 0.78109 0.781088 0.781087 0.781086 0.781086 0.781087 0.781088 0.781089 0.781091 0.781094 0.781097 0.7811 0.781104 0.781108 0.781112 0.781117 0.781121 0.781126 0.781131 0.781137 0.781142 0.781147 0.781152 0.781157 0.781161 0.781166 0.78117 0.781174 0.781177 0.78118 0.781183 0.781185 0.781186 0.781187 0.781188 0.781188 0.781187 0.781186 0.781185 0.781183 0.78118 0.781177 0.781174 0.78117 0.781166 0.781162 0.781157 0.781153 0.781148 0.781143 
0.826766 0.826761 0.826757 0.826752 0.826746 0.826741 0.826736 0.826731 0.826726 0.826721 0.826717 0.826712 0.826708 0.826704 0.826701 0.826698 0.826696 0.826694 0.826692 0.826691 0.82669 0.826691 0.826691 0.826692 0.826694 0.826696 0.826698 0.826701 0.826705 0.826708 0.826712 0.826717 0.826721 0.826726 0.826731 0.826736 0.826742 0.826747 0.826752 0.826757 0.826762 0.826766 0.826771 0.826775 0.826778 0.826782 0.826785 0.826787 0.826789 0.826791 0.826792 0.826792 0.826792 0.826792 0.826791 0.826789 0.826787 0.826784 0.826781 0.826778 0.826774 0.82677 
0.864146 0.864144 0.864141 0.864138 0.864136 0.864132 0.864129 0.864125 0.864122 0.864118 0.864114 0.864111 0.864107 0.864103 0.8641 0.864096 0.864093 0.86409 0.864087 0.864085 0.864083 0.864081 0.864079 0.864078 0.864077 0.864077 0.864077 0.864077 0.864078 0.864079 0.864081 0.864082 0.864085 0.864087 0.86409 0.864093 0.864096 0.864099 0.864103 0.864107 0.86411 0.864114 0.864118 0.864122 0.864125 0.864129 0.864132 0.864135 0.864138 0.864141 0.864143 0.864146 0.864147 0.864149 0.86415 0.864151 0.864151 0.864151 0.864151 0.86415 0.864149 0.864148 
0.893223 0.893223 0.893224 0.893224 0.893225 0.893225 0.893225 0.893225 0.893224 0.893224 0.893223 0.893223 0.893222 0.893221 0.893219 0.893218 0.893217 0.893215 0.893214 0.893212 0.893211 0.893209 0.893207 0.893206 0.893204 0.893203 0.893201 0.8932 0.893199 0.893197 0.893196 0.893195 0.893195 0.893194 0.893194 0.893193 0.893193 0.893193 0.893193 0.893194 0.893194 0.893195 0.893196 0.893196 0.893198 0.893199 0.8932 0.893201 0.893203 0.893204 0.893206 0.893208 0.893209 0.893211 0.893212 0.893214 0.893215 0.893217 0.893218 0.893219 0.893221 0.893222 
0.913982 0.913985 0.913988 0.913991 0.913994 0.913998 0.914001 0.914004 0.914008 0.914011 0.914014 0.914018 0.91402 0.914023 0.914026 0.914028 0.91403 0.914032 0.914033 0.914034 0.914035 0.914036 0.914036 0.914036 0.914035 0.914034 0.914033 0.914031 0.914029 0.914027 0.914025 0.914022 0.914019 0.914016 0.914013 0.91401 0.914007 0.914003 0.914 0.913996 0.913993 0.91399 0.913987 0.913984 0.913981 0.913978 0.913976 0.913974 0.913972 0.913971 0.91397 0.913969 0.913969 0.913968 0.913969 0.913969 0.91397 0.913971 0.913973 0.913975 0.913977 0.913979 
0.92643 0.926434 0.926438 0.926443 0.926449 0.926454 0.92646 0.926467 0.926473 0.926479 0.926486 0.926492 0.926499 0.926505 0.926511 0.926516 0.926521 0.926526 0.926531 0.926534 0.926538 0.92654 0.926543 0.926544 0.926545 0.926545 0.926545 0.926544 0.926542 0.92654 0.926537 0.926533 0.926529 0.926525 0.92652 0.926514 0.926508 0.926502 0.926496 0.92649 0.926483 0.926477 0.926471 0.926464 0.926458 0.926452 0.926447 0.926441 0.926437 0.926432 0.926428 0.926425 0.926422 0.92642 0.926419 0.926418 0.926418 0.926418 0.926419 0.926421 0.926423 0.926426 
0.930576 0.930581 0.930587 0.930593 0.9306 0.930607 0.930615 0.930623 0.930631 0.930639 0.930647 0.930656 0.930664 0.930672 0.930679 0.930686 0.930693 0.930699 0.930705 0.93071 0.930714 0.930717 0.93072 0.930722 0.930723 0.930723 0.930723 0.930721 0.930719 0.930716 0.930712 0.930708 0.930703 0.930697 0.930691 0.930684 0.930676 0.930669 0.930661 0.930653 0.930644 0.930636 0.930628 0.93062 0.930612 0.930604 0.930597 0.93059 0.930584 0.930579 0.930574 0.93057 0.930566 0.930563 0.930562 0.93056 0.93056 0.930561 0.930562 0.930565 0.930568 0.930571 
0.926427 0.926433 0.926441 0.926448 0.926456 0.926464 0.926472 0.926481 0.926489 0.926498 0.926506 0.926514 0.926521 0.926529 0.926535 0.926542 0.926547 0.926552 0.926556 0.92656 0.926562 0.926564 0.926565 0.926565 0.926564 0.926563 0.92656 0.926557 0.926553 0.926548 0.926543 0.926537 0.92653 0.926523 0.926516 0.926508 0.926499 0.926491 0.926483 0.926474 0.926466 0.926458 0.92645 0.926442 0.926435 0.926428 0.926422 0.926416 0.926411 0.926407 0.926404 0.926401 0.926399 0.926399 0.926398 0.926399 0.926401 0.926403 0.926407 0.926411 0.926415 0.926421 
0.913985 0.913992 0.914 0.914008 0.914015 0.914023 0.91403 0.914037 0.914044 0.91405 0.914056 0.914061 0.914066 0.91407 0.914073 0.914076 0.914078 0.914079 0.914079 0.914079 0.914078 0.914076 0.914073 0.914069 0.914065 0.91406 0.914055 0.914049 0.914043 0.914036 0.914029 0.914021 0.914014 0.914006 0.913998 0.91399 0.913983 0.913975 0.913968 0.913962 0.913955 0.913949 0.913944 0.913939 0.913935 0.913932 0.91393 0.913928 0.913927 0.913926 0.913927 0.913928 0.91393 0.913933 0.913937 0.913941 0.913946 0.913951 0.913957 0.913963 0.91397 0.913977 
0.893243 0.893249 0.893255 0.893261 0.893266 0.893271 0.893275 0.893279 0.893281 0.893283 0.893284 0.893285 0.893284 0.893283 0.893281 0.893279 0.893276 0.893272 0.893267 0.893262 0.893256 0.89325 0.893243 0.893236 0.893229 0.893222 0.893214 0.893207 0.893199 0.893192 0.893184 0.893177 0.893171 0.893165 0.893159 0.893154 0.893149 0.893145 0.893141 0.893139 0.893137 0.893136 0.893135 0.893136 0.893137 0.893139 0.893141 0.893145 0.893149 0.893153 0.893159 0.893164 0.893171 0.893177 0.893184 0.893191 0.893199 0.893206 0.893214 0.893221 0.893229 0.893236 
0.86419 0.864193 0.864195 0.864196 0.864197 0.864196 0.864195 0.864193 0.86419 0.864187 0.864183 0.864178 0.864172 0.864166 0.864159 0.864152 0.864144 0.864136 0.864128 0.86412 0.864112 0.864104 0.864096 0.864088 0.86408 0.864073 0.864066 0.86406 0.864054 0.864049 0.864044 0.864041 0.864038 0.864036 0.864034 0.864034 0.864034 0.864035 0.864038 0.86404 0.864044 0.864048 0.864053 0.864059 0.864065 0.864072 0.864079 0.864087 0.864095 0.864103 0.864111 0.864119 0.864127 0.864135 0.864143 0.864151 0.864158 0.864165 0.864171 0.864177 0.864182 0.864186 
0.826826 0.826824 0.826821 0.826817 0.826812 0.826807 0.826801 0.826794 0.826787 0.826779 0.826771 0.826763 0.826754 0.826746 0.826737 0.826729 0.82672 0.826712 0.826704 0.826696 0.826689 0.826683 0.826677 0.826672 0.826667 0.826664 0.826661 0.826659 0.826657 0.826657 0.826658 0.826659 0.826661 0.826665 0.826669 0.826673 0.826679 0.826685 0.826691 0.826699 0.826706 0.826714 0.826723 0.826731 0.82674 0.826749 0.826757 0.826766 0.826774 0.826782 0.826789 0.826796 0.826803 0.826809 0.826814 0.826818 0.826822 0.826825 0.826827 0.826828 0.826828 0.826828 
0.781193 0.781187 0.781181 0.781173 0.781166 0.781158 0.78115 0.781142 0.781134 0.781126 0.781118 0.781111 0.781103 0.781096 0.78109 0.781084 0.781078 0.781073 0.781069 0.781065 0.781063 0.781061 0.781059 0.781059 0.781059 0.781061 0.781063 0.781065 0.781069 0.781073 0.781078 0.781084 0.78109 0.781097 0.781104 0.781111 0.781119 0.781127 0.781135 0.781143 0.781151 0.781159 0.781166 0.781174 0.781181 0.781187 0.781194 0.781199 0.781204 0.781208 0.781212 0.781214 0.781216 0.781218 0.781218 0.781218 0.781216 0.781214 0.781211 0.781208 0.781204 0.781199 
0.727397 0.727391 0.727385 0.727378 0.727372 0.727366 0.72736 0.727354 0.727349 0.727344 0.727339 0.727335 0.727332 0.727329 0.727326 0.727325 0.727324 0.727323 0.727323 0.727324 0.727326 0.727328 0.727331 0.727334 0.727338 0.727343 0.727347 0.727353 0.727358 0.727364 0.72737 0.727377 0.727383 0.72739 0.727396 0.727402 0.727409 0.727415 0.72742 0.727426 0.727431 0.727435 0.727439 0.727443 0.727445 0.727448 0.727449 0.72745 0.727451 0.727451 0.72745 0.727448 0.727446 0.727443 0.72744 0.727436 0.727431 0.727426 0.727421 0.727416 0.72741 0.727404 
0.665616 0.665612 0.665609 0.665605 0.665602 0.665599 0.665597 0.665595 0.665593 0.665592 0.665591 0.665591 0.665591 0.665592 0.665593 0.665594 0.665596 0.665598 0.665601 0.665604 0.665607 0.665611 0.665615 0.665619 0.665623 0.665627 0.665632 0.665636 0.66564 0.665645 0.665649 0.665653 0.665657 0.665661 0.665664 0.665667 0.66567 0.665673 0.665675 0.665676 0.665677 0.665678 0.665678 0.665678 0.665678 0.665677 0.665675 0.665673 0.665671 0.665668 0.665665 0.665662 0.665658 0.665654 0.66565 0.665646 0.665642 0.665637 0.665633 0.665629 0.665624 0.66562 
0.5961 0.596099 0.596098 0.596097 0.596097 0.596096 0.596097 0.596097 0.596097 0.596098 0.596099 0.5961 0.596102 0.596104 0.596105 0.596107 0.59611 0.596112 0.596114 0.596117 0.596119 0.596122 0.596124 0.596127 0.596129 0.596132 0.596134 0.596136 0.596138 0.59614 0.596142 0.596143 0.596144 0.596145 0.596146 0.596146 0.596147 0.596147 0.596146 0.596146 0.596145 0.596144 0.596143 0.596141 0.596139 0.596138 0.596136 0.596133 0.596131 0.596129 0.596126 0.596124 0.596121 0.596119 0.596116 0.596114 0.596111 0.596109 0.596107 0.596105 0.596103 0.596101 
0.51921 0.51921 0.51921 0.51921 0.51921 0.519211 0.519212 0.519212 0.519213 0.519214 0.519215 0.519216 0.519217 0.519218 0.519219 0.519221 0.519222 0.519223 0.519224 0.519225 0.519226 0.519227 0.519228 0.519229 0.51923 0.519231 0.519232 0.519232 0.519233 0.519233 0.519233 0.519233 0.519233 0.519233 0.519233 0.519232 0.519232 0.519231 0.51923 0.519229 0.519229 0.519228 0.519227 0.519225 0.519224 0.519223 0.519222 0.519221 0.51922 0.519218 0.519217 0.519216 0.519215 0.519214 0.519213 0.519212 0.519212 0.519211 0.519211 0.51921 0.51921 0.51921 
0.43548 0.43548 0.43548 0.43548 0.435481 0.435481 0.435481 0.435482 0.435482 0.435483 0.435483 0.435483 0.435484 0.435484 0.435485 0.435485 0.435486 0.435486 0.435486 0.435487 0.435487 0.435487 0.435487 0.435488 0.435488 0.435488 0.435488 0.435488 0.435488 0.435488 0.435488 0.435488 0.435487 0.435487 0.435487 0.435487 0.435486 0.435486 0.435485 0.435485 0.435485 0.435484 0.435484 0.435483 0.435483 0.435482 0.435482 0.435482 0.435481 0.435481 0.435481 0.43548 0.43548 0.43548 0.43548 0.43548 0.435479 0.435479 0.435479 0.435479 0.43548 0.43548 
0.345672 0.345672 0.345672 0.345672 0.345672 0.345672 0.345672 0.345672 0.345672 0.345672 0.345673 0.345673 0.345673 0.345673 0.345673 0.345673 0.345673 0.345673 0.345673 0.345673 0.345673 0.345673 0.345673 0.345673 0.345673 0.345673 0.345673 0.345673 0.345673 0.345673 0.345673 0.345673 0.345673 0.345673 0.345673 0.345673 0.345673 0.345673 0.345673 0.345672 0.345672 0.345672 0.345672 0.345672 0.345672 0.345672 0.345672 0.345672 0.345672 0.345672 0.345672 0.345672 0.345672 0.345672 0.345671 0.345671 0.345672 0.345672 0.345672 0.345672 0.345672 0.345672 
0.25079 0.25079 0.25079 0.250789 0.250789 0.250789 0.250789 0.250789 0.250789 0.250789 0.250789 0.250789 0.250789 0.250789 0.250789 0.250789 0.250789 0.250789 0.250789 0.250789 0.250789 0.250789 0.250789 0.250789 0.250789 0.250789 0.250789 0.250789 0.250789 0.250789 0.250789 0.250789 0.250789 0.250789 0.250789 0.250789 0.250789 0.250789 0.250789 0.250789 0.250789 0.250789 0.250789 0.25079 0.25079 0.25079 0.25079 0.25079 0.25079 0.25079 0.25079 0.25079 0.25079 0.25079 0.25079 0.25079 0.25079 0.25079 0.25079 0.25079 0.25079 0.25079 
0.152073 0.152073 0.152072 0.152072 0.152072 0.152072 0.152072 0.152072 0.152072 0.152072 0.152071 0.152071 0.152071 0.152071 0.152071 0.152071 0.152071 0.152071 0.152071 0.152071 0.152071 0.152071 0.152071 0.152071 0.152071 0.152071 0.152071 0.152071 0.152071 0.152071 0.152071 0.152071 0.152072 0.152072 0.152072 0.152072 0.152072 0.152072 0.152072 0.152073 0.152073 0.152073 0.152073 0.152073 0.152073 0.152073 0.152073 0.152073 0.152073 0.152073 0.152073 0.152073 0.152073 0.152073 0.152073 0.152073 0.152073 0.152073 0.152073 0.152073 0.152073 0.152073 
0.0509624 0.0509623 0.0509622 0.0509621 0.050962 0.0509619 0.0509618 0.0509617 0.0509616 0.0509615 0.0509614 0.0509614 0.0509613 0.0509612 0.0509612 0.0509611 0.0509611 0.050961 0.050961 0.050961 0.050961 0.050961 0.050961 0.0509611 0.0509611 0.0509611 0.0509612 0.0509613 0.0509613 0.0509614 0.0509615 0.0509616 0.0509617 0.0509618 0.0509619 0.050962 0.0509621 0.0509622 0.0509623 0.0509624 0.0509625 0.0509626 0.0509627 0.0509628 0.0509628 0.0509629 0.0509629 0.050963 0.050963 0.050963 0.050963 0.050963 0.050963 0.050963 0.050963 0.0509629 0.0509629 0.0509628 0.0509628 0.0509627 0.0509626 0.0509625 
