0.0506254 0.0506254 0.0506253 0.0506252 0.0506252 0.0506251 0.050625 0.050625 0.0506249 0.0506248 0.0506247 0.0506246 0.0506245 0.0506244 0.0506244 0.0506243 0.0506242 0.0506241 0.0506241 0.050624 0.0506239 0.0506239 0.0506239 0.0506238 0.0506238 0.0506238 0.0506238 0.0506238 0.0506238 0.0506238 0.0506239 0.0506239 0.050624 0.050624 0.0506241 0.0506241 0.0506242 0.0506243 0.0506244 0.0506245 0.0506245 0.0506246 0.0506247 0.0506248 0.0506249 0.050625 0.0506251 0.0506251 0.0506252 0.0506253 0.0506253 0.0506254 0.0506254 0.0506255 0.0506255 0.0506255 0.0506255 0.0506255 0.0506255 0.0506255 0.0506255 0.0506254 
0.151081 0.151081 0.151081 0.151081 0.151081 0.15108 0.15108 0.15108 0.15108 0.15108 0.15108 0.151079 0.151079 0.151079 0.151079 0.151079 0.151079 0.151079 0.151078 0.151078 0.151078 0.151078 0.151078 0.151078 0.151078 0.151078 0.151078 0.151078 0.151078 0.151078 0.151078 0.151079 0.151079 0.151079 0.151079 0.151079 0.151079 0.151079 0.15108 0.15108 0.15108 0.15108 0.15108 0.15108 0.151081 0.151081 0.151081 0.151081 0.151081 0.151081 0.151081 0.151081 0.151081 0.151082 0.151082 0.151082 0.151082 0.151082 0.151081 0.151081 0.151081 0.151081 
0.2492 0.2492 0.249199 0.249199 0.249199 0.249199 0.249199 0.249199 0.249198 0.249198 0.249198 0.249198 0.249198 0.249197 0.249197 0.249197 0.249197 0.249197 0.249197 0.249196 0.249196 0.249196 0.249196 0.249196 0.249196 0.249196 0.249196 0.249196 0.249196 0.249196 0.249196 0.249196 0.249196 0.249196 0.249196 0.249197 0.249197 0.249197 0.249197 0.249197 0.249197 0.249198 0.249198 0.249198 0.249198 0.249199 0.249199 0.249199 0.249199 0.249199 0.249199 0.2492 0.2492 0.2492 0.2492 0.2492 0.2492 0.2492 0.2492 0.2492 0.2492 0.2492 
0.343566 0.343566 0.343566 0.343566 0.343566 0.343566 0.343566 0.343566 0.343566 0.343565 0.343565 0.343565 0.343565 0.343565 0.343565 0.343565 0.343564 0.343564 0.343564 0.343564 0.343564 0.343564 0.343563 0.343563 0.343563 0.343563 0.343563 0.343563 0.343563 0.343563 0.343563 0.343563 0.343563 0.343563 0.343563 0.343563 0.343563 0.343563 0.343563 0.343563 0.343563 0.343564 0.343564 0.343564 0.343564 0.343564 0.343564 0.343565 0.343565 0.343565 0.343565 0.343565 0.343565 0.343566 0.343566 0.343566 0.343566 0.343566 0.343566 0.343566 0.343566 0.343566 
0.432955 0.432955 0.432956 0.432956 0.432956 0.432956 0.432956 0.432956 0.432956 0.432956 0.432956 0.432956 0.432956 0.432956 0.432956 0.432956 0.432956 0.432956 0.432956 0.432956 0.432956 0.432956 0.432956 0.432956 0.432956 0.432956 0.432956 0.432956 0.432956 0.432956 0.432956 0.432956 0.432955 0.432955 0.432955 0.432955 0.432955 0.432955 0.432955 0.432955 0.432955 0.432955 0.432955 0.432955 0.432955 0.432955 0.432955 0.432955 0.432955 0.432955 0.432955 0.432955 0.432955 0.432955 0.432955 0.432955 0.432955 0.432955 0.432955 0.432955 0.432955 0.432955 
0.516367 0.516367 0.516367 0.516367 0.516367 0.516366 0.516366 0.516366 0.516367 0.516367 0.516367 0.516367 0.516367 0.516367 0.516368 0.516368 0.516368 0.516369 0.516369 0.516369 0.51637 0.51637 0.516371 0.516371 0.516372 0.516372 0.516372 0.516373 0.516373 0.516373 0.516374 0.516374 0.516374 0.516374 0.516374 0.516375 0.516375 0.516375 0.516375 0.516375 0.516374 0.516374 0.516374 0.516374 0.516374 0.516373 0.516373 0.516373 0.516372 0.516372 0.516372 0.516371 0.516371 0.51637 0.51637 0.51637 0.516369 0.516369 0.516368 0.516368 0.516368 0.516368 
0.593033 0.593032 0.593031 0.59303 0.593029 0.593028 0.593027 0.593026 0.593026 0.593026 0.593025 0.593025 0.593025 0.593025 0.593025 0.593026 0.593026 0.593026 0.593027 0.593028 0.593029 0.59303 0.593031 0.593032 0.593033 0.593034 0.593035 0.593036 0.593037 0.593039 0.59304 0.593041 0.593042 0.593043 0.593044 0.593045 0.593046 0.593046 0.593047 0.593048 0.593048 0.593048 0.593048 0.593048 0.593048 0.593048 0.593048 0.593047 0.593047 0.593046 0.593046 0.593045 0.593044 0.593043 0.593042 0.593041 0.59304 0.593038 0.593037 0.593036 0.593035 0.593034 
0.662394 0.662391 0.662389 0.662387 0.662384 0.662382 0.66238 0.662378 0.662376 0.662374 0.662373 0.662371 0.66237 0.662369 0.662368 0.662367 0.662367 0.662366 0.662366 0.662367 0.662367 0.662368 0.662369 0.66237 0.662371 0.662373 0.662375 0.662376 0.662378 0.662381 0.662383 0.662385 0.662387 0.66239 0.662392 0.662394 0.662396 0.662399 0.662401 0.662403 0.662404 0.662406 0.662408 0.662409 0.66241 0.662411 0.662412 0.662412 0.662412 0.662412 0.662412 0.662411 0.662411 0.66241 0.662409 0.662407 0.662406 0.662404 0.662402 0.6624 0.662398 0.662396 
0.724061 0.724058 0.724055 0.724052 0.724049 0.724045 0.724042 0.724038 0.724034 0.724031 0.724027 0.724024 0.724021 0.724018 0.724015 0.724012 0.72401 0.724008 0.724006 0.724004 0.724003 0.724002 0.724002 0.724002 0.724002 0.724003 0.724004 0.724005 0.724007 0.724009 0.724011 0.724014 0.724017 0.72402 0.724023 0.724026 0.72403 0.724033 0.724037 0.72404 0.724044 0.724048 0.724051 0.724054 0.724057 0.72406 0.724063 0.724065 0.724067 0.724069 0.72407 0.724072 0.724072 0.724073 0.724073 0.724072 0.724072 0.724071 0.724069 0.724068 0.724066 0.724063 
0.777767 0.777765 0.777763 0.77776 0.777757 0.777754 0.777751 0.777747 0.777743 0.777739 0.777734 0.77773 0.777725 0.777721 0.777716 0.777712 0.777708 0.777704 0.7777 0.777696 0.777693 0.77769 0.777687 0.777685 0.777683 0.777682 0.777681 0.77768 0.77768 0.777681 0.777681 0.777683 0.777684 0.777687 0.777689 0.777692 0.777695 0.777699 0.777703 0.777707 0.777711 0.777715 0.77772 0.777724 0.777729 0.777733 0.777737 0.777742 0.777746 0.77775 0.777753 0.777756 0.777759 0.777762 0.777764 0.777766 0.777768 0.777768 0.777769 0.777769 0.777769 0.777768 
0.823336 0.823336 0.823336 0.823335 0.823334 0.823333 0.823331 0.823329 0.823326 0.823323 0.82332 0.823316 0.823312 0.823308 0.823304 0.823299 0.823295 0.82329 0.823286 0.823281 0.823277 0.823273 0.823269 0.823265 0.823262 0.823258 0.823255 0.823253 0.823251 0.823249 0.823248 0.823247 0.823247 0.823247 0.823247 0.823248 0.82325 0.823252 0.823254 0.823257 0.82326 0.823263 0.823267 0.823271 0.823275 0.823279 0.823283 0.823288 0.823292 0.823297 0.823301 0.823306 0.82331 0.823314 0.823318 0.823321 0.823324 0.823327 0.82333 0.823332 0.823334 0.823335 
0.86067 0.860672 0.860673 0.860674 0.860675 0.860675 0.860676 0.860675 0.860675 0.860674 0.860673 0.860672 0.86067 0.860668 0.860666 0.860663 0.86066 0.860658 0.860655 0.860651 0.860648 0.860645 0.860642 0.860638 0.860635 0.860632 0.860629 0.860626 0.860623 0.860621 0.860619 0.860617 0.860615 0.860613 0.860612 0.860611 0.860611 0.860611 0.860611 0.860611 0.860612 0.860613 0.860615 0.860617 0.860619 0.860621 0.860623 0.860626 0.860629 0.860632 0.860635 0.860638 0.860642 0.860645 0.860648 0.860651 0.860655 0.860658 0.86066 0.860663 0.860666 0.860668 
0.889726 0.889727 0.889728 0.889729 0.889731 0.889732 0.889733 0.889734 0.889735 0.889736 0.889737 0.889737 0.889738 0.889738 0.889739 0.889739 0.889739 0.889739 0.889739 0.889739 0.889739 0.889738 0.889737 0.889737 0.889736 0.889735 0.889734 0.889733 0.889732 0.889731 0.88973 0.889728 0.889727 0.889726 0.889725 0.889724 0.889722 0.889721 0.88972 0.889719 0.889718 0.889718 0.889717 0.889716 0.889716 0.889715 0.889715 0.889715 0.889715 0.889715 0.889715 0.889716 0.889716 0.889717 0.889718 0.889718 0.889719 0.88972 0.889721 0.889722 0.889724 0.889725 
0.910488 0.910487 0.910486 0.910486 0.910486 0.910486 0.910487 0.910488 0.910489 0.91049 0.910492 0.910494 0.910496 0.910498 0.910501 0.910503 0.910506 0.910509 0.910512 0.910515 0.910518 0.91052 0.910523 0.910526 0.910529 0.910531 0.910533 0.910535 0.910537 0.910539 0.91054 0.910542 0.910542 0.910543 0.910543 0.910543 0.910543 0.910542 0.910542 0.91054 0.910539 0.910537 0.910536 0.910533 0.910531 0.910529 0.910526 0.910523 0.910521 0.910518 0.910515 0.910512 0.910509 0.910506 0.910503 0.910501 0.910498 0.910496 0.910494 0.910492 0.91049 0.910489 
0.922946 0.922943 0.92294 0.922938 0.922937 0.922936 0.922935 0.922936 0.922936 0.922938 0.92294 0.922942 0.922945 0.922948 0.922952 0.922956 0.922961 0.922966 0.922971 0.922977 0.922982 0.922988 0.922994 0.922999 0.923005 0.92301 0.923016 0.923021 0.923025 0.92303 0.923034 0.923037 0.92304 0.923043 0.923045 0.923047 0.923048 0.923048 0.923048 0.923047 0.923046 0.923044 0.923041 0.923038 0.923035 0.923031 0.923027 0.923022 0.923017 0.923012 0.923007 0.923001 0.922995 0.92299 0.922984 0.922978 0.922973 0.922968 0.922962 0.922958 0.922953 0.922949 
0.927091 0.927088 0.927084 0.927082 0.92708 0.927079 0.927078 0.927079 0.92708 0.927082 0.927084 0.927088 0.927092 0.927096 0.927101 0.927107 0.927113 0.927119 0.927126 0.927133 0.92714 0.927148 0.927155 0.927162 0.92717 0.927177 0.927184 0.92719 0.927196 0.927202 0.927207 0.927211 0.927215 0.927218 0.927221 0.927223 0.927224 0.927224 0.927224 0.927223 0.927221 0.927218 0.927215 0.927211 0.927207 0.927201 0.927196 0.92719 0.927183 0.927177 0.927169 0.927162 0.927155 0.927147 0.92714 0.927133 0.927126 0.927119 0.927113 0.927106 0.927101 0.927096 
0.922922 0.92292 0.922918 0.922917 0.922917 0.922917 0.922919 0.922921 0.922924 0.922927 0.922931 0.922936 0.922942 0.922948 0.922954 0.922961 0.922968 0.922975 0.922983 0.92299 0.922998 0.923005 0.923013 0.92302 0.923027 0.923034 0.92304 0.923045 0.92305 0.923055 0.923059 0.923062 0.923064 0.923066 0.923067 0.923067 0.923067 0.923065 0.923063 0.92306 0.923057 0.923052 0.923048 0.923042 0.923036 0.92303 0.923023 0.923016 0.923009 0.923001 0.922994 0.922986 0.922978 0.922971 0.922964 0.922957 0.92295 0.922944 0.922938 0.922933 0.922929 0.922925 
0.910446 0.910447 0.910449 0.910451 0.910455 0.910458 0.910462 0.910467 0.910473 0.910478 0.910485 0.910491 0.910498 0.910505 0.910512 0.910519 0.910526 0.910533 0.910539 0.910546 0.910552 0.910558 0.910563 0.910568 0.910572 0.910576 0.910579 0.910582 0.910583 0.910585 0.910585 0.910585 0.910584 0.910582 0.910579 0.910576 0.910573 0.910568 0.910563 0.910558 0.910552 0.910546 0.91054 0.910533 0.910526 0.910519 0.910512 0.910505 0.910498 0.910491 0.910485 0.910479 0.910473 0.910468 0.910463 0.910458 0.910455 0.910452 0.910449 0.910447 0.910446 0.910446 
0.88968 0.889685 0.88969 0.889696 0.889702 0.889709 0.889716 0.889722 0.889729 0.889736 0.889743 0.88975 0.889756 0.889762 0.889768 0.889773 0.889778 0.889782 0.889786 0.88979 0.889792 0.889794 0.889795 0.889796 0.889796 0.889795 0.889793 0.889791 0.889788 0.889785 0.889781 0.889776 0.889771 0.889766 0.88976 0.889754 0.889747 0.889741 0.889734 0.889727 0.88972 0.889713 0.889707 0.8897 0.889694 0.889688 0.889683 0.889678 0.889674 0.88967 0.889667 0.889664 0.889662 0.889661 0.88966 0.88966 0.889661 0.889663 0.889665 0.889668 0.889671 0.889675 
0.860637 0.860645 0.860652 0.860659 0.860667 0.860674 0.86068 0.860686 0.860692 0.860698 0.860702 0.860707 0.86071 0.860713 0.860715 0.860717 0.860717 0.860717 0.860717 0.860715 0.860713 0.86071 0.860706 0.860702 0.860697 0.860692 0.860686 0.86068 0.860673 0.860666 0.860659 0.860651 0.860644 0.860636 0.860629 0.860622 0.860615 0.860608 0.860602 0.860596 0.860591 0.860586 0.860582 0.860578 0.860576 0.860573 0.860572 0.860571 0.860571 0.860572 0.860574 0.860576 0.860579 0.860583 0.860587 0.860592 0.860597 0.860603 0.860609 0.860616 0.860623 0.86063 
0.823331 0.823338 0.823344 0.823349 0.823354 0.823358 0.823362 0.823365 0.823367 0.823368 0.823369 0.823369 0.823368 0.823366 0.823364 0.82336 0.823356 0.823352 0.823347 0.823341 0.823335 0.823328 0.823321 0.823314 0.823306 0.823299 0.823291 0.823283 0.823275 0.823268 0.823261 0.823254 0.823248 0.823242 0.823236 0.823231 0.823227 0.823223 0.82322 0.823218 0.823217 0.823216 0.823217 0.823218 0.823219 0.823222 0.823225 0.823229 0.823234 0.823239 0.823244 0.823251 0.823257 0.823264 0.823272 0.823279 0.823287 0.823295 0.823302 0.82331 0.823317 0.823324 
0.777789 0.777792 0.777794 0.777796 0.777796 0.777796 0.777796 0.777794 0.777792 0.777789 0.777786 0.777782 0.777777 0.777772 0.777766 0.77776 0.777753 0.777747 0.77774 0.777733 0.777726 0.777718 0.777711 0.777704 0.777698 0.777691 0.777685 0.77768 0.777674 0.77767 0.777666 0.777662 0.77766 0.777657 0.777656 0.777655 0.777655 0.777656 0.777658 0.77766 0.777663 0.777666 0.77767 0.777675 0.77768 0.777686 0.777692 0.777699 0.777705 0.777712 0.777719 0.777726 0.777734 0.777741 0.777748 0.777754 0.777761 0.777767 0.777772 0.777777 0.777782 0.777786 
0.724095 0.724094 0.724092 0.72409 0.724087 0.724084 0.72408 0.724076 0.724072 0.724067 0.724062 0.724056 0.724051 0.724045 0.72404 0.724034 0.724028 0.724022 0.724017 0.724012 0.724007 0.724002 0.723998 0.723994 0.723991 0.723988 0.723986 0.723984 0.723983 0.723982 0.723982 0.723982 0.723984 0.723985 0.723987 0.72399 0.723993 0.723997 0.724001 0.724006 0.72401 0.724016 0.724021 0.724027 0.724032 0.724038 0.724044 0.724049 0.724055 0.72406 0.724066 0.72407 0.724075 0.724079 0.724083 0.724086 0.724089 0.724092 0.724093 0.724095 0.724095 0.724095 
0.66242 0.662417 0.662414 0.66241 0.662407 0.662403 0.662399 0.662396 0.662392 0.662388 0.662384 0.66238 0.662376 0.662373 0.662369 0.662366 0.662363 0.66236 0.662358 0.662356 0.662354 0.662353 0.662352 0.662351 0.662351 0.662352 0.662352 0.662353 0.662355 0.662357 0.662359 0.662361 0.662364 0.662367 0.662371 0.662374 0.662378 0.662382 0.662385 0.662389 0.662393 0.662397 0.662401 0.662405 0.662409 0.662412 0.662415 0.662418 0.662421 0.662423 0.662425 0.662427 0.662428 0.662429 0.662429 0.66243 0.662429 0.662428 0.662427 0.662426 0.662424 0.662422 
0.593043 0.593041 0.593039 0.593036 0.593034 0.593032 0.59303 0.593028 0.593026 0.593024 0.593022 0.59302 0.593019 0.593018 0.593017 0.593016 0.593015 0.593015 0.593015 0.593015 0.593015 0.593016 0.593017 0.593018 0.593019 0.59302 0.593022 0.593024 0.593026 0.593028 0.59303 0.593032 0.593034 0.593037 0.593039 0.593041 0.593044 0.593046 0.593048 0.59305 0.593052 0.593054 0.593055 0.593057 0.593058 0.593059 0.59306 0.59306 0.593061 0.593061 0.59306 0.59306 0.593059 0.593059 0.593058 0.593056 0.593055 0.593053 0.593052 0.59305 0.593048 0.593045 
0.516368 0.516367 0.516366 0.516365 0.516364 0.516363 0.516363 0.516362 0.516361 0.516361 0.516361 0.51636 0.51636 0.51636 0.516361 0.516361 0.516361 0.516362 0.516362 0.516363 0.516364 0.516364 0.516365 0.516366 0.516367 0.516368 0.516369 0.516371 0.516372 0.516373 0.516374 0.516375 0.516376 0.516377 0.516378 0.516379 0.51638 0.51638 0.516381 0.516381 0.516382 0.516382 0.516382 0.516382 0.516382 0.516382 0.516382 0.516382 0.516381 0.516381 0.51638 0.516379 0.516378 0.516377 0.516376 0.516375 0.516374 0.516373 0.516372 0.516371 0.51637 0.516369 
0.432953 0.432953 0.432953 0.432952 0.432952 0.432952 0.432952 0.432952 0.432952 0.432952 0.432952 0.432953 0.432953 0.432953 0.432953 0.432953 0.432954 0.432954 0.432954 0.432955 0.432955 0.432956 0.432956 0.432956 0.432957 0.432957 0.432958 0.432958 0.432958 0.432959 0.432959 0.432959 0.43296 0.43296 0.43296 0.43296 0.43296 0.43296 0.43296 0.43296 0.43296 0.43296 0.43296 0.43296 0.432959 0.432959 0.432959 0.432958 0.432958 0.432958 0.432957 0.432957 0.432957 0.432956 0.432956 0.432955 0.432955 0.432955 0.432954 0.432954 0.432954 0.432953 
0.343564 0.343564 0.343564 0.343564 0.343565 0.343565 0.343565 0.343565 0.343565 0.343565 0.343565 0.343565 0.343565 0.343565 0.343565 0.343565 0.343565 0.343565 0.343565 0.343565 0.343565 0.343565 0.343565 0.343566 0.343566 0.343566 0.343566 0.343566 0.343566 0.343566 0.343566 0.343566 0.343566 0.343565 0.343565 0.343565 0.343565 0.343565 0.343565 0.343565 0.343565 0.343565 0.343565 0.343565 0.343565 0.343565 0.343565 0.343565 0.343565 0.343565 0.343564 0.343564 0.343564 0.343564 0.343564 0.343564 0.343564 0.343564 0.343564 0.343564 0.343564 0.343564 
0.249199 0.249199 0.249199 0.249199 0.249199 0.249199 0.249199 0.249199 0.249199 0.249199 0.249199 0.249199 0.249199 0.249199 0.249199 0.249199 0.249199 0.249198 0.249198 0.249198 0.249198 0.249198 0.249198 0.249198 0.249198 0.249198 0.249197 0.249197 0.249197 0.249197 0.249197 0.249197 0.249197 0.249197 0.249197 0.249197 0.249197 0.249197 0.249197 0.249197 0.249197 0.249197 0.249197 0.249197 0.249198 0.249198 0.249198 0.249198 0.249198 0.249198 0.249198 0.249198 0.249198 0.249199 0.249199 0.249199 0.249199 0.249199 0.249199 0.249199 0.249199 0.249199 
0.151082 0.151082 0.151081 0.151081 0.151081 0.151081 0.151081 0.151081 0.151081 0.151081 0.151081 0.151081 0.15108 0.15108 0.15108 0.15108 0.15108 0.15108 0.15108 0.151079 0.151079 0.151079 0.151079 0.151079 0.151079 0.151079 0.151079 0.151079 0.151079 0.151078 0.151078 0.151078 0.151078 0.151079 0.151079 0.151079 0.151079 0.151079 0.151079 0.151079 0.151079 0.151079 0.151079 0.15108 0.15108 0.15108 0.15108 0.15108 0.15108 0.151081 0.151081 0.151081 0.151081 0.151081 0.151081 0.151081 0.151081 0.151081 0.151081 0.151082 0.151082 0.151082 
0.0506257 0.0506257 0.0506256 0.0506256 0.0506256 0.0506255 0.0506255 0.0506254 0.0506253 0.0506253 0.0506252 0.0506251 0.050625 0.0506249 0.0506248 0.0506247 0.0506246 0.0506245 0.0506244 0.0506243 0.0506242 0.0506241 0.0506241 0.050624 0.0506239 0.0506239 0.0506238 0.0506238 0.0506238 0.0506238 0.0506237 0.0506238 0.0506238 0.0506238 0.0506238 0.0506239 0.0506239 0.050624 0.050624 0.0506241 0.0506242 0.0506243 0.0506244 0.0506245 0.0506246 0.0506247 0.0506248 0.0506249 0.050625 0.0506251 0.0506252 0.0506252 0.0506253 0.0506254 0.0506255 0.0506255 0.0506256 0.0506256 0.0506257 0.0506257 0.0506257 0.0506257 
