0.0504834 0.0504834 0.0504833 0.0504833 0.0504833 0.0504833 0.0504832 0.0504832 0.0504831 0.0504831 0.050483 0.050483 0.0504829 0.0504828 0.0504827 0.0504826 0.0504826 0.0504825 0.0504824 0.0504823 0.0504823 0.0504822 0.0504821 0.0504821 0.050482 0.0504819 0.0504819 0.0504819 0.0504818 0.0504818 0.0504818 0.0504818 0.0504818 0.0504818 0.0504818 0.0504819 0.0504819 0.0504819 0.050482 0.0504821 0.0504821 0.0504822 0.0504823 0.0504823 0.0504824 0.0504825 0.0504826 0.0504826 0.0504827 0.0504828 0.0504829 0.0504829 0.050483 0.0504831 0.0504831 0.0504832 0.0504832 0.0504833 0.0504833 0.0504833 0.0504834 0.0504834 
0.150663 0.150663 0.150663 0.150663 0.150663 0.150663 0.150663 0.150663 0.150662 0.150662 0.150662 0.150662 0.150662 0.150662 0.150662 0.150661 0.150661 0.150661 0.150661 0.150661 0.150661 0.150661 0.15066 0.15066 0.15066 0.15066 0.15066 0.15066 0.15066 0.15066 0.15066 0.15066 0.15066 0.15066 0.15066 0.15066 0.15066 0.150661 0.150661 0.150661 0.150661 0.150661 0.150661 0.150661 0.150662 0.150662 0.150662 0.150662 0.150662 0.150662 0.150663 0.150663 0.150663 0.150663 0.150663 0.150663 0.150663 0.150663 0.150663 0.150663 0.150663 0.150663 
0.248528 0.248528 0.248528 0.248528 0.248528 0.248528 0.248528 0.248528 0.248528 0.248528 0.248527 0.248527 0.248527 0.248527 0.248527 0.248527 0.248526 0.248526 0.248526 0.248526 0.248526 0.248525 0.248525 0.248525 0.248525 0.248525 0.248525 0.248525 0.248524 0.248524 0.248524 0.248524 0.248524 0.248524 0.248524 0.248525 0.248525 0.248525 0.248525 0.248525 0.248525 0.248525 0.248526 0.248526 0.248526 0.248526 0.248526 0.248527 0.248527 0.248527 0.248527 0.248527 0.248527 0.248528 0.248528 0.248528 0.248528 0.248528 0.248528 0.248528 0.248528 0.248528 
0.342675 0.342675 0.342675 0.342675 0.342675 0.342675 0.342675 0.342675 0.342675 0.342675 0.342675 0.342675 0.342675 0.342675 0.342674 0.342674 0.342674 0.342674 0.342674 0.342674 0.342673 0.342673 0.342673 0.342673 0.342673 0.342673 0.342672 0.342672 0.342672 0.342672 0.342672 0.342672 0.342672 0.342672 0.342672 0.342672 0.342672 0.342672 0.342672 0.342672 0.342672 0.342672 0.342672 0.342672 0.342672 0.342672 0.342673 0.342673 0.342673 0.342673 0.342673 0.342673 0.342674 0.342674 0.342674 0.342674 0.342674 0.342674 0.342675 0.342675 0.342675 0.342675 
0.431885 0.431885 0.431885 0.431885 0.431885 0.431885 0.431885 0.431885 0.431885 0.431885 0.431885 0.431885 0.431885 0.431885 0.431885 0.431885 0.431885 0.431885 0.431885 0.431885 0.431885 0.431885 0.431885 0.431885 0.431885 0.431885 0.431885 0.431885 0.431885 0.431885 0.431885 0.431885 0.431885 0.431885 0.431885 0.431885 0.431884 0.431884 0.431884 0.431884 0.431884 0.431884 0.431884 0.431884 0.431884 0.431884 0.431884 0.431884 0.431884 0.431884 0.431884 0.431884 0.431884 0.431884 0.431884 0.431884 0.431884 0.431884 0.431884 0.431885 0.431885 0.431885 
0.515159 0.515159 0.515158 0.515158 0.515158 0.515158 0.515157 0.515157 0.515157 0.515157 0.515157 0.515157 0.515157 0.515157 0.515157 0.515157 0.515157 0.515157 0.515157 0.515158 0.515158 0.515158 0.515159 0.515159 0.515159 0.51516 0.51516 0.51516 0.515161 0.515161 0.515162 0.515162 0.515162 0.515163 0.515163 0.515163 0.515163 0.515164 0.515164 0.515164 0.515164 0.515164 0.515164 0.515164 0.515164 0.515164 0.515164 0.515164 0.515164 0.515163 0.515163 0.515163 0.515163 0.515162 0.515162 0.515162 0.515161 0.515161 0.51516 0.51516 0.51516 0.515159 
0.591726 0.591725 0.591724 0.591723 0.591722 0.591721 0.59172 0.591719 0.591718 0.591717 0.591716 0.591716 0.591715 0.591714 0.591714 0.591714 0.591714 0.591713 0.591714 0.591714 0.591714 0.591714 0.591715 0.591715 0.591716 0.591717 0.591718 0.591718 0.591719 0.59172 0.591722 0.591723 0.591724 0.591725 0.591726 0.591727 0.591728 0.591729 0.59173 0.591731 0.591732 0.591733 0.591733 0.591734 0.591735 0.591735 0.591735 0.591735 0.591736 0.591735 0.591735 0.591735 0.591735 0.591734 0.591734 0.591733 0.591732 0.591731 0.591731 0.59173 0.591729 0.591728 
0.661021 0.661019 0.661017 0.661015 0.661013 0.661011 0.661009 0.661007 0.661004 0.661002 0.661 0.660998 0.660996 0.660994 0.660992 0.660991 0.660989 0.660988 0.660987 0.660986 0.660985 0.660985 0.660985 0.660985 0.660985 0.660985 0.660986 0.660987 0.660988 0.660989 0.66099 0.660992 0.660994 0.660995 0.660997 0.660999 0.661002 0.661004 0.661006 0.661008 0.66101 0.661012 0.661014 0.661016 0.661018 0.66102 0.661022 0.661023 0.661024 0.661025 0.661026 0.661027 0.661028 0.661028 0.661028 0.661028 0.661027 0.661027 0.661026 0.661025 0.661023 0.661022 
0.722639 0.722638 0.722637 0.722635 0.722633 0.72263 0.722628 0.722625 0.722622 0.722619 0.722616 0.722612 0.722609 0.722605 0.722602 0.722599 0.722595 0.722592 0.722589 0.722587 0.722584 0.722582 0.72258 0.722578 0.722577 0.722575 0.722575 0.722574 0.722574 0.722574 0.722575 0.722576 0.722577 0.722579 0.72258 0.722583 0.722585 0.722588 0.72259 0.722593 0.722596 0.7226 0.722603 0.722606 0.72261 0.722613 0.722616 0.72262 0.722623 0.722626 0.722628 0.722631 0.722633 0.722635 0.722637 0.722639 0.72264 0.72264 0.722641 0.722641 0.722641 0.72264 
0.776307 0.776308 0.776308 0.776307 0.776307 0.776305 0.776304 0.776302 0.7763 0.776297 0.776294 0.776291 0.776287 0.776283 0.776279 0.776275 0.776271 0.776267 0.776262 0.776258 0.776254 0.77625 0.776246 0.776242 0.776239 0.776236 0.776233 0.77623 0.776228 0.776226 0.776225 0.776224 0.776224 0.776223 0.776224 0.776225 0.776226 0.776227 0.776229 0.776232 0.776234 0.776237 0.776241 0.776244 0.776248 0.776252 0.776256 0.77626 0.776264 0.776269 0.776273 0.776277 0.776281 0.776285 0.776289 0.776292 0.776295 0.776298 0.776301 0.776303 0.776305 0.776306 
0.821849 0.821851 0.821853 0.821855 0.821856 0.821857 0.821857 0.821857 0.821857 0.821856 0.821854 0.821853 0.821851 0.821848 0.821845 0.821842 0.821839 0.821835 0.821831 0.821827 0.821823 0.821819 0.821814 0.82181 0.821806 0.821802 0.821798 0.821794 0.82179 0.821787 0.821784 0.821781 0.821779 0.821777 0.821775 0.821774 0.821773 0.821773 0.821773 0.821773 0.821774 0.821776 0.821777 0.821779 0.821782 0.821785 0.821788 0.821791 0.821795 0.821799 0.821803 0.821807 0.821811 0.821816 0.82182 0.821824 0.821828 0.821832 0.821836 0.82184 0.821843 0.821846 
0.859171 0.859173 0.859176 0.859178 0.85918 0.859182 0.859184 0.859185 0.859186 0.859187 0.859188 0.859188 0.859187 0.859187 0.859186 0.859185 0.859184 0.859182 0.85918 0.859178 0.859176 0.859173 0.85917 0.859167 0.859164 0.859161 0.859158 0.859155 0.859152 0.859149 0.859146 0.859143 0.859141 0.859138 0.859136 0.859134 0.859132 0.85913 0.859129 0.859128 0.859127 0.859126 0.859126 0.859127 0.859127 0.859128 0.859129 0.85913 0.859132 0.859134 0.859136 0.859138 0.859141 0.859144 0.859147 0.85915 0.859153 0.859156 0.859159 0.859162 0.859165 0.859168 
0.88823 0.888231 0.888232 0.888233 0.888234 0.888235 0.888236 0.888237 0.888238 0.888239 0.88824 0.888241 0.888242 0.888243 0.888244 0.888244 0.888245 0.888245 0.888246 0.888246 0.888246 0.888246 0.888246 0.888246 0.888246 0.888246 0.888245 0.888245 0.888244 0.888243 0.888242 0.888241 0.888241 0.88824 0.888239 0.888237 0.888236 0.888235 0.888234 0.888233 0.888232 0.888231 0.88823 0.888229 0.888228 0.888228 0.888227 0.888226 0.888226 0.888225 0.888225 0.888225 0.888225 0.888225 0.888225 0.888225 0.888226 0.888226 0.888227 0.888227 0.888228 0.888229 
0.909004 0.909002 0.909 0.908999 0.908997 0.908996 0.908995 0.908994 0.908994 0.908994 0.908994 0.908994 0.908995 0.908996 0.908997 0.908999 0.909 0.909002 0.909004 0.909007 0.909009 0.909011 0.909014 0.909017 0.909019 0.909022 0.909025 0.909027 0.90903 0.909032 0.909035 0.909037 0.909039 0.909041 0.909043 0.909044 0.909045 0.909046 0.909047 0.909047 0.909047 0.909047 0.909047 0.909046 0.909045 0.909044 0.909042 0.909041 0.909039 0.909037 0.909035 0.909032 0.90903 0.909027 0.909024 0.909022 0.909019 0.909016 0.909014 0.909011 0.909009 0.909006 
0.921475 0.92147 0.921466 0.921461 0.921457 0.921454 0.921451 0.921448 0.921446 0.921445 0.921443 0.921443 0.921443 0.921444 0.921445 0.921446 0.921448 0.921451 0.921454 0.921458 0.921462 0.921466 0.921471 0.921476 0.921481 0.921486 0.921491 0.921497 0.921502 0.921507 0.921513 0.921518 0.921522 0.921527 0.921531 0.921535 0.921539 0.921542 0.921544 0.921546 0.921548 0.921549 0.92155 0.92155 0.921549 0.921548 0.921546 0.921544 0.921541 0.921538 0.921535 0.921531 0.921526 0.921522 0.921517 0.921512 0.921507 0.921501 0.921496 0.92149 0.921485 0.92148 
0.925626 0.92562 0.925614 0.925609 0.925604 0.9256 0.925596 0.925592 0.92559 0.925588 0.925587 0.925586 0.925586 0.925587 0.925589 0.925591 0.925594 0.925598 0.925602 0.925607 0.925612 0.925618 0.925624 0.92563 0.925637 0.925644 0.925651 0.925658 0.925665 0.925672 0.925678 0.925685 0.925691 0.925697 0.925702 0.925707 0.925712 0.925716 0.925719 0.925721 0.925723 0.925725 0.925725 0.925725 0.925724 0.925722 0.92572 0.925717 0.925713 0.925709 0.925704 0.925699 0.925693 0.925687 0.925681 0.925674 0.925667 0.92566 0.925653 0.925646 0.925639 0.925633 
0.921452 0.921447 0.921442 0.921437 0.921433 0.92143 0.921428 0.921426 0.921425 0.921425 0.921425 0.921426 0.921428 0.921431 0.921434 0.921438 0.921442 0.921448 0.921453 0.921459 0.921466 0.921472 0.921479 0.921486 0.921494 0.921501 0.921508 0.921515 0.921522 0.921529 0.921535 0.921541 0.921547 0.921552 0.921556 0.92156 0.921563 0.921565 0.921567 0.921568 0.921569 0.921568 0.921567 0.921565 0.921562 0.921559 0.921555 0.921551 0.921546 0.92154 0.921534 0.921528 0.921521 0.921514 0.921507 0.921499 0.921492 0.921485 0.921478 0.921471 0.921464 0.921458 
0.908961 0.908958 0.908956 0.908955 0.908955 0.908955 0.908956 0.908957 0.908959 0.908962 0.908966 0.90897 0.908974 0.908979 0.908985 0.90899 0.908997 0.909003 0.90901 0.909016 0.909023 0.90903 0.909036 0.909043 0.909049 0.909055 0.909061 0.909066 0.909071 0.909075 0.909079 0.909082 0.909084 0.909086 0.909087 0.909088 0.909088 0.909087 0.909085 0.909083 0.90908 0.909077 0.909073 0.909068 0.909063 0.909058 0.909052 0.909046 0.909039 0.909033 0.909026 0.909019 0.909013 0.909006 0.908999 0.908993 0.908987 0.908982 0.908976 0.908972 0.908967 0.908964 
0.888173 0.888175 0.888178 0.888181 0.888185 0.888189 0.888194 0.888199 0.888204 0.88821 0.888217 0.888223 0.888229 0.888236 0.888243 0.888249 0.888256 0.888262 0.888268 0.888273 0.888279 0.888283 0.888288 0.888292 0.888295 0.888298 0.8883 0.888301 0.888302 0.888302 0.888301 0.8883 0.888298 0.888295 0.888292 0.888288 0.888284 0.888279 0.888274 0.888269 0.888263 0.888257 0.88825 0.888244 0.888237 0.88823 0.888224 0.888218 0.888211 0.888205 0.8882 0.888194 0.88819 0.888185 0.888182 0.888178 0.888176 0.888174 0.888172 0.888172 0.888172 0.888172 
0.859117 0.859123 0.859129 0.859135 0.859142 0.859149 0.859156 0.859163 0.85917 0.859177 0.859184 0.859191 0.859197 0.859202 0.859208 0.859212 0.859217 0.85922 0.859223 0.859225 0.859227 0.859228 0.859228 0.859228 0.859226 0.859224 0.859222 0.859218 0.859214 0.85921 0.859205 0.859199 0.859194 0.859187 0.859181 0.859174 0.859167 0.85916 0.859153 0.859146 0.859139 0.859132 0.859126 0.859119 0.859114 0.859109 0.859104 0.8591 0.859096 0.859093 0.859091 0.859089 0.859088 0.859088 0.859089 0.85909 0.859092 0.859095 0.859098 0.859102 0.859106 0.859111 
0.821816 0.821823 0.82183 0.821837 0.821844 0.821851 0.821857 0.821863 0.821868 0.821873 0.821878 0.821881 0.821884 0.821886 0.821888 0.821889 0.821889 0.821888 0.821887 0.821885 0.821882 0.821878 0.821874 0.821869 0.821864 0.821858 0.821852 0.821845 0.821839 0.821831 0.821824 0.821817 0.821809 0.821802 0.821795 0.821788 0.821781 0.821775 0.821769 0.821764 0.821759 0.821755 0.821751 0.821748 0.821746 0.821744 0.821744 0.821744 0.821744 0.821746 0.821748 0.821751 0.821754 0.821758 0.821763 0.821769 0.821774 0.821781 0.821787 0.821794 0.821801 0.821808 
0.776304 0.776309 0.776314 0.776319 0.776323 0.776326 0.776329 0.776331 0.776333 0.776334 0.776334 0.776334 0.776332 0.776331 0.776328 0.776325 0.776321 0.776317 0.776312 0.776307 0.776301 0.776295 0.776289 0.776282 0.776276 0.776269 0.776262 0.776255 0.776249 0.776242 0.776236 0.77623 0.776224 0.776219 0.776215 0.776211 0.776207 0.776204 0.776202 0.776201 0.7762 0.7762 0.7762 0.776201 0.776203 0.776206 0.776209 0.776213 0.776217 0.776222 0.776227 0.776233 0.776239 0.776245 0.776252 0.776258 0.776265 0.776272 0.776279 0.776285 0.776292 0.776298 
0.722658 0.72266 0.722662 0.722662 0.722663 0.722662 0.722662 0.72266 0.722658 0.722656 0.722653 0.72265 0.722646 0.722642 0.722637 0.722633 0.722628 0.722622 0.722617 0.722612 0.722606 0.722601 0.722595 0.72259 0.722585 0.72258 0.722576 0.722572 0.722568 0.722564 0.722562 0.722559 0.722557 0.722556 0.722555 0.722555 0.722555 0.722556 0.722557 0.722559 0.722562 0.722565 0.722568 0.722572 0.722576 0.72258 0.722585 0.72259 0.722595 0.722601 0.722606 0.722612 0.722617 0.722622 0.722628 0.722633 0.722637 0.722642 0.722646 0.72265 0.722653 0.722656 
0.661044 0.661043 0.661042 0.66104 0.661038 0.661036 0.661033 0.661031 0.661028 0.661024 0.661021 0.661017 0.661014 0.66101 0.661006 0.661002 0.660999 0.660995 0.660991 0.660988 0.660985 0.660982 0.660979 0.660977 0.660975 0.660973 0.660972 0.660971 0.66097 0.66097 0.66097 0.660971 0.660972 0.660973 0.660974 0.660976 0.660979 0.660981 0.660984 0.660987 0.66099 0.660994 0.660998 0.661001 0.661005 0.661009 0.661013 0.661016 0.66102 0.661023 0.661027 0.66103 0.661033 0.661035 0.661038 0.66104 0.661041 0.661043 0.661044 0.661044 0.661045 0.661044 
0.591741 0.591739 0.591738 0.591736 0.591734 0.591732 0.591729 0.591727 0.591725 0.591723 0.591721 0.591719 0.591716 0.591715 0.591713 0.591711 0.591709 0.591708 0.591707 0.591706 0.591705 0.591704 0.591704 0.591704 0.591704 0.591704 0.591704 0.591705 0.591706 0.591707 0.591709 0.59171 0.591712 0.591713 0.591715 0.591717 0.591719 0.591722 0.591724 0.591726 0.591728 0.59173 0.591733 0.591735 0.591737 0.591738 0.59174 0.591742 0.591743 0.591744 0.591745 0.591746 0.591747 0.591747 0.591747 0.591747 0.591747 0.591747 0.591746 0.591745 0.591744 0.591742 
0.515163 0.515162 0.515161 0.51516 0.515159 0.515158 0.515157 0.515156 0.515155 0.515154 0.515154 0.515153 0.515152 0.515152 0.515151 0.515151 0.515151 0.515151 0.515151 0.515151 0.515151 0.515151 0.515152 0.515152 0.515153 0.515154 0.515154 0.515155 0.515156 0.515157 0.515158 0.515159 0.51516 0.515161 0.515162 0.515163 0.515164 0.515165 0.515166 0.515167 0.515168 0.515169 0.51517 0.51517 0.515171 0.515171 0.515171 0.515172 0.515172 0.515172 0.515172 0.515171 0.515171 0.515171 0.51517 0.51517 0.515169 0.515168 0.515167 0.515166 0.515165 0.515164 
0.431884 0.431883 0.431883 0.431883 0.431883 0.431882 0.431882 0.431882 0.431882 0.431882 0.431882 0.431882 0.431882 0.431882 0.431882 0.431882 0.431882 0.431882 0.431882 0.431883 0.431883 0.431883 0.431883 0.431884 0.431884 0.431885 0.431885 0.431885 0.431886 0.431886 0.431886 0.431887 0.431887 0.431887 0.431888 0.431888 0.431888 0.431889 0.431889 0.431889 0.431889 0.431889 0.431889 0.431889 0.431889 0.431889 0.431889 0.431889 0.431888 0.431888 0.431888 0.431888 0.431887 0.431887 0.431887 0.431886 0.431886 0.431886 0.431885 0.431885 0.431885 0.431884 
0.342673 0.342673 0.342673 0.342673 0.342673 0.342674 0.342674 0.342674 0.342674 0.342674 0.342674 0.342674 0.342674 0.342674 0.342674 0.342674 0.342674 0.342674 0.342674 0.342674 0.342674 0.342674 0.342674 0.342674 0.342674 0.342674 0.342674 0.342674 0.342674 0.342674 0.342674 0.342674 0.342674 0.342674 0.342674 0.342674 0.342674 0.342674 0.342674 0.342674 0.342674 0.342674 0.342674 0.342674 0.342674 0.342674 0.342674 0.342674 0.342674 0.342674 0.342674 0.342674 0.342673 0.342673 0.342673 0.342673 0.342673 0.342673 0.342673 0.342673 0.342673 0.342673 
0.248528 0.248528 0.248528 0.248528 0.248528 0.248528 0.248528 0.248528 0.248528 0.248528 0.248528 0.248528 0.248528 0.248528 0.248528 0.248528 0.248528 0.248527 0.248527 0.248527 0.248527 0.248527 0.248527 0.248527 0.248527 0.248527 0.248526 0.248526 0.248526 0.248526 0.248526 0.248526 0.248526 0.248526 0.248526 0.248526 0.248526 0.248525 0.248525 0.248525 0.248525 0.248525 0.248526 0.248526 0.248526 0.248526 0.248526 0.248526 0.248526 0.248526 0.248526 0.248526 0.248526 0.248527 0.248527 0.248527 0.248527 0.248527 0.248527 0.248527 0.248527 0.248528 
0.150663 0.150663 0.150663 0.150663 0.150663 0.150663 0.150663 0.150663 0.150663 0.150663 0.150663 0.150663 0.150663 0.150663 0.150663 0.150663 0.150662 0.150662 0.150662 0.150662 0.150662 0.150662 0.150661 0.150661 0.150661 0.150661 0.150661 0.150661 0.150661 0.150661 0.15066 0.15066 0.15066 0.15066 0.15066 0.15066 0.15066 0.15066 0.15066 0.15066 0.150661 0.150661 0.150661 0.150661 0.150661 0.150661 0.150661 0.150661 0.150662 0.150662 0.150662 0.150662 0.150662 0.150662 0.150662 0.150663 0.150663 0.150663 0.150663 0.150663 0.150663 0.150663 
0.0504835 0.0504836 0.0504836 0.0504836 0.0504836 0.0504836 0.0504836 0.0504835 0.0504835 0.0504835 0.0504834 0.0504834 0.0504833 0.0504832 0.0504831 0.0504831 0.050483 0.0504829 0.0504828 0.0504827 0.0504826 0.0504825 0.0504824 0.0504823 0.0504822 0.0504821 0.0504821 0.050482 0.0504819 0.0504819 0.0504818 0.0504818 0.0504818 0.0504817 0.0504817 0.0504817 0.0504817 0.0504817 0.0504818 0.0504818 0.0504819 0.0504819 0.050482 0.050482 0.0504821 0.0504822 0.0504823 0.0504824 0.0504825 0.0504825 0.0504826 0.0504827 0.0504828 0.0504829 0.050483 0.0504831 0.0504832 0.0504833 0.0504833 0.0504834 0.0504835 0.0504835 
