0.0493939 0.0493939 0.0493938 0.0493938 0.0493937 0.0493937 0.0493937 0.0493936 0.0493936 0.0493936 0.0493936 0.0493936 0.0493936 0.0493936 0.0493936 0.0493936 0.0493936 0.0493936 0.0493936 0.0493937 0.0493937 0.0493937 0.0493938 0.0493938 0.0493938 0.0493939 0.0493939 0.049394 0.049394 0.0493941 0.0493941 0.0493942 0.0493942 0.0493943 0.0493943 0.0493944 0.0493944 0.0493944 0.0493944 0.0493945 0.0493945 0.0493945 0.0493945 0.0493945 0.0493945 0.0493945 0.0493945 0.0493945 0.0493945 0.0493944 0.0493944 0.0493944 0.0493944 0.0493943 0.0493943 0.0493942 0.0493942 0.0493941 0.0493941 0.049394 0.049394 0.049394 
0.147452 0.147452 0.147452 0.147452 0.147452 0.147452 0.147452 0.147452 0.147452 0.147452 0.147452 0.147452 0.147452 0.147452 0.147452 0.147452 0.147452 0.147452 0.147452 0.147452 0.147452 0.147452 0.147452 0.147453 0.147453 0.147453 0.147453 0.147453 0.147453 0.147453 0.147453 0.147453 0.147453 0.147453 0.147453 0.147453 0.147453 0.147453 0.147453 0.147453 0.147453 0.147453 0.147453 0.147453 0.147453 0.147453 0.147453 0.147453 0.147453 0.147453 0.147453 0.147453 0.147453 0.147453 0.147453 0.147453 0.147453 0.147452 0.147452 0.147452 0.147452 0.147452 
0.243357 0.243357 0.243357 0.243357 0.243357 0.243357 0.243357 0.243357 0.243357 0.243357 0.243357 0.243357 0.243357 0.243357 0.243357 0.243357 0.243357 0.243357 0.243357 0.243357 0.243358 0.243358 0.243358 0.243358 0.243358 0.243358 0.243358 0.243358 0.243358 0.243358 0.243359 0.243359 0.243359 0.243359 0.243359 0.243359 0.243359 0.243359 0.243359 0.243359 0.243359 0.243359 0.243359 0.243359 0.243359 0.243359 0.243359 0.243359 0.243359 0.243358 0.243358 0.243358 0.243358 0.243358 0.243358 0.243358 0.243358 0.243358 0.243357 0.243357 0.243357 0.243357 
0.335786 0.335786 0.335786 0.335786 0.335786 0.335785 0.335785 0.335785 0.335785 0.335785 0.335785 0.335785 0.335785 0.335785 0.335786 0.335786 0.335786 0.335786 0.335786 0.335786 0.335786 0.335786 0.335786 0.335786 0.335786 0.335787 0.335787 0.335787 0.335787 0.335787 0.335787 0.335787 0.335787 0.335787 0.335788 0.335788 0.335788 0.335788 0.335788 0.335788 0.335788 0.335788 0.335788 0.335788 0.335788 0.335788 0.335788 0.335788 0.335787 0.335787 0.335787 0.335787 0.335787 0.335787 0.335787 0.335787 0.335787 0.335786 0.335786 0.335786 0.335786 0.335786 
0.423567 0.423567 0.423567 0.423566 0.423566 0.423566 0.423566 0.423566 0.423566 0.423566 0.423567 0.423567 0.423567 0.423567 0.423567 0.423567 0.423567 0.423567 0.423567 0.423567 0.423567 0.423567 0.423567 0.423567 0.423567 0.423567 0.423567 0.423567 0.423568 0.423568 0.423568 0.423568 0.423568 0.423568 0.423568 0.423568 0.423568 0.423568 0.423568 0.423568 0.423568 0.423568 0.423568 0.423568 0.423568 0.423568 0.423568 0.423568 0.423568 0.423568 0.423567 0.423567 0.423567 0.423567 0.423567 0.423567 0.423567 0.423567 0.423567 0.423567 0.423567 0.423567 
0.50571 0.50571 0.50571 0.50571 0.50571 0.50571 0.50571 0.505711 0.505711 0.505711 0.505711 0.505712 0.505712 0.505712 0.505712 0.505713 0.505713 0.505713 0.505713 0.505713 0.505713 0.505714 0.505714 0.505714 0.505714 0.505714 0.505714 0.505714 0.505714 0.505714 0.505714 0.505714 0.505713 0.505713 0.505713 0.505713 0.505713 0.505712 0.505712 0.505712 0.505712 0.505712 0.505711 0.505711 0.505711 0.505711 0.505711 0.50571 0.50571 0.50571 0.50571 0.50571 0.50571 0.505709 0.505709 0.505709 0.505709 0.505709 0.505709 0.505709 0.505709 0.505709 
0.581418 0.581418 0.581418 0.581419 0.581419 0.58142 0.58142 0.581421 0.581421 0.581422 0.581423 0.581423 0.581424 0.581425 0.581425 0.581426 0.581427 0.581427 0.581428 0.581429 0.581429 0.58143 0.58143 0.581431 0.581431 0.581432 0.581432 0.581432 0.581432 0.581432 0.581432 0.581432 0.581432 0.581431 0.581431 0.581431 0.58143 0.58143 0.581429 0.581429 0.581428 0.581427 0.581427 0.581426 0.581425 0.581425 0.581424 0.581423 0.581422 0.581422 0.581421 0.581421 0.58142 0.58142 0.581419 0.581419 0.581418 0.581418 0.581418 0.581418 0.581418 0.581418 
0.650084 0.650084 0.650084 0.650084 0.650084 0.650084 0.650085 0.650085 0.650086 0.650087 0.650088 0.650089 0.65009 0.650091 0.650093 0.650094 0.650095 0.650097 0.650098 0.6501 0.650101 0.650102 0.650104 0.650105 0.650106 0.650107 0.650108 0.650109 0.65011 0.650111 0.650111 0.650112 0.650112 0.650112 0.650112 0.650112 0.650112 0.650111 0.650111 0.65011 0.650109 0.650108 0.650107 0.650106 0.650105 0.650104 0.650102 0.650101 0.6501 0.650098 0.650097 0.650095 0.650094 0.650093 0.650091 0.65009 0.650089 0.650088 0.650087 0.650086 0.650085 0.650085 
0.711269 0.711267 0.711266 0.711265 0.711264 0.711264 0.711263 0.711263 0.711263 0.711263 0.711264 0.711265 0.711266 0.711267 0.711268 0.71127 0.711271 0.711273 0.711275 0.711277 0.711279 0.711281 0.711283 0.711286 0.711288 0.71129 0.711292 0.711294 0.711296 0.711298 0.7113 0.711302 0.711303 0.711304 0.711305 0.711306 0.711307 0.711307 0.711307 0.711307 0.711307 0.711306 0.711306 0.711305 0.711303 0.711302 0.711301 0.711299 0.711297 0.711295 0.711293 0.711291 0.711289 0.711287 0.711284 0.711282 0.71128 0.711278 0.711276 0.711274 0.711272 0.71127 
0.764663 0.764661 0.764658 0.764656 0.764654 0.764652 0.76465 0.764649 0.764648 0.764647 0.764646 0.764646 0.764646 0.764646 0.764647 0.764648 0.764649 0.76465 0.764652 0.764653 0.764655 0.764658 0.76466 0.764663 0.764665 0.764668 0.764671 0.764674 0.764676 0.764679 0.764682 0.764685 0.764687 0.76469 0.764692 0.764694 0.764696 0.764698 0.764699 0.7647 0.764701 0.764702 0.764702 0.764702 0.764702 0.764701 0.7647 0.764699 0.764698 0.764696 0.764694 0.764692 0.76469 0.764688 0.764685 0.764683 0.76468 0.764677 0.764674 0.764671 0.764669 0.764666 
0.810057 0.810054 0.810051 0.810048 0.810046 0.810043 0.810041 0.810038 0.810036 0.810034 0.810033 0.810031 0.81003 0.810029 0.810029 0.810028 0.810028 0.810028 0.810029 0.81003 0.810031 0.810032 0.810034 0.810036 0.810038 0.81004 0.810043 0.810045 0.810048 0.810051 0.810053 0.810056 0.810059 0.810062 0.810065 0.810068 0.81007 0.810073 0.810075 0.810077 0.810079 0.810081 0.810082 0.810083 0.810084 0.810085 0.810085 0.810085 0.810085 0.810084 0.810083 0.810082 0.810081 0.810079 0.810077 0.810075 0.810073 0.810071 0.810068 0.810065 0.810063 0.81006 
0.847307 0.847305 0.847303 0.847301 0.847299 0.847297 0.847295 0.847293 0.847291 0.847289 0.847287 0.847286 0.847284 0.847283 0.847282 0.847281 0.84728 0.84728 0.847279 0.847279 0.847279 0.84728 0.84728 0.847281 0.847282 0.847283 0.847284 0.847286 0.847287 0.847289 0.847291 0.847293 0.847295 0.847297 0.847299 0.847301 0.847303 0.847305 0.847307 0.847309 0.847311 0.847313 0.847314 0.847316 0.847317 0.847318 0.847319 0.84732 0.847321 0.847321 0.847321 0.847321 0.847321 0.84732 0.847319 0.847318 0.847317 0.847316 0.847314 0.847313 0.847311 0.847309 
0.876327 0.876327 0.876326 0.876326 0.876325 0.876325 0.876324 0.876324 0.876323 0.876323 0.876322 0.876322 0.876321 0.876321 0.87632 0.87632 0.876319 0.876319 0.876319 0.876319 0.876318 0.876318 0.876318 0.876318 0.876318 0.876318 0.876318 0.876318 0.876319 0.876319 0.876319 0.87632 0.87632 0.87632 0.876321 0.876321 0.876322 0.876322 0.876323 0.876323 0.876324 0.876324 0.876325 0.876325 0.876326 0.876326 0.876327 0.876327 0.876327 0.876328 0.876328 0.876328 0.876328 0.876328 0.876328 0.876328 0.876328 0.876328 0.876328 0.876328 0.876328 0.876327 
0.89707 0.897071 0.897072 0.897074 0.897075 0.897077 0.897078 0.89708 0.897082 0.897083 0.897085 0.897086 0.897087 0.897089 0.89709 0.897091 0.897092 0.897092 0.897093 0.897094 0.897094 0.897094 0.897094 0.897094 0.897094 0.897093 0.897093 0.897092 0.897091 0.89709 0.897089 0.897088 0.897086 0.897085 0.897083 0.897082 0.89708 0.897079 0.897077 0.897076 0.897074 0.897073 0.897071 0.89707 0.897069 0.897067 0.897066 0.897065 0.897065 0.897064 0.897064 0.897063 0.897063 0.897063 0.897063 0.897064 0.897064 0.897065 0.897065 0.897066 0.897067 0.897068 
0.909518 0.909521 0.909524 0.909527 0.90953 0.909533 0.909537 0.90954 0.909544 0.909547 0.909551 0.909554 0.909557 0.90956 0.909563 0.909566 0.909568 0.90957 0.909571 0.909573 0.909574 0.909575 0.909575 0.909575 0.909575 0.909574 0.909573 0.909571 0.90957 0.909568 0.909565 0.909563 0.90956 0.909557 0.909554 0.90955 0.909547 0.909544 0.90954 0.909536 0.909533 0.90953 0.909526 0.909523 0.90952 0.909517 0.909515 0.909513 0.909511 0.909509 0.909508 0.909507 0.909506 0.909505 0.909506 0.909506 0.909507 0.909508 0.909509 0.909511 0.909513 0.909515 
0.913668 0.913672 0.913676 0.913681 0.913685 0.91369 0.913695 0.913699 0.913704 0.913709 0.913713 0.913718 0.913722 0.913726 0.913729 0.913732 0.913735 0.913737 0.913739 0.913741 0.913742 0.913742 0.913743 0.913742 0.913741 0.91374 0.913738 0.913736 0.913733 0.91373 0.913727 0.913723 0.913719 0.913715 0.91371 0.913706 0.913701 0.913696 0.913691 0.913687 0.913682 0.913678 0.913673 0.913669 0.913665 0.913662 0.913659 0.913656 0.913653 0.913651 0.91365 0.913649 0.913648 0.913648 0.913649 0.91365 0.913651 0.913653 0.913655 0.913658 0.913661 0.913664 
0.909522 0.909527 0.909532 0.909537 0.909542 0.909547 0.909552 0.909557 0.909562 0.909567 0.909571 0.909575 0.909578 0.909582 0.909584 0.909587 0.909589 0.90959 0.909591 0.909591 0.909591 0.90959 0.909589 0.909587 0.909585 0.909583 0.90958 0.909576 0.909572 0.909568 0.909564 0.909559 0.909554 0.909549 0.909544 0.909539 0.909534 0.909529 0.909524 0.909519 0.909514 0.90951 0.909506 0.909503 0.909499 0.909497 0.909494 0.909492 0.909491 0.90949 0.90949 0.90949 0.909491 0.909492 0.909494 0.909496 0.909499 0.909502 0.909505 0.909509 0.909513 0.909518 
0.897083 0.897088 0.897093 0.897098 0.897102 0.897106 0.89711 0.897114 0.897117 0.89712 0.897122 0.897125 0.897126 0.897127 0.897128 0.897128 0.897127 0.897127 0.897125 0.897123 0.897121 0.897118 0.897115 0.897112 0.897108 0.897104 0.897099 0.897095 0.89709 0.897085 0.89708 0.897075 0.89707 0.897065 0.897061 0.897056 0.897052 0.897048 0.897044 0.897041 0.897038 0.897036 0.897034 0.897032 0.897031 0.897031 0.897031 0.897031 0.897032 0.897033 0.897035 0.897038 0.89704 0.897044 0.897047 0.897051 0.897055 0.897059 0.897064 0.897069 0.897074 0.897079 
0.876355 0.876359 0.876362 0.876365 0.876367 0.876369 0.87637 0.876371 0.876372 0.876372 0.876371 0.87637 0.876369 0.876367 0.876365 0.876362 0.876359 0.876355 0.876351 0.876347 0.876343 0.876338 0.876334 0.876329 0.876324 0.876319 0.876314 0.87631 0.876305 0.876301 0.876297 0.876293 0.876289 0.876286 0.876283 0.876281 0.876279 0.876278 0.876277 0.876276 0.876276 0.876277 0.876278 0.876279 0.876281 0.876284 0.876286 0.87629 0.876293 0.876297 0.876301 0.876306 0.87631 0.876315 0.87632 0.876324 0.876329 0.876334 0.876339 0.876343 0.876348 0.876352 
0.84735 0.847351 0.847351 0.847351 0.84735 0.847349 0.847347 0.847345 0.847342 0.847339 0.847335 0.847332 0.847327 0.847323 0.847318 0.847314 0.847309 0.847304 0.847299 0.847294 0.847289 0.847284 0.847279 0.847275 0.847271 0.847267 0.847263 0.84726 0.847257 0.847255 0.847254 0.847252 0.847252 0.847251 0.847252 0.847252 0.847254 0.847255 0.847258 0.84726 0.847264 0.847267 0.847271 0.847275 0.847279 0.847284 0.847289 0.847294 0.847299 0.847304 0.847309 0.847314 0.847319 0.847323 0.847328 0.847332 0.847336 0.847339 0.847342 0.847345 0.847347 0.847349 
0.810104 0.810102 0.810099 0.810096 0.810092 0.810089 0.810084 0.81008 0.810075 0.81007 0.810065 0.81006 0.810055 0.81005 0.810045 0.81004 0.810035 0.810031 0.810027 0.810023 0.810019 0.810016 0.810014 0.810011 0.81001 0.810008 0.810008 0.810007 0.810008 0.810008 0.81001 0.810012 0.810014 0.810017 0.81002 0.810023 0.810027 0.810031 0.810036 0.810041 0.810046 0.810051 0.810056 0.810061 0.810066 0.810071 0.810076 0.81008 0.810085 0.810089 0.810093 0.810096 0.8101 0.810102 0.810104 0.810106 0.810107 0.810108 0.810108 0.810108 0.810107 0.810106 
0.7647 0.764696 0.764692 0.764688 0.764683 0.764678 0.764674 0.764669 0.764665 0.76466 0.764656 0.764652 0.764648 0.764644 0.764641 0.764638 0.764635 0.764633 0.764632 0.76463 0.764629 0.764629 0.764629 0.76463 0.764631 0.764633 0.764634 0.764637 0.76464 0.764643 0.764646 0.76465 0.764654 0.764658 0.764663 0.764667 0.764672 0.764677 0.764681 0.764686 0.76469 0.764695 0.764699 0.764703 0.764706 0.76471 0.764712 0.764715 0.764717 0.764719 0.76472 0.764721 0.764721 0.764721 0.76472 0.764719 0.764718 0.764716 0.764713 0.764711 0.764707 0.764704 
0.711286 0.711282 0.711279 0.711275 0.711272 0.711268 0.711265 0.711262 0.71126 0.711257 0.711255 0.711253 0.711252 0.711251 0.71125 0.711249 0.711249 0.71125 0.711251 0.711252 0.711253 0.711255 0.711257 0.71126 0.711262 0.711265 0.711268 0.711272 0.711275 0.711279 0.711283 0.711286 0.71129 0.711294 0.711297 0.711301 0.711304 0.711307 0.71131 0.711313 0.711315 0.711318 0.711319 0.711321 0.711322 0.711323 0.711323 0.711323 0.711323 0.711322 0.711321 0.711319 0.711317 0.711315 0.711313 0.71131 0.711307 0.711304 0.711301 0.711297 0.711293 0.71129 
0.650085 0.650083 0.650081 0.650079 0.650078 0.650077 0.650076 0.650075 0.650074 0.650074 0.650074 0.650074 0.650074 0.650075 0.650076 0.650077 0.650079 0.65008 0.650082 0.650084 0.650086 0.650089 0.650091 0.650094 0.650096 0.650099 0.650101 0.650104 0.650106 0.650109 0.650111 0.650113 0.650115 0.650117 0.650119 0.650121 0.650122 0.650123 0.650124 0.650124 0.650125 0.650125 0.650125 0.650124 0.650123 0.650122 0.650121 0.65012 0.650118 0.650116 0.650114 0.650112 0.65011 0.650107 0.650105 0.650102 0.6501 0.650097 0.650095 0.650092 0.65009 0.650087 
0.581412 0.581412 0.581411 0.581411 0.581411 0.581411 0.581411 0.581412 0.581412 0.581413 0.581414 0.581415 0.581416 0.581417 0.581418 0.58142 0.581421 0.581422 0.581424 0.581425 0.581427 0.581428 0.58143 0.581431 0.581433 0.581434 0.581435 0.581436 0.581437 0.581438 0.581439 0.58144 0.58144 0.581441 0.581441 0.581441 0.581441 0.581441 0.58144 0.58144 0.581439 0.581438 0.581437 0.581436 0.581435 0.581434 0.581432 0.581431 0.581429 0.581428 0.581426 0.581425 0.581423 0.581422 0.581421 0.581419 0.581418 0.581417 0.581416 0.581415 0.581414 0.581413 
0.505706 0.505706 0.505706 0.505706 0.505707 0.505707 0.505708 0.505708 0.505709 0.505709 0.50571 0.505711 0.505711 0.505712 0.505713 0.505713 0.505714 0.505715 0.505715 0.505716 0.505717 0.505717 0.505718 0.505718 0.505718 0.505719 0.505719 0.505719 0.505719 0.505719 0.505719 0.505719 0.505719 0.505719 0.505718 0.505718 0.505718 0.505717 0.505717 0.505716 0.505715 0.505715 0.505714 0.505713 0.505713 0.505712 0.505711 0.505711 0.50571 0.505709 0.505709 0.505708 0.505708 0.505707 0.505707 0.505706 0.505706 0.505706 0.505706 0.505706 0.505706 0.505706 
0.423566 0.423567 0.423567 0.423567 0.423567 0.423567 0.423567 0.423568 0.423568 0.423568 0.423568 0.423568 0.423569 0.423569 0.423569 0.423569 0.423569 0.423569 0.423569 0.42357 0.42357 0.42357 0.42357 0.42357 0.42357 0.42357 0.42357 0.42357 0.42357 0.42357 0.423569 0.423569 0.423569 0.423569 0.423569 0.423569 0.423568 0.423568 0.423568 0.423568 0.423568 0.423567 0.423567 0.423567 0.423567 0.423567 0.423567 0.423566 0.423566 0.423566 0.423566 0.423566 0.423566 0.423566 0.423566 0.423566 0.423566 0.423566 0.423566 0.423566 0.423566 0.423566 
0.335787 0.335787 0.335787 0.335787 0.335787 0.335787 0.335787 0.335787 0.335787 0.335787 0.335787 0.335787 0.335787 0.335787 0.335787 0.335787 0.335787 0.335787 0.335787 0.335787 0.335787 0.335787 0.335787 0.335787 0.335787 0.335787 0.335787 0.335787 0.335787 0.335787 0.335787 0.335787 0.335787 0.335787 0.335787 0.335787 0.335787 0.335787 0.335787 0.335787 0.335787 0.335787 0.335787 0.335787 0.335787 0.335787 0.335787 0.335787 0.335787 0.335787 0.335787 0.335787 0.335787 0.335787 0.335787 0.335787 0.335787 0.335787 0.335787 0.335787 0.335787 0.335787 
0.243358 0.243358 0.243358 0.243358 0.243357 0.243357 0.243357 0.243357 0.243357 0.243357 0.243357 0.243357 0.243357 0.243357 0.243357 0.243357 0.243357 0.243357 0.243357 0.243357 0.243357 0.243358 0.243358 0.243358 0.243358 0.243358 0.243358 0.243358 0.243358 0.243358 0.243358 0.243359 0.243359 0.243359 0.243359 0.243359 0.243359 0.243359 0.243359 0.243359 0.243359 0.243359 0.243359 0.243359 0.243359 0.243359 0.243359 0.243359 0.243359 0.243359 0.243359 0.243359 0.243359 0.243359 0.243359 0.243359 0.243359 0.243358 0.243358 0.243358 0.243358 0.243358 
0.147452 0.147452 0.147452 0.147452 0.147452 0.147452 0.147452 0.147452 0.147452 0.147452 0.147452 0.147452 0.147452 0.147452 0.147452 0.147452 0.147452 0.147452 0.147452 0.147452 0.147452 0.147452 0.147452 0.147453 0.147453 0.147453 0.147453 0.147453 0.147453 0.147453 0.147453 0.147453 0.147453 0.147454 0.147454 0.147454 0.147454 0.147454 0.147454 0.147454 0.147454 0.147454 0.147454 0.147454 0.147454 0.147454 0.147454 0.147454 0.147454 0.147454 0.147453 0.147453 0.147453 0.147453 0.147453 0.147453 0.147453 0.147453 0.147453 0.147453 0.147452 0.147452 
0.0493939 0.0493939 0.0493938 0.0493938 0.0493938 0.0493937 0.0493937 0.0493937 0.0493936 0.0493936 0.0493936 0.0493936 0.0493936 0.0493936 0.0493936 0.0493936 0.0493936 0.0493936 0.0493937 0.0493937 0.0493937 0.0493938 0.0493938 0.0493939 0.0493939 0.049394 0.049394 0.0493941 0.0493941 0.0493942 0.0493942 0.0493943 0.0493943 0.0493944 0.0493944 0.0493945 0.0493945 0.0493945 0.0493946 0.0493946 0.0493946 0.0493946 0.0493946 0.0493946 0.0493946 0.0493946 0.0493946 0.0493946 0.0493946 0.0493946 0.0493945 0.0493945 0.0493945 0.0493944 0.0493944 0.0493943 0.0493943 0.0493942 0.0493942 0.0493941 0.049394 0.049394 
