0.0483376 0.0483376 0.0483376 0.0483377 0.0483377 0.0483377 0.0483378 0.0483378 0.0483378 0.0483379 0.0483379 0.048338 0.048338 0.048338 0.0483381 0.0483381 0.0483381 0.0483382 0.0483382 0.0483382 0.0483382 0.0483382 0.0483383 0.0483383 0.0483383 0.0483383 0.0483383 0.0483382 0.0483382 0.0483382 0.0483382 0.0483382 0.0483381 0.0483381 0.0483381 0.048338 0.048338 0.048338 0.0483379 0.0483379 0.0483379 0.0483378 0.0483378 0.0483377 0.0483377 0.0483377 0.0483376 0.0483376 0.0483376 0.0483375 0.0483375 0.0483375 0.0483375 0.0483375 0.0483375 0.0483375 0.0483375 0.0483375 0.0483375 0.0483375 0.0483375 0.0483376 
0.144331 0.144331 0.144332 0.144332 0.144332 0.144332 0.144332 0.144332 0.144332 0.144332 0.144332 0.144332 0.144332 0.144332 0.144332 0.144332 0.144332 0.144332 0.144332 0.144332 0.144332 0.144332 0.144332 0.144332 0.144332 0.144332 0.144332 0.144332 0.144332 0.144332 0.144332 0.144332 0.144332 0.144332 0.144332 0.144332 0.144332 0.144332 0.144332 0.144332 0.144332 0.144331 0.144331 0.144331 0.144331 0.144331 0.144331 0.144331 0.144331 0.144331 0.144331 0.144331 0.144331 0.144331 0.144331 0.144331 0.144331 0.144331 0.144331 0.144331 0.144331 0.144331 
0.238308 0.238309 0.238309 0.238309 0.238309 0.238309 0.238309 0.238309 0.238309 0.238309 0.238309 0.238309 0.238309 0.238309 0.238309 0.238309 0.238309 0.238309 0.238309 0.238309 0.23831 0.23831 0.23831 0.23831 0.238309 0.238309 0.238309 0.238309 0.238309 0.238309 0.238309 0.238309 0.238309 0.238309 0.238309 0.238309 0.238309 0.238309 0.238309 0.238309 0.238309 0.238308 0.238308 0.238308 0.238308 0.238308 0.238308 0.238308 0.238308 0.238308 0.238308 0.238308 0.238308 0.238308 0.238308 0.238308 0.238308 0.238308 0.238308 0.238308 0.238308 0.238308 
0.329016 0.329016 0.329016 0.329017 0.329017 0.329017 0.329017 0.329017 0.329017 0.329017 0.329017 0.329017 0.329017 0.329017 0.329017 0.329017 0.329017 0.329017 0.329017 0.329017 0.329017 0.329017 0.329017 0.329017 0.329017 0.329017 0.329017 0.329017 0.329017 0.329017 0.329017 0.329017 0.329017 0.329017 0.329017 0.329017 0.329017 0.329017 0.329017 0.329017 0.329016 0.329016 0.329016 0.329016 0.329016 0.329016 0.329016 0.329016 0.329016 0.329016 0.329016 0.329016 0.329016 0.329016 0.329016 0.329016 0.329016 0.329016 0.329016 0.329016 0.329016 0.329016 
0.415329 0.41533 0.41533 0.41533 0.41533 0.41533 0.41533 0.41533 0.41533 0.41533 0.41533 0.41533 0.41533 0.41533 0.41533 0.41533 0.41533 0.41533 0.41533 0.41533 0.41533 0.41533 0.41533 0.41533 0.41533 0.415329 0.415329 0.415329 0.415329 0.415329 0.415329 0.415329 0.415329 0.415329 0.415329 0.415329 0.415329 0.415329 0.415329 0.415329 0.415329 0.415329 0.415329 0.415329 0.415329 0.415329 0.415329 0.415329 0.415329 0.415329 0.415329 0.415329 0.415329 0.415329 0.415329 0.415329 0.415329 0.415329 0.415329 0.415329 0.415329 0.415329 
0.496278 0.496278 0.496278 0.496278 0.496278 0.496278 0.496278 0.496278 0.496278 0.496278 0.496278 0.496278 0.496278 0.496278 0.496278 0.496278 0.496278 0.496277 0.496277 0.496277 0.496277 0.496277 0.496276 0.496276 0.496276 0.496276 0.496276 0.496275 0.496275 0.496275 0.496275 0.496275 0.496275 0.496275 0.496274 0.496274 0.496274 0.496274 0.496274 0.496274 0.496274 0.496274 0.496274 0.496275 0.496275 0.496275 0.496275 0.496275 0.496275 0.496275 0.496276 0.496276 0.496276 0.496276 0.496276 0.496277 0.496277 0.496277 0.496277 0.496277 0.496277 0.496278 
0.571058 0.571058 0.571059 0.571059 0.57106 0.57106 0.57106 0.57106 0.57106 0.57106 0.571061 0.57106 0.57106 0.57106 0.57106 0.57106 0.57106 0.571059 0.571059 0.571059 0.571058 0.571058 0.571057 0.571057 0.571056 0.571056 0.571055 0.571055 0.571054 0.571053 0.571053 0.571053 0.571052 0.571052 0.571051 0.571051 0.571051 0.57105 0.57105 0.57105 0.57105 0.57105 0.57105 0.57105 0.57105 0.57105 0.571051 0.571051 0.571051 0.571052 0.571052 0.571053 0.571053 0.571053 0.571054 0.571054 0.571055 0.571056 0.571056 0.571057 0.571057 0.571058 
0.639032 0.639033 0.639034 0.639035 0.639036 0.639036 0.639037 0.639038 0.639038 0.639039 0.63904 0.63904 0.63904 0.63904 0.63904 0.63904 0.63904 0.63904 0.63904 0.639039 0.639039 0.639038 0.639038 0.639037 0.639036 0.639035 0.639034 0.639033 0.639032 0.639031 0.63903 0.639029 0.639028 0.639027 0.639026 0.639025 0.639025 0.639024 0.639023 0.639022 0.639022 0.639021 0.639021 0.639021 0.639021 0.63902 0.639021 0.639021 0.639021 0.639021 0.639022 0.639022 0.639023 0.639023 0.639024 0.639025 0.639026 0.639027 0.639028 0.639029 0.63903 0.639031 
0.699713 0.699715 0.699716 0.699718 0.699719 0.699721 0.699722 0.699724 0.699725 0.699727 0.699728 0.699729 0.69973 0.699731 0.699732 0.699732 0.699733 0.699733 0.699733 0.699733 0.699733 0.699733 0.699732 0.699732 0.699731 0.69973 0.699729 0.699728 0.699727 0.699726 0.699724 0.699723 0.699721 0.69972 0.699718 0.699717 0.699715 0.699713 0.699712 0.699711 0.699709 0.699708 0.699707 0.699706 0.699705 0.699704 0.699704 0.699703 0.699703 0.699703 0.699703 0.699703 0.699703 0.699704 0.699704 0.699705 0.699706 0.699707 0.699708 0.699709 0.69971 0.699712 
0.752752 0.752753 0.752755 0.752757 0.752758 0.75276 0.752762 0.752764 0.752766 0.752768 0.75277 0.752772 0.752774 0.752775 0.752777 0.752778 0.75278 0.752781 0.752782 0.752783 0.752783 0.752784 0.752784 0.752784 0.752784 0.752783 0.752783 0.752782 0.752781 0.75278 0.752779 0.752777 0.752776 0.752774 0.752772 0.752771 0.752769 0.752767 0.752765 0.752763 0.752761 0.752759 0.752757 0.752755 0.752753 0.752752 0.75275 0.752749 0.752748 0.752747 0.752746 0.752746 0.752745 0.752745 0.752745 0.752745 0.752746 0.752746 0.752747 0.752748 0.752749 0.75275 
0.797904 0.797906 0.797907 0.797908 0.79791 0.797911 0.797913 0.797915 0.797917 0.797919 0.797921 0.797923 0.797925 0.797927 0.797929 0.797931 0.797933 0.797934 0.797936 0.797937 0.797939 0.79794 0.797941 0.797941 0.797942 0.797942 0.797942 0.797942 0.797942 0.797941 0.797941 0.79794 0.797939 0.797937 0.797936 0.797935 0.797933 0.797931 0.797929 0.797927 0.797925 0.797923 0.797921 0.797919 0.797917 0.797915 0.797913 0.797912 0.79791 0.797908 0.797907 0.797906 0.797905 0.797904 0.797903 0.797902 0.797902 0.797902 0.797902 0.797902 0.797903 0.797904 
0.835009 0.835009 0.83501 0.835011 0.835011 0.835012 0.835014 0.835015 0.835016 0.835018 0.835019 0.83502 0.835022 0.835024 0.835025 0.835027 0.835028 0.83503 0.835031 0.835032 0.835034 0.835035 0.835036 0.835037 0.835038 0.835038 0.835039 0.835039 0.835039 0.835039 0.835039 0.835039 0.835038 0.835038 0.835037 0.835036 0.835035 0.835034 0.835033 0.835031 0.83503 0.835029 0.835027 0.835026 0.835024 0.835022 0.835021 0.835019 0.835018 0.835016 0.835015 0.835014 0.835013 0.835012 0.835011 0.83501 0.835009 0.835009 0.835009 0.835008 0.835008 0.835008 
0.863956 0.863956 0.863957 0.863957 0.863957 0.863958 0.863958 0.863959 0.863959 0.86396 0.86396 0.863961 0.863961 0.863962 0.863962 0.863963 0.863963 0.863964 0.863964 0.863965 0.863965 0.863966 0.863966 0.863966 0.863967 0.863967 0.863967 0.863967 0.863967 0.863967 0.863967 0.863967 0.863967 0.863966 0.863966 0.863966 0.863965 0.863965 0.863965 0.863964 0.863963 0.863963 0.863962 0.863962 0.863961 0.863961 0.86396 0.86396 0.863959 0.863959 0.863958 0.863958 0.863957 0.863957 0.863957 0.863956 0.863956 0.863956 0.863956 0.863956 0.863956 0.863956 
0.884676 0.884677 0.884677 0.884677 0.884677 0.884677 0.884677 0.884677 0.884677 0.884677 0.884676 0.884676 0.884675 0.884675 0.884674 0.884673 0.884672 0.884672 0.884671 0.88467 0.884669 0.884668 0.884667 0.884666 0.884665 0.884665 0.884664 0.884663 0.884662 0.884662 0.884661 0.884661 0.88466 0.88466 0.88466 0.88466 0.88466 0.88466 0.88466 0.88466 0.88466 0.884661 0.884661 0.884662 0.884662 0.884663 0.884664 0.884665 0.884665 0.884666 0.884667 0.884668 0.884669 0.88467 0.884671 0.884672 0.884672 0.884673 0.884674 0.884675 0.884675 0.884676 
0.897127 0.897127 0.897128 0.897128 0.897128 0.897128 0.897127 0.897127 0.897126 0.897125 0.897124 0.897122 0.897121 0.897119 0.897117 0.897115 0.897113 0.897111 0.897109 0.897106 0.897104 0.897102 0.8971 0.897098 0.897096 0.897094 0.897092 0.89709 0.897089 0.897087 0.897086 0.897085 0.897085 0.897084 0.897084 0.897084 0.897084 0.897084 0.897085 0.897086 0.897087 0.897088 0.89709 0.897091 0.897093 0.897095 0.897097 0.897099 0.897101 0.897103 0.897106 0.897108 0.89711 0.897112 0.897114 0.897116 0.897118 0.89712 0.897122 0.897123 0.897125 0.897126 
0.901285 0.901285 0.901285 0.901285 0.901285 0.901284 0.901283 0.901282 0.90128 0.901279 0.901276 0.901274 0.901271 0.901269 0.901266 0.901263 0.90126 0.901257 0.901253 0.90125 0.901247 0.901244 0.901241 0.901238 0.901235 0.901233 0.901231 0.901229 0.901227 0.901225 0.901224 0.901223 0.901223 0.901222 0.901222 0.901223 0.901223 0.901224 0.901226 0.901227 0.901229 0.901231 0.901234 0.901236 0.901239 0.901242 0.901245 0.901248 0.901251 0.901254 0.901258 0.901261 0.901264 0.901267 0.90127 0.901272 0.901275 0.901277 0.901279 0.901281 0.901282 0.901284 
0.897142 0.897141 0.897141 0.89714 0.897138 0.897137 0.897135 0.897132 0.89713 0.897127 0.897124 0.897121 0.897117 0.897114 0.89711 0.897107 0.897103 0.8971 0.897096 0.897093 0.897089 0.897086 0.897084 0.897081 0.897078 0.897076 0.897075 0.897073 0.897072 0.897071 0.897071 0.897071 0.897071 0.897072 0.897073 0.897074 0.897076 0.897078 0.89708 0.897083 0.897085 0.897089 0.897092 0.897095 0.897099 0.897102 0.897106 0.897109 0.897113 0.897116 0.89712 0.897123 0.897126 0.897129 0.897132 0.897134 0.897136 0.897138 0.897139 0.897141 0.897141 0.897142 
0.884701 0.884699 0.884697 0.884695 0.884692 0.884689 0.884686 0.884683 0.884679 0.884676 0.884672 0.884669 0.884665 0.884661 0.884658 0.884655 0.884651 0.884648 0.884645 0.884643 0.884641 0.884639 0.884637 0.884635 0.884634 0.884634 0.884633 0.884633 0.884634 0.884635 0.884636 0.884637 0.884639 0.884641 0.884644 0.884646 0.884649 0.884652 0.884656 0.884659 0.884663 0.884666 0.88467 0.884673 0.884677 0.88468 0.884684 0.884687 0.88469 0.884693 0.884695 0.884698 0.8847 0.884701 0.884703 0.884704 0.884704 0.884705 0.884705 0.884704 0.884703 0.884702 
0.86398 0.863977 0.863974 0.86397 0.863967 0.863963 0.863959 0.863956 0.863952 0.863949 0.863946 0.863943 0.86394 0.863937 0.863935 0.863933 0.863931 0.863929 0.863928 0.863927 0.863927 0.863927 0.863927 0.863928 0.863929 0.86393 0.863932 0.863934 0.863936 0.863939 0.863942 0.863945 0.863948 0.863951 0.863955 0.863958 0.863962 0.863965 0.863969 0.863972 0.863976 0.863979 0.863982 0.863985 0.863988 0.86399 0.863992 0.863994 0.863995 0.863997 0.863997 0.863998 0.863998 0.863997 0.863997 0.863996 0.863994 0.863993 0.863991 0.863988 0.863986 0.863983 
0.835021 0.835018 0.835014 0.835011 0.835007 0.835004 0.835001 0.834999 0.834996 0.834994 0.834992 0.834991 0.83499 0.834989 0.834989 0.834989 0.834989 0.83499 0.834991 0.834992 0.834994 0.834996 0.834999 0.835001 0.835004 0.835007 0.83501 0.835014 0.835017 0.835021 0.835025 0.835028 0.835032 0.835036 0.835039 0.835042 0.835045 0.835048 0.835051 0.835053 0.835055 0.835057 0.835059 0.83506 0.83506 0.835061 0.835061 0.83506 0.83506 0.835059 0.835057 0.835055 0.835053 0.835051 0.835048 0.835045 0.835042 0.835039 0.835036 0.835032 0.835028 0.835025 
0.7979 0.797898 0.797895 0.797893 0.797891 0.79789 0.797889 0.797888 0.797888 0.797888 0.797888 0.797889 0.79789 0.797891 0.797893 0.797895 0.797897 0.7979 0.797903 0.797906 0.797909 0.797912 0.797916 0.797919 0.797923 0.797926 0.79793 0.797933 0.797937 0.79794 0.797943 0.797946 0.797949 0.797951 0.797953 0.797955 0.797956 0.797958 0.797958 0.797959 0.797959 0.797958 0.797958 0.797957 0.797955 0.797953 0.797951 0.797949 0.797947 0.797944 0.797941 0.797937 0.797934 0.797931 0.797927 0.797923 0.79792 0.797916 0.797913 0.797909 0.797906 0.797903 
0.752735 0.752734 0.752734 0.752734 0.752734 0.752734 0.752735 0.752736 0.752738 0.75274 0.752742 0.752744 0.752746 0.752749 0.752752 0.752755 0.752758 0.752761 0.752764 0.752768 0.752771 0.752774 0.752777 0.75278 0.752783 0.752785 0.752788 0.75279 0.752792 0.752794 0.752795 0.752796 0.752797 0.752797 0.752798 0.752797 0.752797 0.752796 0.752795 0.752793 0.752792 0.75279 0.752787 0.752785 0.752782 0.752779 0.752776 0.752773 0.75277 0.752767 0.752764 0.75276 0.752757 0.752754 0.752751 0.752748 0.752746 0.752743 0.752741 0.752739 0.752737 0.752736 
0.699695 0.699695 0.699696 0.699698 0.699699 0.699701 0.699703 0.699705 0.699707 0.69971 0.699712 0.699715 0.699717 0.69972 0.699722 0.699725 0.699727 0.69973 0.699732 0.699734 0.699736 0.699738 0.69974 0.699741 0.699742 0.699743 0.699744 0.699744 0.699745 0.699745 0.699744 0.699744 0.699743 0.699742 0.69974 0.699739 0.699737 0.699735 0.699733 0.699731 0.699728 0.699726 0.699723 0.699721 0.699718 0.699716 0.699713 0.699711 0.699708 0.699706 0.699704 0.699702 0.6997 0.699698 0.699697 0.699696 0.699695 0.699694 0.699694 0.699694 0.699694 0.699694 
0.63902 0.639021 0.639023 0.639024 0.639026 0.639028 0.63903 0.639031 0.639033 0.639035 0.639037 0.639038 0.63904 0.639042 0.639043 0.639044 0.639045 0.639047 0.639047 0.639048 0.639049 0.639049 0.639049 0.639049 0.639049 0.639049 0.639048 0.639047 0.639047 0.639046 0.639044 0.639043 0.639042 0.63904 0.639039 0.639037 0.639035 0.639033 0.639032 0.63903 0.639028 0.639026 0.639025 0.639023 0.639021 0.63902 0.639019 0.639017 0.639016 0.639016 0.639015 0.639014 0.639014 0.639014 0.639014 0.639014 0.639014 0.639015 0.639016 0.639016 0.639017 0.639019 
0.571055 0.571056 0.571057 0.571058 0.571059 0.57106 0.571061 0.571062 0.571063 0.571063 0.571064 0.571065 0.571065 0.571066 0.571066 0.571067 0.571067 0.571067 0.571067 0.571067 0.571066 0.571066 0.571065 0.571065 0.571064 0.571063 0.571063 0.571062 0.571061 0.57106 0.571059 0.571058 0.571057 0.571056 0.571055 0.571053 0.571052 0.571051 0.571051 0.57105 0.571049 0.571048 0.571047 0.571047 0.571046 0.571046 0.571046 0.571046 0.571046 0.571046 0.571046 0.571046 0.571047 0.571047 0.571048 0.571048 0.571049 0.57105 0.571051 0.571052 0.571053 0.571054 
0.496279 0.496279 0.49628 0.49628 0.496281 0.496281 0.496281 0.496282 0.496282 0.496282 0.496282 0.496282 0.496282 0.496282 0.496282 0.496282 0.496282 0.496281 0.496281 0.496281 0.49628 0.49628 0.49628 0.496279 0.496279 0.496278 0.496278 0.496277 0.496277 0.496276 0.496276 0.496275 0.496275 0.496274 0.496274 0.496273 0.496273 0.496273 0.496273 0.496272 0.496272 0.496272 0.496272 0.496272 0.496272 0.496272 0.496272 0.496272 0.496273 0.496273 0.496273 0.496274 0.496274 0.496275 0.496275 0.496275 0.496276 0.496276 0.496277 0.496277 0.496278 0.496278 
0.415331 0.415331 0.415331 0.415331 0.415332 0.415332 0.415332 0.415332 0.415332 0.415332 0.415332 0.415332 0.415332 0.415332 0.415331 0.415331 0.415331 0.415331 0.415331 0.415331 0.415331 0.41533 0.41533 0.41533 0.41533 0.41533 0.41533 0.415329 0.415329 0.415329 0.415329 0.415329 0.415329 0.415329 0.415328 0.415328 0.415328 0.415328 0.415328 0.415328 0.415328 0.415328 0.415328 0.415328 0.415328 0.415329 0.415329 0.415329 0.415329 0.415329 0.415329 0.415329 0.41533 0.41533 0.41533 0.41533 0.41533 0.41533 0.415331 0.415331 0.415331 0.415331 
0.329017 0.329017 0.329017 0.329017 0.329017 0.329017 0.329017 0.329017 0.329017 0.329017 0.329018 0.329018 0.329018 0.329018 0.329018 0.329018 0.329018 0.329018 0.329018 0.329018 0.329017 0.329017 0.329017 0.329017 0.329017 0.329017 0.329017 0.329017 0.329017 0.329017 0.329017 0.329017 0.329017 0.329017 0.329017 0.329017 0.329017 0.329017 0.329017 0.329017 0.329017 0.329017 0.329017 0.329017 0.329017 0.329017 0.329017 0.329017 0.329017 0.329017 0.329017 0.329017 0.329017 0.329017 0.329017 0.329017 0.329017 0.329017 0.329017 0.329017 0.329017 0.329017 
0.238309 0.238309 0.238309 0.238309 0.238309 0.238309 0.238309 0.238309 0.238309 0.238309 0.238309 0.238309 0.238309 0.238309 0.23831 0.23831 0.23831 0.23831 0.23831 0.23831 0.23831 0.23831 0.23831 0.23831 0.23831 0.23831 0.23831 0.23831 0.23831 0.23831 0.23831 0.23831 0.238309 0.238309 0.238309 0.238309 0.238309 0.238309 0.238309 0.238309 0.238309 0.238309 0.238309 0.238309 0.238309 0.238309 0.238309 0.238309 0.238309 0.238309 0.238309 0.238309 0.238309 0.238309 0.238309 0.238309 0.238309 0.238309 0.238309 0.238309 0.238309 0.238309 
0.144332 0.144332 0.144332 0.144332 0.144332 0.144332 0.144332 0.144332 0.144332 0.144332 0.144332 0.144332 0.144332 0.144332 0.144332 0.144332 0.144332 0.144332 0.144332 0.144332 0.144333 0.144333 0.144333 0.144333 0.144333 0.144333 0.144333 0.144332 0.144332 0.144332 0.144332 0.144332 0.144332 0.144332 0.144332 0.144332 0.144332 0.144332 0.144332 0.144332 0.144332 0.144332 0.144332 0.144332 0.144332 0.144332 0.144332 0.144332 0.144331 0.144331 0.144331 0.144331 0.144331 0.144331 0.144331 0.144331 0.144331 0.144331 0.144331 0.144331 0.144331 0.144332 
0.0483376 0.0483377 0.0483377 0.0483377 0.0483377 0.0483378 0.0483378 0.0483378 0.0483379 0.0483379 0.0483379 0.048338 0.048338 0.048338 0.0483381 0.0483381 0.0483381 0.0483382 0.0483382 0.0483382 0.0483382 0.0483383 0.0483383 0.0483383 0.0483383 0.0483383 0.0483383 0.0483383 0.0483383 0.0483383 0.0483383 0.0483383 0.0483382 0.0483382 0.0483382 0.0483382 0.0483381 0.0483381 0.0483381 0.048338 0.048338 0.048338 0.0483379 0.0483379 0.0483378 0.0483378 0.0483378 0.0483377 0.0483377 0.0483377 0.0483377 0.0483376 0.0483376 0.0483376 0.0483376 0.0483376 0.0483376 0.0483376 0.0483376 0.0483376 0.0483376 0.0483376 
