0.0482967 0.0482968 0.0482968 0.0482968 0.0482968 0.0482969 0.0482969 0.0482969 0.048297 0.048297 0.048297 0.0482971 0.0482971 0.0482972 0.0482972 0.0482972 0.0482973 0.0482973 0.0482973 0.0482974 0.0482974 0.0482974 0.0482974 0.0482974 0.0482974 0.0482974 0.0482974 0.0482974 0.0482974 0.0482974 0.0482974 0.0482974 0.0482974 0.0482973 0.0482973 0.0482973 0.0482972 0.0482972 0.0482972 0.0482971 0.0482971 0.0482971 0.048297 0.048297 0.0482969 0.0482969 0.0482969 0.0482968 0.0482968 0.0482968 0.0482968 0.0482967 0.0482967 0.0482967 0.0482967 0.0482967 0.0482967 0.0482967 0.0482967 0.0482967 0.0482967 0.0482967 
0.144211 0.144211 0.144211 0.144211 0.144211 0.144211 0.144211 0.144211 0.144211 0.144211 0.144211 0.144211 0.144211 0.144211 0.144211 0.144211 0.144211 0.144212 0.144212 0.144212 0.144212 0.144212 0.144212 0.144212 0.144212 0.144212 0.144212 0.144212 0.144212 0.144212 0.144211 0.144211 0.144211 0.144211 0.144211 0.144211 0.144211 0.144211 0.144211 0.144211 0.144211 0.144211 0.144211 0.144211 0.144211 0.144211 0.144211 0.144211 0.14421 0.14421 0.14421 0.14421 0.14421 0.14421 0.14421 0.14421 0.14421 0.14421 0.14421 0.14421 0.144211 0.144211 
0.238113 0.238113 0.238113 0.238113 0.238113 0.238113 0.238113 0.238113 0.238113 0.238113 0.238113 0.238113 0.238113 0.238113 0.238114 0.238114 0.238114 0.238114 0.238114 0.238114 0.238114 0.238114 0.238114 0.238114 0.238114 0.238114 0.238114 0.238114 0.238114 0.238114 0.238114 0.238114 0.238114 0.238113 0.238113 0.238113 0.238113 0.238113 0.238113 0.238113 0.238113 0.238113 0.238113 0.238113 0.238113 0.238113 0.238113 0.238113 0.238112 0.238112 0.238112 0.238112 0.238112 0.238112 0.238112 0.238112 0.238112 0.238112 0.238112 0.238112 0.238113 0.238113 
0.328753 0.328753 0.328753 0.328753 0.328753 0.328753 0.328753 0.328754 0.328754 0.328754 0.328754 0.328754 0.328754 0.328754 0.328754 0.328754 0.328754 0.328754 0.328754 0.328754 0.328754 0.328754 0.328754 0.328754 0.328754 0.328754 0.328754 0.328754 0.328754 0.328754 0.328754 0.328754 0.328754 0.328754 0.328754 0.328754 0.328754 0.328754 0.328754 0.328753 0.328753 0.328753 0.328753 0.328753 0.328753 0.328753 0.328753 0.328753 0.328753 0.328753 0.328753 0.328753 0.328753 0.328753 0.328753 0.328753 0.328753 0.328753 0.328753 0.328753 0.328753 0.328753 
0.415008 0.415008 0.415008 0.415008 0.415008 0.415008 0.415008 0.415008 0.415008 0.415009 0.415009 0.415009 0.415009 0.415009 0.415009 0.415009 0.415009 0.415009 0.415008 0.415008 0.415008 0.415008 0.415008 0.415008 0.415008 0.415008 0.415008 0.415008 0.415008 0.415008 0.415008 0.415008 0.415008 0.415008 0.415008 0.415008 0.415008 0.415008 0.415008 0.415008 0.415008 0.415008 0.415008 0.415008 0.415008 0.415008 0.415008 0.415008 0.415008 0.415008 0.415008 0.415008 0.415008 0.415008 0.415008 0.415008 0.415008 0.415008 0.415008 0.415008 0.415008 0.415008 
0.495908 0.495908 0.495908 0.495909 0.495909 0.495909 0.495909 0.495909 0.495909 0.495909 0.495909 0.495909 0.495909 0.495909 0.495909 0.495908 0.495908 0.495908 0.495908 0.495908 0.495908 0.495908 0.495907 0.495907 0.495907 0.495907 0.495907 0.495906 0.495906 0.495906 0.495906 0.495906 0.495905 0.495905 0.495905 0.495905 0.495905 0.495905 0.495905 0.495905 0.495905 0.495905 0.495905 0.495905 0.495905 0.495905 0.495905 0.495905 0.495906 0.495906 0.495906 0.495906 0.495906 0.495906 0.495907 0.495907 0.495907 0.495907 0.495907 0.495908 0.495908 0.495908 
0.57065 0.57065 0.570651 0.570651 0.570651 0.570652 0.570652 0.570652 0.570653 0.570653 0.570653 0.570653 0.570653 0.570653 0.570653 0.570653 0.570652 0.570652 0.570652 0.570652 0.570651 0.570651 0.57065 0.57065 0.570649 0.570649 0.570648 0.570648 0.570647 0.570647 0.570646 0.570646 0.570645 0.570645 0.570644 0.570644 0.570644 0.570643 0.570643 0.570643 0.570643 0.570643 0.570643 0.570643 0.570643 0.570643 0.570643 0.570643 0.570643 0.570644 0.570644 0.570644 0.570645 0.570645 0.570646 0.570646 0.570647 0.570647 0.570648 0.570648 0.570649 0.570649 
0.638593 0.638594 0.638595 0.638596 0.638597 0.638598 0.638599 0.6386 0.638601 0.638601 0.638602 0.638603 0.638603 0.638603 0.638604 0.638604 0.638604 0.638604 0.638604 0.638603 0.638603 0.638602 0.638602 0.638601 0.638601 0.6386 0.638599 0.638598 0.638597 0.638596 0.638595 0.638594 0.638593 0.638592 0.638591 0.63859 0.638589 0.638589 0.638588 0.638587 0.638586 0.638586 0.638585 0.638585 0.638584 0.638584 0.638584 0.638584 0.638584 0.638584 0.638585 0.638585 0.638585 0.638586 0.638587 0.638587 0.638588 0.638589 0.63859 0.638591 0.638592 0.638592 
0.699253 0.699255 0.699256 0.699258 0.699259 0.699261 0.699262 0.699264 0.699265 0.699267 0.699268 0.699269 0.69927 0.699271 0.699272 0.699273 0.699274 0.699275 0.699275 0.699275 0.699275 0.699275 0.699275 0.699275 0.699274 0.699274 0.699273 0.699272 0.699271 0.69927 0.699269 0.699267 0.699266 0.699264 0.699263 0.699261 0.69926 0.699258 0.699257 0.699255 0.699254 0.699252 0.699251 0.69925 0.699249 0.699248 0.699247 0.699246 0.699246 0.699245 0.699245 0.699245 0.699245 0.699245 0.699246 0.699246 0.699247 0.699248 0.699249 0.69925 0.699251 0.699252 
0.752277 0.752278 0.75228 0.752281 0.752283 0.752285 0.752286 0.752288 0.75229 0.752292 0.752294 0.752296 0.752298 0.7523 0.752302 0.752303 0.752305 0.752306 0.752307 0.752308 0.752309 0.75231 0.752311 0.752311 0.752311 0.752311 0.752311 0.75231 0.75231 0.752309 0.752308 0.752307 0.752305 0.752304 0.752302 0.752301 0.752299 0.752297 0.752295 0.752293 0.752291 0.752289 0.752287 0.752286 0.752284 0.752282 0.75228 0.752279 0.752278 0.752276 0.752275 0.752274 0.752274 0.752273 0.752273 0.752273 0.752273 0.752273 0.752273 0.752274 0.752275 0.752276 
0.797421 0.797421 0.797422 0.797423 0.797425 0.797426 0.797428 0.797429 0.797431 0.797433 0.797435 0.797437 0.797439 0.797441 0.797443 0.797445 0.797447 0.797449 0.79745 0.797452 0.797453 0.797455 0.797456 0.797457 0.797458 0.797459 0.797459 0.797459 0.797459 0.797459 0.797459 0.797458 0.797457 0.797457 0.797455 0.797454 0.797453 0.797451 0.797449 0.797448 0.797446 0.797444 0.797442 0.79744 0.797438 0.797436 0.797434 0.797432 0.79743 0.797428 0.797427 0.797425 0.797424 0.797423 0.797422 0.797421 0.79742 0.79742 0.79742 0.79742 0.79742 0.79742 
0.834519 0.83452 0.83452 0.83452 0.834521 0.834522 0.834523 0.834524 0.834525 0.834526 0.834527 0.834529 0.83453 0.834532 0.834533 0.834535 0.834537 0.834538 0.83454 0.834541 0.834542 0.834544 0.834545 0.834546 0.834547 0.834548 0.834549 0.834549 0.83455 0.83455 0.83455 0.83455 0.83455 0.834549 0.834549 0.834548 0.834547 0.834546 0.834545 0.834544 0.834543 0.834542 0.83454 0.834539 0.834537 0.834536 0.834534 0.834533 0.834531 0.83453 0.834528 0.834527 0.834525 0.834524 0.834523 0.834522 0.834521 0.834521 0.83452 0.83452 0.834519 0.834519 
0.863463 0.863463 0.863463 0.863463 0.863463 0.863464 0.863464 0.863465 0.863465 0.863465 0.863466 0.863467 0.863467 0.863468 0.863468 0.863469 0.863469 0.86347 0.86347 0.863471 0.863471 0.863472 0.863472 0.863473 0.863473 0.863473 0.863474 0.863474 0.863474 0.863474 0.863474 0.863474 0.863474 0.863474 0.863473 0.863473 0.863473 0.863472 0.863472 0.863472 0.863471 0.863471 0.86347 0.863469 0.863469 0.863468 0.863468 0.863467 0.863467 0.863466 0.863466 0.863465 0.863465 0.863464 0.863464 0.863464 0.863463 0.863463 0.863463 0.863463 0.863463 0.863463 
0.88418 0.88418 0.884181 0.884181 0.884181 0.884181 0.884182 0.884182 0.884182 0.884181 0.884181 0.884181 0.88418 0.88418 0.884179 0.884179 0.884178 0.884177 0.884177 0.884176 0.884175 0.884174 0.884173 0.884172 0.884172 0.884171 0.88417 0.884169 0.884168 0.884168 0.884167 0.884166 0.884166 0.884165 0.884165 0.884165 0.884164 0.884164 0.884164 0.884164 0.884164 0.884165 0.884165 0.884165 0.884166 0.884166 0.884167 0.884168 0.884168 0.884169 0.88417 0.884171 0.884172 0.884173 0.884173 0.884174 0.884175 0.884176 0.884177 0.884178 0.884178 0.884179 
0.896628 0.896629 0.89663 0.89663 0.896631 0.896631 0.896631 0.896631 0.89663 0.896629 0.896629 0.896627 0.896626 0.896625 0.896623 0.896621 0.89662 0.896618 0.896615 0.896613 0.896611 0.896609 0.896607 0.896605 0.896602 0.8966 0.896598 0.896597 0.896595 0.896593 0.896592 0.896591 0.896589 0.896589 0.896588 0.896588 0.896587 0.896587 0.896588 0.896588 0.896589 0.89659 0.896591 0.896592 0.896594 0.896595 0.896597 0.896599 0.896601 0.896603 0.896605 0.896607 0.896609 0.896612 0.896614 0.896616 0.896618 0.89662 0.896622 0.896623 0.896625 0.896626 
0.900785 0.900786 0.900787 0.900788 0.900788 0.900788 0.900787 0.900786 0.900785 0.900784 0.900782 0.90078 0.900778 0.900776 0.900773 0.90077 0.900768 0.900765 0.900761 0.900758 0.900755 0.900752 0.900749 0.900746 0.900743 0.90074 0.900738 0.900735 0.900733 0.900731 0.900729 0.900728 0.900727 0.900726 0.900726 0.900726 0.900726 0.900726 0.900727 0.900728 0.900729 0.900731 0.900733 0.900735 0.900738 0.90074 0.900743 0.900746 0.900749 0.900752 0.900755 0.900758 0.900761 0.900764 0.900768 0.90077 0.900773 0.900776 0.900778 0.90078 0.900782 0.900784 
0.896644 0.896644 0.896644 0.896644 0.896643 0.896642 0.896641 0.896639 0.896637 0.896634 0.896632 0.896629 0.896626 0.896623 0.896619 0.896616 0.896612 0.896609 0.896605 0.896602 0.896598 0.896595 0.896592 0.896589 0.896586 0.896584 0.896581 0.896579 0.896578 0.896576 0.896575 0.896575 0.896574 0.896574 0.896575 0.896576 0.896577 0.896578 0.89658 0.896582 0.896584 0.896587 0.89659 0.896593 0.896596 0.8966 0.896603 0.896606 0.89661 0.896614 0.896617 0.896621 0.896624 0.896627 0.89663 0.896633 0.896635 0.896638 0.896639 0.896641 0.896643 0.896644 
0.884207 0.884206 0.884204 0.884203 0.8842 0.884198 0.884195 0.884192 0.884189 0.884186 0.884183 0.884179 0.884175 0.884172 0.884168 0.884165 0.884161 0.884158 0.884155 0.884152 0.884149 0.884147 0.884145 0.884143 0.884141 0.88414 0.884139 0.884138 0.884138 0.884138 0.884139 0.88414 0.884141 0.884143 0.884144 0.884147 0.884149 0.884152 0.884155 0.884158 0.884161 0.884165 0.884168 0.884172 0.884175 0.884179 0.884182 0.884186 0.884189 0.884192 0.884195 0.884198 0.8842 0.884202 0.884204 0.884206 0.884207 0.884208 0.884209 0.884209 0.884209 0.884208 
0.863492 0.863489 0.863486 0.863483 0.863479 0.863476 0.863472 0.863469 0.863465 0.863462 0.863458 0.863455 0.863452 0.863449 0.863446 0.863443 0.863441 0.863439 0.863437 0.863436 0.863435 0.863434 0.863434 0.863434 0.863435 0.863435 0.863436 0.863438 0.86344 0.863442 0.863444 0.863447 0.863449 0.863453 0.863456 0.863459 0.863463 0.863466 0.86347 0.863473 0.863477 0.86348 0.863483 0.863487 0.86349 0.863492 0.863495 0.863497 0.863499 0.863501 0.863502 0.863503 0.863504 0.863504 0.863504 0.863504 0.863503 0.863502 0.8635 0.863499 0.863496 0.863494 
0.834538 0.834535 0.834531 0.834528 0.834524 0.834521 0.834518 0.834515 0.834512 0.834509 0.834507 0.834505 0.834503 0.834502 0.834501 0.8345 0.8345 0.8345 0.8345 0.834501 0.834502 0.834504 0.834506 0.834508 0.83451 0.834513 0.834516 0.834519 0.834522 0.834526 0.834529 0.834533 0.834536 0.83454 0.834544 0.834547 0.83455 0.834554 0.834557 0.834559 0.834562 0.834564 0.834566 0.834568 0.834569 0.83457 0.834571 0.834571 0.834571 0.834571 0.83457 0.834569 0.834567 0.834565 0.834563 0.834561 0.834558 0.834555 0.834552 0.834549 0.834545 0.834542 
0.797423 0.79742 0.797417 0.797415 0.797412 0.79741 0.797409 0.797407 0.797406 0.797406 0.797405 0.797405 0.797406 0.797407 0.797408 0.797409 0.797411 0.797413 0.797415 0.797418 0.797421 0.797424 0.797427 0.797431 0.797434 0.797437 0.797441 0.797445 0.797448 0.797452 0.797455 0.797458 0.797461 0.797464 0.797466 0.797469 0.797471 0.797472 0.797474 0.797475 0.797475 0.797476 0.797475 0.797475 0.797474 0.797473 0.797472 0.79747 0.797468 0.797465 0.797463 0.79746 0.797457 0.797454 0.79745 0.797447 0.797443 0.79744 0.797436 0.797433 0.797429 0.797426 
0.752265 0.752263 0.752263 0.752262 0.752261 0.752261 0.752262 0.752262 0.752263 0.752264 0.752266 0.752268 0.75227 0.752272 0.752275 0.752277 0.75228 0.752283 0.752286 0.752289 0.752293 0.752296 0.752299 0.752302 0.752305 0.752308 0.752311 0.752313 0.752316 0.752318 0.75232 0.752321 0.752322 0.752323 0.752324 0.752324 0.752324 0.752324 0.752324 0.752323 0.752321 0.75232 0.752318 0.752316 0.752314 0.752311 0.752309 0.752306 0.752303 0.7523 0.752296 0.752293 0.75229 0.752287 0.752284 0.752281 0.752278 0.752275 0.752273 0.75227 0.752268 0.752266 
0.699236 0.699237 0.699237 0.699238 0.699239 0.699241 0.699242 0.699244 0.699246 0.699248 0.69925 0.699253 0.699255 0.699258 0.69926 0.699263 0.699265 0.699268 0.69927 0.699272 0.699275 0.699277 0.699279 0.69928 0.699282 0.699283 0.699284 0.699285 0.699286 0.699286 0.699286 0.699286 0.699286 0.699285 0.699284 0.699283 0.699282 0.69928 0.699279 0.699277 0.699275 0.699272 0.69927 0.699267 0.699265 0.699262 0.69926 0.699257 0.699255 0.699252 0.69925 0.699248 0.699246 0.699244 0.699242 0.699241 0.699239 0.699238 0.699237 0.699237 0.699236 0.699236 
0.638581 0.638582 0.638584 0.638585 0.638587 0.638588 0.63859 0.638592 0.638593 0.638595 0.638597 0.638599 0.6386 0.638602 0.638604 0.638605 0.638607 0.638608 0.638609 0.63861 0.638611 0.638611 0.638612 0.638612 0.638612 0.638612 0.638612 0.638612 0.638611 0.638611 0.63861 0.638609 0.638607 0.638606 0.638605 0.638603 0.638601 0.6386 0.638598 0.638596 0.638595 0.638593 0.638591 0.638589 0.638588 0.638586 0.638585 0.638583 0.638582 0.638581 0.63858 0.638579 0.638578 0.638578 0.638578 0.638577 0.638577 0.638578 0.638578 0.638579 0.638579 0.63858 
0.570645 0.570646 0.570647 0.570648 0.570649 0.570651 0.570652 0.570653 0.570654 0.570654 0.570655 0.570656 0.570657 0.570657 0.570658 0.570658 0.570659 0.570659 0.570659 0.570659 0.570659 0.570659 0.570659 0.570658 0.570658 0.570657 0.570656 0.570656 0.570655 0.570654 0.570653 0.570652 0.570651 0.57065 0.570649 0.570648 0.570647 0.570646 0.570645 0.570644 0.570643 0.570642 0.570641 0.570641 0.57064 0.570639 0.570639 0.570639 0.570638 0.570638 0.570638 0.570638 0.570639 0.570639 0.570639 0.57064 0.57064 0.570641 0.570642 0.570643 0.570643 0.570644 
0.495909 0.495909 0.49591 0.49591 0.495911 0.495911 0.495911 0.495912 0.495912 0.495912 0.495912 0.495913 0.495913 0.495913 0.495913 0.495913 0.495913 0.495912 0.495912 0.495912 0.495912 0.495911 0.495911 0.495911 0.49591 0.49591 0.495909 0.495909 0.495908 0.495908 0.495907 0.495907 0.495906 0.495906 0.495905 0.495905 0.495904 0.495904 0.495904 0.495903 0.495903 0.495903 0.495903 0.495903 0.495903 0.495903 0.495903 0.495903 0.495903 0.495903 0.495903 0.495904 0.495904 0.495904 0.495905 0.495905 0.495906 0.495906 0.495907 0.495907 0.495908 0.495908 
0.41501 0.41501 0.41501 0.41501 0.41501 0.41501 0.41501 0.41501 0.41501 0.41501 0.41501 0.41501 0.41501 0.41501 0.41501 0.41501 0.41501 0.41501 0.41501 0.41501 0.41501 0.415009 0.415009 0.415009 0.415009 0.415009 0.415009 0.415008 0.415008 0.415008 0.415008 0.415008 0.415008 0.415007 0.415007 0.415007 0.415007 0.415007 0.415007 0.415007 0.415007 0.415007 0.415007 0.415007 0.415007 0.415007 0.415007 0.415007 0.415007 0.415008 0.415008 0.415008 0.415008 0.415008 0.415008 0.415009 0.415009 0.415009 0.415009 0.415009 0.415009 0.41501 
0.328754 0.328754 0.328754 0.328754 0.328754 0.328754 0.328754 0.328754 0.328754 0.328754 0.328754 0.328754 0.328754 0.328754 0.328754 0.328754 0.328754 0.328754 0.328754 0.328754 0.328754 0.328754 0.328754 0.328754 0.328754 0.328754 0.328754 0.328754 0.328754 0.328754 0.328754 0.328754 0.328754 0.328754 0.328754 0.328754 0.328754 0.328754 0.328754 0.328754 0.328754 0.328754 0.328754 0.328754 0.328754 0.328754 0.328754 0.328754 0.328754 0.328754 0.328754 0.328754 0.328754 0.328754 0.328754 0.328754 0.328754 0.328754 0.328754 0.328754 0.328754 0.328754 
0.238113 0.238113 0.238113 0.238113 0.238113 0.238113 0.238113 0.238113 0.238113 0.238113 0.238114 0.238114 0.238114 0.238114 0.238114 0.238114 0.238114 0.238114 0.238114 0.238114 0.238114 0.238114 0.238114 0.238114 0.238114 0.238114 0.238114 0.238114 0.238114 0.238114 0.238114 0.238114 0.238114 0.238114 0.238114 0.238114 0.238114 0.238114 0.238114 0.238114 0.238113 0.238113 0.238113 0.238113 0.238113 0.238113 0.238113 0.238113 0.238113 0.238113 0.238113 0.238113 0.238113 0.238113 0.238113 0.238113 0.238113 0.238113 0.238113 0.238113 0.238113 0.238113 
0.144211 0.144211 0.144211 0.144211 0.144211 0.144211 0.144211 0.144211 0.144211 0.144211 0.144211 0.144211 0.144211 0.144211 0.144211 0.144212 0.144212 0.144212 0.144212 0.144212 0.144212 0.144212 0.144212 0.144212 0.144212 0.144212 0.144212 0.144212 0.144212 0.144212 0.144212 0.144212 0.144212 0.144212 0.144212 0.144212 0.144211 0.144211 0.144211 0.144211 0.144211 0.144211 0.144211 0.144211 0.144211 0.144211 0.144211 0.144211 0.144211 0.144211 0.144211 0.144211 0.144211 0.144211 0.144211 0.144211 0.144211 0.144211 0.144211 0.144211 0.144211 0.144211 
0.0482968 0.0482968 0.0482968 0.0482968 0.0482969 0.0482969 0.0482969 0.0482969 0.048297 0.048297 0.048297 0.0482971 0.0482971 0.0482972 0.0482972 0.0482972 0.0482973 0.0482973 0.0482973 0.0482974 0.0482974 0.0482974 0.0482974 0.0482974 0.0482975 0.0482975 0.0482975 0.0482975 0.0482975 0.0482975 0.0482975 0.0482975 0.0482975 0.0482974 0.0482974 0.0482974 0.0482974 0.0482973 0.0482973 0.0482973 0.0482972 0.0482972 0.0482972 0.0482971 0.0482971 0.0482971 0.048297 0.048297 0.048297 0.0482969 0.0482969 0.0482969 0.0482968 0.0482968 0.0482968 0.0482968 0.0482968 0.0482968 0.0482968 0.0482968 0.0482968 0.0482968 
