0.0473083 0.0473084 0.0473084 0.0473084 0.0473084 0.0473084 0.0473084 0.0473084 0.0473084 0.0473084 0.0473084 0.0473083 0.0473083 0.0473083 0.0473083 0.0473083 0.0473082 0.0473082 0.0473082 0.0473082 0.0473081 0.0473081 0.0473081 0.047308 0.047308 0.047308 0.047308 0.0473079 0.0473079 0.0473079 0.0473079 0.0473079 0.0473079 0.0473078 0.0473078 0.0473078 0.0473078 0.0473078 0.0473078 0.0473078 0.0473079 0.0473079 0.0473079 0.0473079 0.0473079 0.0473079 0.047308 0.047308 0.047308 0.047308 0.0473081 0.0473081 0.0473081 0.0473081 0.0473082 0.0473082 0.0473082 0.0473083 0.0473083 0.0473083 0.0473083 0.0473083 
0.141284 0.141284 0.141284 0.141284 0.141284 0.141284 0.141284 0.141284 0.141284 0.141284 0.141284 0.141284 0.141284 0.141284 0.141283 0.141283 0.141283 0.141283 0.141283 0.141283 0.141283 0.141283 0.141283 0.141283 0.141283 0.141283 0.141283 0.141283 0.141283 0.141283 0.141283 0.141283 0.141283 0.141283 0.141283 0.141283 0.141283 0.141283 0.141283 0.141283 0.141283 0.141283 0.141283 0.141283 0.141283 0.141283 0.141283 0.141283 0.141283 0.141283 0.141283 0.141283 0.141283 0.141283 0.141284 0.141284 0.141284 0.141284 0.141284 0.141284 0.141284 0.141284 
0.23336 0.23336 0.23336 0.23336 0.23336 0.23336 0.23336 0.23336 0.23336 0.23336 0.23336 0.23336 0.23336 0.233359 0.233359 0.233359 0.233359 0.233359 0.233359 0.233359 0.233359 0.233359 0.233359 0.233359 0.233359 0.233359 0.233359 0.233359 0.233359 0.233359 0.233359 0.233359 0.233359 0.233359 0.233359 0.233359 0.233359 0.233359 0.233359 0.233359 0.233359 0.233359 0.233359 0.233359 0.233359 0.233359 0.233359 0.233359 0.233359 0.233359 0.233359 0.233359 0.233359 0.233359 0.23336 0.23336 0.23336 0.23336 0.23336 0.23336 0.23336 0.23336 
0.322347 0.322347 0.322347 0.322347 0.322347 0.322347 0.322347 0.322347 0.322347 0.322347 0.322347 0.322347 0.322347 0.322347 0.322347 0.322347 0.322347 0.322347 0.322347 0.322347 0.322347 0.322347 0.322347 0.322347 0.322347 0.322347 0.322346 0.322346 0.322346 0.322346 0.322346 0.322346 0.322346 0.322346 0.322346 0.322346 0.322346 0.322346 0.322346 0.322346 0.322346 0.322346 0.322346 0.322346 0.322346 0.322347 0.322347 0.322347 0.322347 0.322347 0.322347 0.322347 0.322347 0.322347 0.322347 0.322347 0.322347 0.322347 0.322347 0.322347 0.322347 0.322347 
0.407164 0.407164 0.407163 0.407163 0.407163 0.407163 0.407163 0.407163 0.407163 0.407163 0.407163 0.407163 0.407163 0.407163 0.407163 0.407163 0.407163 0.407163 0.407163 0.407163 0.407163 0.407163 0.407163 0.407163 0.407163 0.407163 0.407163 0.407163 0.407163 0.407163 0.407163 0.407163 0.407163 0.407163 0.407163 0.407163 0.407163 0.407163 0.407163 0.407163 0.407163 0.407163 0.407163 0.407163 0.407163 0.407163 0.407163 0.407163 0.407163 0.407164 0.407164 0.407164 0.407164 0.407164 0.407164 0.407164 0.407164 0.407164 0.407164 0.407164 0.407164 0.407164 
0.48686 0.48686 0.48686 0.486859 0.486859 0.486859 0.486859 0.486859 0.486859 0.486859 0.486858 0.486858 0.486858 0.486858 0.486858 0.486858 0.486858 0.486858 0.486858 0.486858 0.486858 0.486858 0.486858 0.486858 0.486858 0.486858 0.486858 0.486858 0.486858 0.486859 0.486859 0.486859 0.486859 0.486859 0.486859 0.486859 0.48686 0.48686 0.48686 0.48686 0.48686 0.48686 0.48686 0.48686 0.486861 0.486861 0.486861 0.486861 0.486861 0.486861 0.486861 0.486861 0.486861 0.486861 0.486861 0.486861 0.486861 0.48686 0.48686 0.48686 0.48686 0.48686 
0.560635 0.560635 0.560635 0.560634 0.560634 0.560633 0.560633 0.560633 0.560632 0.560632 0.560632 0.560631 0.560631 0.560631 0.56063 0.56063 0.56063 0.560629 0.560629 0.560629 0.560629 0.560629 0.560629 0.560629 0.560629 0.560629 0.560629 0.560629 0.56063 0.56063 0.56063 0.56063 0.560631 0.560631 0.560631 0.560632 0.560632 0.560632 0.560633 0.560633 0.560634 0.560634 0.560634 0.560635 0.560635 0.560635 0.560636 0.560636 0.560636 0.560636 0.560636 0.560636 0.560636 0.560637 0.560637 0.560636 0.560636 0.560636 0.560636 0.560636 0.560636 0.560635 
0.627837 0.627836 0.627836 0.627835 0.627835 0.627834 0.627834 0.627833 0.627832 0.627832 0.627831 0.62783 0.62783 0.627829 0.627828 0.627827 0.627827 0.627826 0.627826 0.627825 0.627825 0.627824 0.627824 0.627823 0.627823 0.627823 0.627823 0.627823 0.627823 0.627823 0.627824 0.627824 0.627824 0.627825 0.627825 0.627826 0.627826 0.627827 0.627827 0.627828 0.627829 0.62783 0.62783 0.627831 0.627832 0.627832 0.627833 0.627834 0.627834 0.627835 0.627835 0.627836 0.627836 0.627837 0.627837 0.627837 0.627837 0.627837 0.627837 0.627837 0.627837 0.627837 
0.68795 0.68795 0.68795 0.687949 0.687949 0.687948 0.687948 0.687947 0.687946 0.687945 0.687945 0.687944 0.687942 0.687941 0.68794 0.687939 0.687938 0.687937 0.687936 0.687935 0.687934 0.687933 0.687932 0.687931 0.68793 0.68793 0.687929 0.687929 0.687928 0.687928 0.687928 0.687928 0.687928 0.687928 0.687929 0.687929 0.68793 0.68793 0.687931 0.687932 0.687933 0.687933 0.687934 0.687935 0.687937 0.687938 0.687939 0.68794 0.687941 0.687942 0.687943 0.687944 0.687945 0.687946 0.687947 0.687948 0.687948 0.687949 0.687949 0.68795 0.68795 0.68795 
0.740584 0.740584 0.740585 0.740585 0.740585 0.740585 0.740584 0.740584 0.740584 0.740583 0.740582 0.740581 0.74058 0.740579 0.740578 0.740576 0.740575 0.740574 0.740572 0.740571 0.740569 0.740568 0.740567 0.740565 0.740564 0.740563 0.740562 0.740561 0.74056 0.740559 0.740558 0.740558 0.740557 0.740557 0.740557 0.740557 0.740557 0.740557 0.740558 0.740558 0.740559 0.74056 0.740561 0.740562 0.740563 0.740564 0.740565 0.740567 0.740568 0.740569 0.740571 0.740572 0.740574 0.740575 0.740576 0.740578 0.740579 0.74058 0.740581 0.740582 0.740583 0.740583 
0.785454 0.785455 0.785456 0.785456 0.785457 0.785457 0.785457 0.785457 0.785457 0.785457 0.785457 0.785456 0.785455 0.785455 0.785454 0.785453 0.785451 0.78545 0.785449 0.785447 0.785446 0.785444 0.785443 0.785441 0.78544 0.785438 0.785437 0.785436 0.785434 0.785433 0.785432 0.785431 0.78543 0.785429 0.785429 0.785428 0.785428 0.785428 0.785428 0.785428 0.785428 0.785428 0.785429 0.78543 0.785431 0.785431 0.785433 0.785434 0.785435 0.785436 0.785438 0.785439 0.785441 0.785442 0.785444 0.785445 0.785447 0.785448 0.78545 0.785451 0.785452 0.785453 
0.822362 0.822363 0.822364 0.822365 0.822365 0.822366 0.822366 0.822367 0.822367 0.822367 0.822367 0.822367 0.822366 0.822366 0.822365 0.822365 0.822364 0.822363 0.822362 0.822361 0.82236 0.822359 0.822357 0.822356 0.822355 0.822354 0.822353 0.822351 0.82235 0.822349 0.822348 0.822347 0.822346 0.822345 0.822344 0.822344 0.822343 0.822343 0.822342 0.822342 0.822342 0.822342 0.822343 0.822343 0.822343 0.822344 0.822345 0.822345 0.822346 0.822347 0.822348 0.822349 0.822351 0.822352 0.822353 0.822354 0.822356 0.822357 0.822358 0.822359 0.82236 0.822361 
0.851177 0.851177 0.851177 0.851178 0.851178 0.851178 0.851178 0.851178 0.851178 0.851178 0.851178 0.851178 0.851178 0.851178 0.851177 0.851177 0.851176 0.851176 0.851175 0.851175 0.851174 0.851174 0.851173 0.851172 0.851172 0.851171 0.85117 0.85117 0.851169 0.851169 0.851168 0.851168 0.851167 0.851167 0.851166 0.851166 0.851166 0.851166 0.851166 0.851166 0.851166 0.851166 0.851166 0.851166 0.851167 0.851167 0.851167 0.851168 0.851168 0.851169 0.851169 0.85117 0.851171 0.851171 0.851172 0.851173 0.851173 0.851174 0.851174 0.851175 0.851176 0.851176 
0.871811 0.87181 0.87181 0.871809 0.871809 0.871808 0.871808 0.871807 0.871807 0.871806 0.871806 0.871805 0.871805 0.871804 0.871804 0.871803 0.871803 0.871803 0.871803 0.871802 0.871802 0.871802 0.871802 0.871802 0.871802 0.871802 0.871803 0.871803 0.871803 0.871804 0.871804 0.871804 0.871805 0.871805 0.871806 0.871806 0.871807 0.871807 0.871808 0.871808 0.871809 0.871809 0.87181 0.87181 0.871811 0.871811 0.871811 0.871812 0.871812 0.871812 0.871812 0.871813 0.871813 0.871813 0.871813 0.871812 0.871812 0.871812 0.871812 0.871812 0.871811 0.871811 
0.88421 0.884208 0.884207 0.884206 0.884204 0.884203 0.884202 0.8842 0.884199 0.884198 0.884197 0.884196 0.884195 0.884195 0.884194 0.884194 0.884194 0.884194 0.884194 0.884194 0.884194 0.884195 0.884195 0.884196 0.884197 0.884198 0.884199 0.8842 0.884201 0.884202 0.884204 0.884205 0.884206 0.884208 0.884209 0.884211 0.884212 0.884213 0.884215 0.884216 0.884217 0.884218 0.884219 0.884219 0.88422 0.88422 0.884221 0.884221 0.884221 0.884221 0.884221 0.884221 0.88422 0.884219 0.884219 0.884218 0.884217 0.884216 0.884215 0.884214 0.884212 0.884211 
0.888343 0.888341 0.888339 0.888337 0.888335 0.888333 0.888331 0.888329 0.888328 0.888327 0.888325 0.888325 0.888324 0.888323 0.888323 0.888323 0.888323 0.888323 0.888324 0.888324 0.888325 0.888326 0.888328 0.888329 0.888331 0.888332 0.888334 0.888336 0.888338 0.88834 0.888342 0.888345 0.888347 0.888349 0.888351 0.888353 0.888355 0.888356 0.888358 0.88836 0.888361 0.888362 0.888363 0.888364 0.888364 0.888365 0.888365 0.888365 0.888364 0.888364 0.888363 0.888362 0.888361 0.88836 0.888358 0.888357 0.888355 0.888353 0.888351 0.888349 0.888347 0.888345 
0.8842 0.884197 0.884195 0.884193 0.884191 0.884189 0.884188 0.884186 0.884185 0.884184 0.884183 0.884183 0.884183 0.884183 0.884183 0.884184 0.884184 0.884185 0.884187 0.884188 0.88419 0.884192 0.884194 0.884196 0.884198 0.884201 0.884203 0.884206 0.884208 0.884211 0.884213 0.884216 0.884218 0.88422 0.884222 0.884224 0.884226 0.884228 0.884229 0.88423 0.884231 0.884232 0.884232 0.884233 0.884233 0.884232 0.884232 0.884231 0.88423 0.884228 0.884227 0.884225 0.884223 0.884221 0.884219 0.884217 0.884215 0.884212 0.88421 0.884207 0.884205 0.884202 
0.87179 0.871788 0.871787 0.871785 0.871784 0.871783 0.871782 0.871782 0.871782 0.871782 0.871782 0.871783 0.871784 0.871785 0.871786 0.871788 0.871789 0.871791 0.871794 0.871796 0.871798 0.871801 0.871803 0.871806 0.871809 0.871811 0.871814 0.871816 0.871819 0.871821 0.871824 0.871826 0.871827 0.871829 0.871831 0.871832 0.871833 0.871833 0.871834 0.871834 0.871834 0.871834 0.871833 0.871832 0.871831 0.87183 0.871828 0.871826 0.871824 0.871822 0.87182 0.871817 0.871815 0.871812 0.87181 0.871807 0.871804 0.871802 0.871799 0.871797 0.871794 0.871792 
0.851148 0.851147 0.851147 0.851146 0.851147 0.851147 0.851148 0.851149 0.85115 0.851151 0.851153 0.851155 0.851157 0.851159 0.851161 0.851164 0.851166 0.851169 0.851171 0.851174 0.851177 0.851179 0.851182 0.851184 0.851187 0.851189 0.851191 0.851193 0.851194 0.851196 0.851197 0.851198 0.851199 0.851199 0.851199 0.851199 0.851199 0.851198 0.851197 0.851196 0.851194 0.851193 0.851191 0.851189 0.851187 0.851184 0.851182 0.851179 0.851177 0.851174 0.851171 0.851169 0.851166 0.851164 0.851161 0.851159 0.851157 0.851155 0.851153 0.851151 0.85115 0.851148 
0.82233 0.822331 0.822332 0.822333 0.822335 0.822337 0.822339 0.822341 0.822343 0.822346 0.822348 0.822351 0.822353 0.822356 0.822359 0.822361 0.822364 0.822367 0.822369 0.822371 0.822373 0.822375 0.822377 0.822378 0.822379 0.82238 0.822381 0.822382 0.822382 0.822382 0.822381 0.822381 0.82238 0.822379 0.822377 0.822376 0.822374 0.822372 0.82237 0.822368 0.822365 0.822363 0.82236 0.822357 0.822355 0.822352 0.822349 0.822347 0.822344 0.822342 0.82234 0.822338 0.822336 0.822334 0.822333 0.822331 0.82233 0.82233 0.822329 0.822329 0.822329 0.82233 
0.785427 0.785429 0.785431 0.785434 0.785436 0.785438 0.785441 0.785444 0.785446 0.785449 0.785451 0.785454 0.785456 0.785458 0.78546 0.785462 0.785464 0.785465 0.785466 0.785467 0.785468 0.785469 0.785469 0.785469 0.785469 0.785468 0.785467 0.785466 0.785465 0.785463 0.785462 0.78546 0.785458 0.785456 0.785453 0.785451 0.785448 0.785446 0.785443 0.785441 0.785438 0.785436 0.785433 0.785431 0.785429 0.785427 0.785425 0.785423 0.785422 0.785421 0.78542 0.785419 0.785418 0.785418 0.785418 0.785418 0.785419 0.78542 0.785421 0.785422 0.785424 0.785425 
0.740569 0.740571 0.740574 0.740576 0.740578 0.74058 0.740582 0.740584 0.740586 0.740588 0.740589 0.740591 0.740592 0.740593 0.740594 0.740594 0.740594 0.740594 0.740594 0.740594 0.740593 0.740592 0.740591 0.74059 0.740589 0.740587 0.740585 0.740583 0.740581 0.740579 0.740577 0.740575 0.740572 0.74057 0.740568 0.740566 0.740563 0.740561 0.740559 0.740558 0.740556 0.740554 0.740553 0.740552 0.740551 0.74055 0.74055 0.740549 0.740549 0.74055 0.74055 0.740551 0.740551 0.740553 0.740554 0.740555 0.740557 0.740559 0.740561 0.740563 0.740565 0.740567 
0.687948 0.687949 0.687951 0.687952 0.687954 0.687955 0.687956 0.687956 0.687957 0.687958 0.687958 0.687958 0.687958 0.687958 0.687957 0.687957 0.687956 0.687955 0.687954 0.687952 0.687951 0.68795 0.687948 0.687946 0.687945 0.687943 0.687941 0.687939 0.687937 0.687936 0.687934 0.687932 0.68793 0.687929 0.687928 0.687926 0.687925 0.687924 0.687923 0.687923 0.687922 0.687922 0.687922 0.687922 0.687922 0.687923 0.687923 0.687924 0.687925 0.687926 0.687928 0.687929 0.687931 0.687932 0.687934 0.687936 0.687937 0.687939 0.687941 0.687943 0.687944 0.687946 
0.627842 0.627843 0.627843 0.627843 0.627844 0.627844 0.627844 0.627844 0.627843 0.627843 0.627842 0.627842 0.627841 0.62784 0.627839 0.627838 0.627837 0.627836 0.627835 0.627834 0.627832 0.627831 0.62783 0.627828 0.627827 0.627826 0.627825 0.627824 0.627823 0.627822 0.627821 0.62782 0.62782 0.627819 0.627819 0.627819 0.627819 0.627819 0.627819 0.627819 0.627819 0.62782 0.627821 0.627821 0.627822 0.627823 0.627824 0.627825 0.627826 0.627828 0.627829 0.62783 0.627831 0.627833 0.627834 0.627835 0.627836 0.627838 0.627839 0.62784 0.627841 0.627841 
0.560641 0.560641 0.560641 0.560641 0.560641 0.56064 0.56064 0.560639 0.560639 0.560638 0.560638 0.560637 0.560636 0.560635 0.560635 0.560634 0.560633 0.560632 0.560632 0.560631 0.56063 0.560629 0.560629 0.560628 0.560628 0.560627 0.560627 0.560626 0.560626 0.560626 0.560626 0.560626 0.560626 0.560626 0.560626 0.560627 0.560627 0.560627 0.560628 0.560628 0.560629 0.56063 0.56063 0.560631 0.560632 0.560633 0.560633 0.560634 0.560635 0.560636 0.560637 0.560637 0.560638 0.560639 0.560639 0.56064 0.56064 0.56064 0.560641 0.560641 0.560641 0.560641 
0.486863 0.486863 0.486863 0.486863 0.486862 0.486862 0.486862 0.486861 0.486861 0.48686 0.48686 0.48686 0.486859 0.486859 0.486859 0.486858 0.486858 0.486858 0.486857 0.486857 0.486857 0.486857 0.486856 0.486856 0.486856 0.486856 0.486856 0.486856 0.486856 0.486856 0.486857 0.486857 0.486857 0.486857 0.486858 0.486858 0.486858 0.486859 0.486859 0.486859 0.48686 0.48686 0.486861 0.486861 0.486861 0.486862 0.486862 0.486862 0.486863 0.486863 0.486863 0.486863 0.486864 0.486864 0.486864 0.486864 0.486864 0.486864 0.486864 0.486864 0.486864 0.486864 
0.407165 0.407165 0.407164 0.407164 0.407164 0.407164 0.407164 0.407164 0.407164 0.407163 0.407163 0.407163 0.407163 0.407163 0.407163 0.407163 0.407163 0.407163 0.407163 0.407162 0.407162 0.407162 0.407162 0.407162 0.407163 0.407163 0.407163 0.407163 0.407163 0.407163 0.407163 0.407163 0.407163 0.407163 0.407164 0.407164 0.407164 0.407164 0.407164 0.407164 0.407164 0.407165 0.407165 0.407165 0.407165 0.407165 0.407165 0.407165 0.407165 0.407165 0.407165 0.407165 0.407165 0.407165 0.407165 0.407165 0.407165 0.407165 0.407165 0.407165 0.407165 0.407165 
0.322347 0.322347 0.322347 0.322347 0.322347 0.322347 0.322347 0.322347 0.322347 0.322347 0.322347 0.322347 0.322347 0.322347 0.322347 0.322347 0.322347 0.322347 0.322347 0.322347 0.322347 0.322347 0.322347 0.322347 0.322347 0.322347 0.322347 0.322347 0.322347 0.322347 0.322347 0.322347 0.322347 0.322347 0.322347 0.322347 0.322347 0.322347 0.322347 0.322347 0.322347 0.322347 0.322347 0.322347 0.322347 0.322347 0.322347 0.322347 0.322347 0.322347 0.322347 0.322348 0.322348 0.322348 0.322348 0.322348 0.322348 0.322347 0.322347 0.322347 0.322347 0.322347 
0.23336 0.23336 0.23336 0.23336 0.23336 0.23336 0.23336 0.23336 0.23336 0.23336 0.23336 0.23336 0.23336 0.23336 0.23336 0.23336 0.23336 0.23336 0.23336 0.23336 0.23336 0.23336 0.23336 0.23336 0.23336 0.233359 0.233359 0.233359 0.233359 0.233359 0.233359 0.233359 0.233359 0.233359 0.233359 0.233359 0.233359 0.233359 0.233359 0.233359 0.233359 0.233359 0.233359 0.233359 0.233359 0.233359 0.233359 0.233359 0.233359 0.233359 0.233359 0.23336 0.23336 0.23336 0.23336 0.23336 0.23336 0.23336 0.23336 0.23336 0.23336 0.23336 
0.141284 0.141284 0.141284 0.141284 0.141284 0.141284 0.141284 0.141284 0.141284 0.141284 0.141284 0.141284 0.141284 0.141284 0.141284 0.141284 0.141284 0.141284 0.141284 0.141284 0.141284 0.141284 0.141283 0.141283 0.141283 0.141283 0.141283 0.141283 0.141283 0.141283 0.141283 0.141283 0.141283 0.141283 0.141283 0.141283 0.141283 0.141283 0.141283 0.141283 0.141283 0.141283 0.141283 0.141283 0.141283 0.141283 0.141283 0.141283 0.141283 0.141283 0.141283 0.141283 0.141283 0.141284 0.141284 0.141284 0.141284 0.141284 0.141284 0.141284 0.141284 0.141284 
0.0473084 0.0473084 0.0473084 0.0473084 0.0473084 0.0473084 0.0473085 0.0473085 0.0473085 0.0473085 0.0473084 0.0473084 0.0473084 0.0473084 0.0473084 0.0473084 0.0473084 0.0473083 0.0473083 0.0473083 0.0473083 0.0473082 0.0473082 0.0473082 0.0473082 0.0473081 0.0473081 0.0473081 0.0473081 0.047308 0.047308 0.047308 0.047308 0.047308 0.0473079 0.0473079 0.0473079 0.0473079 0.0473079 0.0473079 0.0473079 0.0473079 0.0473079 0.0473079 0.0473079 0.047308 0.047308 0.047308 0.047308 0.047308 0.0473081 0.0473081 0.0473081 0.0473081 0.0473082 0.0473082 0.0473082 0.0473083 0.0473083 0.0473083 0.0473083 0.0473084 
