0.0593182 0.0593177 0.0593168 0.0593153 0.0593134 0.0593111 0.0593085 0.0593055 0.0593022 0.0592986 0.0592947 0.0592907 0.0592864 0.0592819 0.0592774 0.0592728 0.0592682 0.0592637 0.0592592 0.0592548 0.0592507 0.0592467 0.059243 0.0592396 0.0592365 0.0592338 0.0592315 0.0592296 0.0592282 0.0592271 0.0592266 0.0592265 0.0592269 0.0592277 0.059229 0.0592307 0.0592329 0.0592354 0.0592384 0.0592416 0.0592452 0.0592491 0.0592532 0.0592574 0.0592619 0.0592664 0.059271 0.0592756 0.0592801 0.0592846 0.0592889 0.0592931 0.059297 0.0593007 0.0593041 0.0593072 0.0593099 0.0593122 0.0593142 0.0593158 0.0593169 0.0593178 
0.175839 0.175841 0.175842 0.175842 0.17584 0.175836 0.175831 0.175824 0.175817 0.175808 0.175797 0.175786 0.175774 0.175761 0.175747 0.175733 0.175718 0.175703 0.175688 0.175673 0.175658 0.175644 0.17563 0.175617 0.175604 0.175593 0.175582 0.175573 0.175564 0.175557 0.175552 0.175548 0.175545 0.175544 0.175545 0.175547 0.17555 0.175555 0.175562 0.17557 0.175579 0.175589 0.1756 0.175612 0.175625 0.175639 0.175653 0.175668 0.175683 0.175698 0.175713 0.175727 0.175742 0.175756 0.175769 0.175782 0.175793 0.175804 0.175813 0.175821 0.175828 0.175834 
0.286811 0.286824 0.286836 0.286846 0.286853 0.286859 0.286861 0.286862 0.28686 0.286856 0.28685 0.286841 0.28683 0.286818 0.286803 0.286787 0.286769 0.28675 0.286729 0.286708 0.286686 0.286663 0.286641 0.286618 0.286595 0.286572 0.286551 0.28653 0.28651 0.286492 0.286475 0.286459 0.286446 0.286434 0.286425 0.286418 0.286412 0.28641 0.286409 0.286411 0.286415 0.286422 0.28643 0.286441 0.286454 0.286468 0.286484 0.286502 0.286521 0.286542 0.286563 0.286585 0.286607 0.28663 0.286653 0.286676 0.286698 0.28672 0.28674 0.28676 0.286778 0.286795 
0.39039 0.390417 0.390442 0.390465 0.390487 0.390507 0.390524 0.390539 0.390552 0.390561 0.390568 0.390572 0.390573 0.390571 0.390566 0.390558 0.390548 0.390534 0.390519 0.3905 0.39048 0.390458 0.390433 0.390408 0.390381 0.390353 0.390324 0.390295 0.390266 0.390237 0.390209 0.390181 0.390155 0.39013 0.390106 0.390085 0.390065 0.390048 0.390033 0.390021 0.390012 0.390005 0.390001 0.39 0.390003 0.390008 0.390016 0.390026 0.39004 0.390056 0.390074 0.390094 0.390117 0.390141 0.390166 0.390193 0.390221 0.390249 0.390278 0.390307 0.390335 0.390363 
0.485882 0.485915 0.485949 0.485982 0.486015 0.486047 0.486077 0.486106 0.486133 0.486158 0.486181 0.4862 0.486217 0.486231 0.486242 0.486249 0.486253 0.486253 0.48625 0.486244 0.486234 0.486221 0.486205 0.486186 0.486164 0.48614 0.486113 0.486085 0.486055 0.486023 0.48599 0.485956 0.485923 0.485889 0.485855 0.485822 0.48579 0.48576 0.485731 0.485704 0.485679 0.485657 0.485637 0.485621 0.485607 0.485597 0.48559 0.485586 0.485586 0.485589 0.485596 0.485606 0.485619 0.485635 0.485654 0.485676 0.4857 0.485727 0.485755 0.485785 0.485817 0.485849 
0.573111 0.573143 0.573177 0.573212 0.573248 0.573285 0.573321 0.573358 0.573394 0.573429 0.573463 0.573495 0.573526 0.573554 0.573579 0.573602 0.573621 0.573638 0.573651 0.57366 0.573666 0.573668 0.573666 0.573661 0.573651 0.573639 0.573622 0.573603 0.57358 0.573555 0.573527 0.573496 0.573464 0.57343 0.573395 0.573358 0.573322 0.573285 0.573248 0.573212 0.573176 0.573143 0.57311 0.57308 0.573052 0.573027 0.573005 0.572985 0.572969 0.572957 0.572947 0.572942 0.57294 0.572942 0.572948 0.572958 0.572971 0.572987 0.573007 0.573029 0.573054 0.573082 
0.652075 0.652097 0.652123 0.652151 0.652182 0.652214 0.652248 0.652284 0.652321 0.652358 0.652395 0.652433 0.652469 0.652505 0.65254 0.652573 0.652604 0.652633 0.652659 0.652682 0.652702 0.652719 0.652732 0.652742 0.652748 0.652751 0.652749 0.652744 0.652735 0.652722 0.652706 0.652686 0.652664 0.652638 0.652609 0.652578 0.652546 0.652511 0.652475 0.652438 0.652401 0.652363 0.652326 0.652289 0.652253 0.652218 0.652185 0.652154 0.652126 0.6521 0.652077 0.652057 0.65204 0.652027 0.652018 0.652012 0.65201 0.652012 0.652017 0.652027 0.652039 0.652056 
0.722789 0.722798 0.72281 0.722826 0.722845 0.722867 0.722891 0.722918 0.722947 0.722979 0.723011 0.723045 0.72308 0.723116 0.723151 0.723187 0.723222 0.723256 0.723289 0.72332 0.72335 0.723377 0.723402 0.723424 0.723443 0.723459 0.723472 0.723481 0.723486 0.723489 0.723487 0.723482 0.723473 0.723461 0.723445 0.723426 0.723404 0.723379 0.723352 0.723322 0.723291 0.723258 0.723224 0.723189 0.723153 0.723117 0.723081 0.723046 0.723012 0.722979 0.722948 0.722918 0.722891 0.722867 0.722845 0.722826 0.72281 0.722798 0.722789 0.722784 0.722782 0.722784 
0.785258 0.785252 0.785251 0.785252 0.785256 0.785264 0.785275 0.785288 0.785305 0.785324 0.785346 0.78537 0.785396 0.785424 0.785453 0.785483 0.785514 0.785546 0.785578 0.78561 0.785641 0.785672 0.785701 0.785729 0.785756 0.78578 0.785803 0.785823 0.78584 0.785855 0.785866 0.785875 0.78588 0.785883 0.785881 0.785877 0.785869 0.785859 0.785845 0.785828 0.785809 0.785787 0.785762 0.785736 0.785708 0.785679 0.785648 0.785617 0.785585 0.785553 0.785521 0.78549 0.785459 0.785429 0.785401 0.785375 0.78535 0.785328 0.785308 0.785291 0.785277 0.785266 
0.839464 0.839448 0.839434 0.839422 0.839413 0.839407 0.839404 0.839403 0.839405 0.83941 0.839417 0.839427 0.83944 0.839455 0.839472 0.839491 0.839513 0.839535 0.83956 0.839585 0.839611 0.839638 0.839665 0.839693 0.83972 0.839746 0.839772 0.839797 0.839821 0.839843 0.839864 0.839882 0.839898 0.839913 0.839924 0.839933 0.83994 0.839944 0.839944 0.839942 0.839938 0.83993 0.83992 0.839907 0.839892 0.839874 0.839855 0.839834 0.839811 0.839786 0.839761 0.839734 0.839707 0.83968 0.839652 0.839625 0.839599 0.839573 0.839548 0.839524 0.839502 0.839482 
0.885381 0.885359 0.885338 0.885317 0.885298 0.885281 0.885266 0.885252 0.885241 0.885231 0.885224 0.88522 0.885218 0.885218 0.885221 0.885226 0.885234 0.885244 0.885256 0.88527 0.885286 0.885303 0.885322 0.885343 0.885365 0.885388 0.885411 0.885435 0.885459 0.885483 0.885507 0.88553 0.885553 0.885574 0.885595 0.885614 0.885631 0.885647 0.885661 0.885672 0.885682 0.885689 0.885693 0.885695 0.885695 0.885692 0.885686 0.885679 0.885669 0.885657 0.885643 0.885627 0.885609 0.885589 0.885569 0.885547 0.885524 0.8855 0.885476 0.885452 0.885428 0.885404 
0.922982 0.922958 0.922934 0.922909 0.922884 0.92286 0.922836 0.922813 0.922791 0.922771 0.922752 0.922734 0.922718 0.922705 0.922693 0.922684 0.922678 0.922673 0.922671 0.922672 0.922675 0.922681 0.922689 0.922699 0.922711 0.922726 0.922742 0.922761 0.922781 0.922802 0.922824 0.922848 0.922872 0.922896 0.922921 0.922945 0.92297 0.922994 0.923017 0.923039 0.92306 0.923079 0.923097 0.923112 0.923126 0.923137 0.923146 0.923153 0.923157 0.923159 0.923158 0.923155 0.92315 0.923142 0.923131 0.923119 0.923104 0.923087 0.923069 0.923049 0.923028 0.923005 
0.952243 0.952221 0.952197 0.952172 0.952145 0.952118 0.952089 0.952061 0.952032 0.952003 0.951975 0.951947 0.951921 0.951896 0.951873 0.951851 0.951831 0.951814 0.951799 0.951787 0.951777 0.95177 0.951766 0.951765 0.951767 0.951772 0.951779 0.951789 0.951802 0.951818 0.951836 0.951856 0.951878 0.951902 0.951927 0.951954 0.951982 0.95201 0.952039 0.952068 0.952097 0.952125 0.952153 0.952179 0.952204 0.952228 0.952249 0.952269 0.952286 0.952301 0.952313 0.952323 0.95233 0.952334 0.952335 0.952333 0.952328 0.95232 0.95231 0.952297 0.952281 0.952263 
0.973151 0.973132 0.973111 0.973087 0.97306 0.973032 0.973002 0.97297 0.972937 0.972904 0.97287 0.972836 0.972802 0.972769 0.972736 0.972705 0.972676 0.972648 0.972623 0.9726 0.97258 0.972562 0.972548 0.972537 0.972529 0.972525 0.972524 0.972527 0.972533 0.972542 0.972554 0.97257 0.972589 0.97261 0.972634 0.972661 0.972689 0.97272 0.972751 0.972784 0.972818 0.972852 0.972886 0.97292 0.972953 0.972986 0.973017 0.973046 0.973074 0.973099 0.973122 0.973142 0.973159 0.973173 0.973184 0.973192 0.973196 0.973197 0.973195 0.973189 0.973179 0.973167 
0.985698 0.985682 0.985663 0.985641 0.985615 0.985587 0.985557 0.985524 0.985489 0.985453 0.985416 0.985378 0.98534 0.985302 0.985264 0.985228 0.985192 0.985158 0.985126 0.985096 0.985069 0.985045 0.985024 0.985006 0.984991 0.984981 0.984974 0.984971 0.984971 0.984976 0.984984 0.984997 0.985012 0.985032 0.985054 0.985079 0.985108 0.985138 0.985171 0.985206 0.985242 0.985279 0.985317 0.985355 0.985393 0.985431 0.985468 0.985503 0.985537 0.985569 0.985599 0.985626 0.98565 0.985671 0.985689 0.985703 0.985714 0.985721 0.985724 0.985723 0.985718 0.98571 
0.989882 0.989867 0.989849 0.989827 0.989802 0.989774 0.989744 0.989711 0.989676 0.989639 0.989601 0.989561 0.989522 0.989482 0.989442 0.989404 0.989366 0.98933 0.989295 0.989263 0.989233 0.989206 0.989183 0.989162 0.989146 0.989133 0.989123 0.989118 0.989117 0.98912 0.989127 0.989138 0.989152 0.98917 0.989192 0.989217 0.989245 0.989276 0.989309 0.989344 0.989381 0.98942 0.989459 0.989499 0.989538 0.989578 0.989617 0.989655 0.989691 0.989725 0.989757 0.989787 0.989814 0.989837 0.989857 0.989874 0.989887 0.989896 0.989901 0.989902 0.989899 0.989893 
0.985702 0.985687 0.985667 0.985645 0.985619 0.985591 0.98556 0.985527 0.985492 0.985456 0.985418 0.98538 0.985341 0.985303 0.985265 0.985228 0.985192 0.985157 0.985125 0.985095 0.985067 0.985043 0.985021 0.985003 0.984988 0.984977 0.98497 0.984967 0.984968 0.984972 0.984981 0.984993 0.985009 0.985028 0.985051 0.985077 0.985105 0.985136 0.985169 0.985204 0.985241 0.985278 0.985317 0.985355 0.985394 0.985432 0.985469 0.985505 0.985539 0.985572 0.985602 0.985629 0.985654 0.985675 0.985693 0.985708 0.985718 0.985725 0.985728 0.985728 0.985723 0.985715 
0.97316 0.973141 0.973119 0.973095 0.973068 0.973039 0.973008 0.972976 0.972942 0.972908 0.972873 0.972838 0.972803 0.972769 0.972736 0.972704 0.972674 0.972645 0.972619 0.972595 0.972575 0.972557 0.972542 0.97253 0.972522 0.972518 0.972516 0.972519 0.972525 0.972534 0.972547 0.972563 0.972582 0.972604 0.972629 0.972656 0.972685 0.972716 0.972748 0.972782 0.972816 0.972851 0.972887 0.972921 0.972956 0.972989 0.973021 0.973051 0.973079 0.973105 0.973129 0.97315 0.973167 0.973182 0.973193 0.973201 0.973206 0.973207 0.973204 0.973198 0.973189 0.973176 
0.952257 0.952234 0.95221 0.952183 0.952155 0.952126 0.952097 0.952067 0.952036 0.952006 0.951976 0.951947 0.95192 0.951893 0.951868 0.951845 0.951824 0.951806 0.95179 0.951776 0.951766 0.951758 0.951754 0.951752 0.951754 0.951758 0.951766 0.951776 0.95179 0.951806 0.951824 0.951845 0.951868 0.951893 0.95192 0.951948 0.951977 0.952006 0.952037 0.952067 0.952097 0.952127 0.952156 0.952184 0.952211 0.952236 0.952258 0.952279 0.952298 0.952314 0.952327 0.952337 0.952345 0.952349 0.952351 0.952349 0.952344 0.952337 0.952326 0.952313 0.952297 0.952278 
0.922999 0.922973 0.922947 0.92292 0.922894 0.922867 0.922841 0.922816 0.922792 0.922769 0.922748 0.922728 0.92271 0.922695 0.922681 0.92267 0.922662 0.922656 0.922653 0.922653 0.922655 0.92266 0.922668 0.922678 0.922691 0.922706 0.922723 0.922742 0.922763 0.922785 0.922809 0.922834 0.92286 0.922886 0.922913 0.92294 0.922967 0.922993 0.923018 0.923042 0.923065 0.923087 0.923107 0.923124 0.92314 0.923153 0.923164 0.923172 0.923177 0.92318 0.923181 0.923178 0.923173 0.923165 0.923155 0.923142 0.923127 0.92311 0.923091 0.92307 0.923047 0.923024 
0.885398 0.885373 0.885348 0.885325 0.885303 0.885283 0.885264 0.885247 0.885233 0.88522 0.885211 0.885203 0.885199 0.885197 0.885198 0.885201 0.885207 0.885216 0.885227 0.88524 0.885256 0.885274 0.885293 0.885315 0.885337 0.885362 0.885387 0.885412 0.885439 0.885465 0.885491 0.885517 0.885543 0.885568 0.885591 0.885613 0.885634 0.885653 0.88567 0.885684 0.885696 0.885706 0.885713 0.885718 0.885719 0.885719 0.885715 0.885709 0.8857 0.885689 0.885675 0.885659 0.885642 0.885622 0.8856 0.885578 0.885553 0.885528 0.885503 0.885476 0.88545 0.885424 
0.839475 0.839454 0.839436 0.839421 0.839408 0.839397 0.83939 0.839385 0.839384 0.839385 0.83939 0.839397 0.839407 0.83942 0.839435 0.839453 0.839474 0.839496 0.83952 0.839546 0.839573 0.839601 0.83963 0.839659 0.839689 0.839718 0.839747 0.839775 0.839802 0.839828 0.839853 0.839875 0.839895 0.839914 0.83993 0.839943 0.839953 0.839961 0.839965 0.839967 0.839965 0.839961 0.839953 0.839943 0.83993 0.839914 0.839896 0.839875 0.839853 0.839829 0.839803 0.839776 0.839747 0.839719 0.839689 0.83966 0.83963 0.839602 0.839573 0.839546 0.839521 0.839497 
0.785256 0.785245 0.785239 0.785235 0.785235 0.785238 0.785245 0.785254 0.785268 0.785284 0.785303 0.785325 0.785349 0.785376 0.785404 0.785434 0.785466 0.785499 0.785532 0.785566 0.785599 0.785633 0.785665 0.785697 0.785728 0.785756 0.785783 0.785808 0.78583 0.78585 0.785866 0.78588 0.78589 0.785897 0.785901 0.785901 0.785898 0.785891 0.785881 0.785868 0.785852 0.785832 0.78581 0.785785 0.785759 0.78573 0.7857 0.785668 0.785635 0.785602 0.785568 0.785534 0.785501 0.785468 0.785437 0.785406 0.785378 0.785351 0.785326 0.785304 0.785285 0.785269 
0.722769 0.722772 0.72278 0.72279 0.722805 0.722823 0.722844 0.722868 0.722895 0.722924 0.722956 0.722989 0.723024 0.72306 0.723097 0.723134 0.723171 0.723208 0.723244 0.72328 0.723313 0.723345 0.723375 0.723402 0.723426 0.723448 0.723466 0.723481 0.723492 0.7235 0.723504 0.723505 0.723501 0.723494 0.723483 0.723468 0.72345 0.723428 0.723404 0.723377 0.723347 0.723315 0.723282 0.723247 0.723211 0.723174 0.723136 0.723099 0.723062 0.723026 0.722991 0.722958 0.722926 0.722897 0.72287 0.722845 0.722824 0.722806 0.722791 0.72278 0.722773 0.722769 
0.652034 0.652052 0.652074 0.652099 0.652126 0.652157 0.652189 0.652224 0.65226 0.652297 0.652336 0.652375 0.652413 0.652452 0.65249 0.652527 0.652562 0.652595 0.652626 0.652655 0.652681 0.652704 0.652723 0.652739 0.652751 0.65276 0.652764 0.652765 0.652762 0.652755 0.652744 0.652729 0.65271 0.652688 0.652663 0.652635 0.652605 0.652572 0.652537 0.6525 0.652463 0.652424 0.652385 0.652346 0.652308 0.65227 0.652233 0.652198 0.652165 0.652134 0.652106 0.65208 0.652058 0.652038 0.652023 0.652011 0.652003 0.651998 0.651998 0.652001 0.652008 0.652019 
0.573055 0.573085 0.573117 0.573151 0.573186 0.573223 0.573261 0.573299 0.573337 0.573375 0.573412 0.573448 0.573483 0.573515 0.573546 0.573574 0.573599 0.573622 0.573641 0.573656 0.573668 0.573676 0.573681 0.573681 0.573678 0.573671 0.57366 0.573645 0.573627 0.573606 0.573581 0.573553 0.573523 0.573491 0.573457 0.573421 0.573384 0.573346 0.573308 0.57327 0.573232 0.573195 0.573159 0.573124 0.573092 0.573061 0.573034 0.573009 0.572987 0.572968 0.572952 0.572941 0.572933 0.572929 0.572928 0.572932 0.572939 0.57295 0.572965 0.572983 0.573005 0.573029 
0.485823 0.485857 0.485892 0.485927 0.485962 0.485996 0.48603 0.486063 0.486094 0.486124 0.486151 0.486177 0.486199 0.486218 0.486235 0.486248 0.486258 0.486264 0.486267 0.486266 0.486262 0.486254 0.486243 0.486228 0.486211 0.48619 0.486166 0.48614 0.486112 0.486081 0.486049 0.486016 0.485981 0.485946 0.485911 0.485876 0.485841 0.485807 0.485774 0.485743 0.485714 0.485687 0.485662 0.48564 0.48562 0.485604 0.485591 0.485582 0.485576 0.485573 0.485574 0.485578 0.485586 0.485598 0.485613 0.48563 0.485651 0.485675 0.485701 0.485729 0.485759 0.48579 
0.390346 0.390375 0.390404 0.390431 0.390457 0.390481 0.390504 0.390524 0.390541 0.390556 0.390568 0.390578 0.390584 0.390587 0.390587 0.390584 0.390578 0.390569 0.390557 0.390542 0.390525 0.390505 0.390483 0.390459 0.390433 0.390406 0.390377 0.390348 0.390317 0.390287 0.390256 0.390226 0.390197 0.390168 0.390141 0.390115 0.390091 0.390069 0.390049 0.390032 0.390017 0.390005 0.389996 0.38999 0.389987 0.389987 0.38999 0.389996 0.390005 0.390017 0.390032 0.39005 0.390069 0.390091 0.390115 0.390141 0.390168 0.390197 0.390226 0.390256 0.390286 0.390316 
0.286792 0.28681 0.286826 0.28684 0.286852 0.286862 0.286869 0.286874 0.286877 0.286877 0.286874 0.286869 0.286862 0.286852 0.28684 0.286826 0.28681 0.286792 0.286773 0.286752 0.28673 0.286707 0.286684 0.286659 0.286635 0.28661 0.286586 0.286563 0.28654 0.286518 0.286497 0.286478 0.28646 0.286444 0.28643 0.286419 0.286409 0.286402 0.286397 0.286395 0.286395 0.286397 0.286402 0.28641 0.286419 0.286431 0.286445 0.286461 0.286479 0.286498 0.286519 0.286541 0.286564 0.286587 0.286612 0.286636 0.28666 0.286684 0.286708 0.28673 0.286752 0.286773 
0.175843 0.175849 0.175853 0.175855 0.175856 0.175855 0.175852 0.175848 0.175842 0.175835 0.175826 0.175816 0.175804 0.175792 0.175778 0.175764 0.175749 0.175733 0.175717 0.1757 0.175684 0.175668 0.175651 0.175636 0.175621 0.175606 0.175593 0.17558 0.175569 0.175559 0.175551 0.175543 0.175538 0.175534 0.175531 0.175531 0.175532 0.175534 0.175538 0.175544 0.175552 0.17556 0.17557 0.175582 0.175594 0.175608 0.175622 0.175637 0.175653 0.175669 0.175685 0.175702 0.175718 0.175734 0.17575 0.175765 0.175779 0.175793 0.175805 0.175816 0.175826 0.175835 
0.0593257 0.0593262 0.059326 0.0593252 0.0593239 0.059322 0.0593197 0.059317 0.0593138 0.0593102 0.0593062 0.0593018 0.0592972 0.0592923 0.0592872 0.0592819 0.0592766 0.0592711 0.0592657 0.0592604 0.0592551 0.0592501 0.0592452 0.0592407 0.0592364 0.0592326 0.0592291 0.0592261 0.0592235 0.0592215 0.0592199 0.0592189 0.0592185 0.0592185 0.0592192 0.0592203 0.059222 0.0592243 0.059227 0.0592301 0.0592337 0.0592377 0.059242 0.0592467 0.0592516 0.0592567 0.0592619 0.0592673 0.0592727 0.0592781 0.0592834 0.0592886 0.0592937 0.0592985 0.059303 0.0593072 0.0593111 0.0593146 0.0593176 0.0593203 0.0593225 0.0593244 
