0.0468155 0.0468155 0.0468155 0.0468155 0.0468155 0.0468156 0.0468156 0.0468156 0.0468156 0.0468156 0.0468157 0.0468157 0.0468157 0.0468157 0.0468158 0.0468158 0.0468158 0.0468158 0.0468158 0.0468159 0.0468159 0.0468159 0.0468159 0.0468159 0.0468159 0.0468159 0.0468159 0.0468159 0.0468159 0.0468159 0.0468159 0.0468159 0.0468159 0.0468159 0.0468159 0.0468158 0.0468158 0.0468158 0.0468158 0.0468158 0.0468157 0.0468157 0.0468157 0.0468157 0.0468156 0.0468156 0.0468156 0.0468156 0.0468156 0.0468155 0.0468155 0.0468155 0.0468155 0.0468155 0.0468155 0.0468155 0.0468155 0.0468155 0.0468155 0.0468155 0.0468155 0.0468155 
0.139824 0.139824 0.139824 0.139824 0.139824 0.139824 0.139824 0.139824 0.139824 0.139824 0.139824 0.139824 0.139824 0.139824 0.139824 0.139824 0.139824 0.139824 0.139824 0.139824 0.139824 0.139824 0.139824 0.139824 0.139824 0.139824 0.139824 0.139824 0.139824 0.139824 0.139824 0.139824 0.139824 0.139824 0.139824 0.139824 0.139824 0.139824 0.139824 0.139824 0.139824 0.139824 0.139824 0.139824 0.139824 0.139824 0.139824 0.139824 0.139824 0.139824 0.139824 0.139823 0.139823 0.139823 0.139823 0.139823 0.139823 0.139823 0.139824 0.139824 0.139824 0.139824 
0.230984 0.230984 0.230984 0.230984 0.230984 0.230984 0.230984 0.230984 0.230984 0.230984 0.230984 0.230985 0.230985 0.230985 0.230985 0.230985 0.230985 0.230985 0.230985 0.230985 0.230985 0.230985 0.230985 0.230985 0.230985 0.230985 0.230985 0.230985 0.230985 0.230985 0.230985 0.230985 0.230985 0.230985 0.230985 0.230985 0.230985 0.230984 0.230984 0.230984 0.230984 0.230984 0.230984 0.230984 0.230984 0.230984 0.230984 0.230984 0.230984 0.230984 0.230984 0.230984 0.230984 0.230984 0.230984 0.230984 0.230984 0.230984 0.230984 0.230984 0.230984 0.230984 
0.319136 0.319136 0.319136 0.319136 0.319136 0.319136 0.319136 0.319136 0.319136 0.319136 0.319136 0.319136 0.319136 0.319137 0.319137 0.319137 0.319137 0.319137 0.319137 0.319137 0.319137 0.319137 0.319137 0.319137 0.319137 0.319137 0.319137 0.319137 0.319137 0.319137 0.319137 0.319137 0.319137 0.319137 0.319137 0.319137 0.319137 0.319137 0.319136 0.319136 0.319136 0.319136 0.319136 0.319136 0.319136 0.319136 0.319136 0.319136 0.319136 0.319136 0.319136 0.319136 0.319136 0.319136 0.319136 0.319136 0.319136 0.319136 0.319136 0.319136 0.319136 0.319136 
0.403217 0.403217 0.403217 0.403217 0.403218 0.403218 0.403218 0.403218 0.403218 0.403218 0.403218 0.403218 0.403218 0.403218 0.403218 0.403218 0.403218 0.403218 0.403218 0.403218 0.403218 0.403218 0.403218 0.403218 0.403218 0.403218 0.403217 0.403217 0.403217 0.403217 0.403217 0.403217 0.403217 0.403217 0.403217 0.403217 0.403217 0.403217 0.403217 0.403217 0.403217 0.403217 0.403217 0.403217 0.403217 0.403217 0.403217 0.403217 0.403217 0.403217 0.403217 0.403217 0.403217 0.403217 0.403217 0.403217 0.403217 0.403217 0.403217 0.403217 0.403217 0.403217 
0.48229 0.48229 0.48229 0.48229 0.48229 0.48229 0.48229 0.48229 0.48229 0.48229 0.48229 0.48229 0.48229 0.48229 0.48229 0.48229 0.48229 0.48229 0.48229 0.48229 0.48229 0.48229 0.482289 0.482289 0.482289 0.482289 0.482289 0.482289 0.482289 0.482289 0.482288 0.482288 0.482288 0.482288 0.482288 0.482288 0.482288 0.482288 0.482288 0.482288 0.482288 0.482288 0.482288 0.482288 0.482288 0.482288 0.482288 0.482288 0.482288 0.482288 0.482288 0.482289 0.482289 0.482289 0.482289 0.482289 0.482289 0.482289 0.482289 0.482289 0.48229 0.48229 
0.555552 0.555552 0.555553 0.555553 0.555553 0.555553 0.555554 0.555554 0.555554 0.555554 0.555554 0.555554 0.555554 0.555554 0.555554 0.555554 0.555554 0.555554 0.555554 0.555554 0.555554 0.555553 0.555553 0.555553 0.555552 0.555552 0.555552 0.555552 0.555551 0.555551 0.555551 0.55555 0.55555 0.55555 0.555549 0.555549 0.555549 0.555549 0.555548 0.555548 0.555548 0.555548 0.555548 0.555548 0.555548 0.555548 0.555548 0.555548 0.555548 0.555548 0.555549 0.555549 0.555549 0.555549 0.55555 0.55555 0.55555 0.55555 0.555551 0.555551 0.555551 0.555552 
0.622344 0.622344 0.622345 0.622346 0.622346 0.622347 0.622347 0.622348 0.622348 0.622349 0.622349 0.62235 0.62235 0.62235 0.62235 0.622351 0.622351 0.622351 0.622351 0.62235 0.62235 0.62235 0.62235 0.622349 0.622349 0.622349 0.622348 0.622348 0.622347 0.622347 0.622346 0.622345 0.622345 0.622344 0.622343 0.622343 0.622342 0.622342 0.622341 0.622341 0.62234 0.62234 0.622339 0.622339 0.622339 0.622339 0.622339 0.622338 0.622338 0.622338 0.622339 0.622339 0.622339 0.622339 0.62234 0.62234 0.62234 0.622341 0.622341 0.622342 0.622343 0.622343 
0.68214 0.682141 0.682142 0.682143 0.682144 0.682145 0.682146 0.682146 0.682147 0.682148 0.682149 0.68215 0.682151 0.682152 0.682152 0.682153 0.682153 0.682154 0.682154 0.682154 0.682154 0.682154 0.682154 0.682154 0.682154 0.682154 0.682153 0.682153 0.682152 0.682152 0.682151 0.68215 0.682149 0.682148 0.682147 0.682146 0.682145 0.682145 0.682144 0.682143 0.682142 0.682141 0.68214 0.682139 0.682139 0.682138 0.682137 0.682137 0.682136 0.682136 0.682136 0.682136 0.682136 0.682136 0.682136 0.682136 0.682136 0.682137 0.682137 0.682138 0.682139 0.682139 
0.73454 0.734541 0.734542 0.734543 0.734544 0.734545 0.734546 0.734547 0.734548 0.73455 0.734551 0.734552 0.734553 0.734554 0.734556 0.734557 0.734558 0.734559 0.734559 0.73456 0.734561 0.734561 0.734562 0.734562 0.734562 0.734562 0.734562 0.734562 0.734562 0.734561 0.73456 0.73456 0.734559 0.734558 0.734557 0.734556 0.734555 0.734554 0.734553 0.734552 0.73455 0.734549 0.734548 0.734547 0.734545 0.734544 0.734543 0.734542 0.734541 0.734541 0.73454 0.734539 0.734539 0.734538 0.734538 0.734538 0.734538 0.734538 0.734538 0.734539 0.734539 0.73454 
0.779248 0.779249 0.779249 0.77925 0.779251 0.779252 0.779253 0.779254 0.779255 0.779256 0.779257 0.779259 0.77926 0.779261 0.779263 0.779264 0.779265 0.779266 0.779268 0.779269 0.77927 0.779271 0.779271 0.779272 0.779273 0.779273 0.779273 0.779274 0.779274 0.779274 0.779273 0.779273 0.779272 0.779272 0.779271 0.77927 0.779269 0.779268 0.779267 0.779266 0.779265 0.779264 0.779262 0.779261 0.77926 0.779258 0.779257 0.779256 0.779255 0.779253 0.779252 0.779251 0.77925 0.77925 0.779249 0.779248 0.779248 0.779248 0.779247 0.779247 0.779248 0.779248 
0.816051 0.816051 0.816052 0.816052 0.816053 0.816053 0.816054 0.816055 0.816056 0.816057 0.816058 0.816059 0.81606 0.816061 0.816062 0.816063 0.816064 0.816065 0.816066 0.816067 0.816068 0.816069 0.81607 0.816071 0.816072 0.816072 0.816073 0.816073 0.816073 0.816073 0.816074 0.816073 0.816073 0.816073 0.816073 0.816072 0.816071 0.816071 0.81607 0.816069 0.816068 0.816067 0.816066 0.816065 0.816064 0.816063 0.816062 0.816061 0.816059 0.816058 0.816057 0.816056 0.816055 0.816055 0.816054 0.816053 0.816052 0.816052 0.816052 0.816051 0.816051 0.816051 
0.844801 0.844801 0.844802 0.844802 0.844802 0.844803 0.844803 0.844804 0.844804 0.844805 0.844805 0.844806 0.844807 0.844807 0.844808 0.844808 0.844809 0.84481 0.84481 0.844811 0.844811 0.844812 0.844812 0.844813 0.844813 0.844814 0.844814 0.844814 0.844814 0.844814 0.844814 0.844814 0.844814 0.844814 0.844813 0.844813 0.844813 0.844812 0.844812 0.844811 0.844811 0.84481 0.844809 0.844809 0.844808 0.844807 0.844807 0.844806 0.844805 0.844805 0.844804 0.844804 0.844803 0.844803 0.844802 0.844802 0.844802 0.844802 0.844801 0.844801 0.844801 0.844801 
0.865399 0.865399 0.8654 0.8654 0.865401 0.865401 0.865401 0.865402 0.865402 0.865402 0.865402 0.865402 0.865403 0.865403 0.865403 0.865403 0.865403 0.865403 0.865403 0.865402 0.865402 0.865402 0.865402 0.865402 0.865401 0.865401 0.8654 0.8654 0.8654 0.865399 0.865399 0.865398 0.865398 0.865398 0.865397 0.865397 0.865396 0.865396 0.865396 0.865395 0.865395 0.865395 0.865395 0.865395 0.865395 0.865395 0.865395 0.865395 0.865395 0.865395 0.865395 0.865395 0.865395 0.865396 0.865396 0.865396 0.865397 0.865397 0.865397 0.865398 0.865398 0.865398 
0.877782 0.877783 0.877784 0.877784 0.877785 0.877785 0.877785 0.877786 0.877786 0.877786 0.877786 0.877785 0.877785 0.877784 0.877784 0.877783 0.877783 0.877782 0.877781 0.87778 0.877779 0.877778 0.877777 0.877776 0.877775 0.877773 0.877772 0.877771 0.87777 0.877769 0.877768 0.877768 0.877767 0.877766 0.877766 0.877765 0.877765 0.877764 0.877764 0.877764 0.877764 0.877764 0.877765 0.877765 0.877765 0.877766 0.877767 0.877767 0.877768 0.877769 0.87777 0.877771 0.877772 0.877773 0.877774 0.877775 0.877776 0.877778 0.877779 0.87778 0.877781 0.877781 
0.881918 0.881919 0.88192 0.88192 0.881921 0.881921 0.881921 0.881921 0.881921 0.88192 0.881919 0.881919 0.881918 0.881917 0.881915 0.881914 0.881913 0.881911 0.881909 0.881908 0.881906 0.881904 0.881903 0.881901 0.881899 0.881898 0.881896 0.881894 0.881893 0.881892 0.881891 0.88189 0.881889 0.881888 0.881887 0.881887 0.881887 0.881887 0.881887 0.881887 0.881888 0.881888 0.881889 0.88189 0.881891 0.881892 0.881894 0.881895 0.881897 0.881898 0.8819 0.881902 0.881903 0.881905 0.881907 0.881909 0.88191 0.881912 0.881913 0.881915 0.881916 0.881917 
0.877795 0.877796 0.877796 0.877796 0.877796 0.877796 0.877795 0.877794 0.877793 0.877792 0.877791 0.87779 0.877788 0.877786 0.877784 0.877782 0.87778 0.877778 0.877776 0.877774 0.877772 0.87777 0.877768 0.877766 0.877764 0.877762 0.877761 0.877759 0.877758 0.877757 0.877756 0.877755 0.877755 0.877754 0.877754 0.877754 0.877755 0.877755 0.877756 0.877757 0.877758 0.877759 0.877761 0.877763 0.877764 0.877766 0.877768 0.87777 0.877772 0.877774 0.877777 0.877779 0.877781 0.877783 0.877785 0.877787 0.877788 0.87779 0.877791 0.877793 0.877794 0.877795 
0.865422 0.865421 0.865421 0.86542 0.865419 0.865418 0.865416 0.865415 0.865413 0.865411 0.865409 0.865407 0.865405 0.865402 0.8654 0.865398 0.865396 0.865393 0.865391 0.865389 0.865387 0.865385 0.865383 0.865382 0.865381 0.865379 0.865378 0.865378 0.865377 0.865377 0.865377 0.865377 0.865377 0.865378 0.865378 0.86538 0.865381 0.865382 0.865384 0.865385 0.865387 0.865389 0.865391 0.865394 0.865396 0.865398 0.865401 0.865403 0.865405 0.865407 0.865409 0.865411 0.865413 0.865415 0.865416 0.865418 0.865419 0.86542 0.865421 0.865421 0.865422 0.865422 
0.844827 0.844826 0.844824 0.844822 0.84482 0.844818 0.844816 0.844814 0.844812 0.844809 0.844807 0.844805 0.844802 0.8448 0.844798 0.844796 0.844794 0.844792 0.844791 0.844789 0.844788 0.844787 0.844786 0.844786 0.844786 0.844785 0.844786 0.844786 0.844787 0.844787 0.844788 0.84479 0.844791 0.844793 0.844794 0.844796 0.844798 0.844801 0.844803 0.844805 0.844807 0.84481 0.844812 0.844814 0.844816 0.844819 0.844821 0.844823 0.844824 0.844826 0.844827 0.844828 0.844829 0.84483 0.844831 0.844831 0.844831 0.844831 0.844831 0.84483 0.844829 0.844828 
0.816072 0.81607 0.816067 0.816065 0.816063 0.816061 0.816058 0.816056 0.816054 0.816052 0.81605 0.816048 0.816047 0.816045 0.816044 0.816043 0.816042 0.816041 0.816041 0.816041 0.816041 0.816041 0.816041 0.816042 0.816043 0.816044 0.816045 0.816047 0.816049 0.816051 0.816053 0.816055 0.816057 0.816059 0.816061 0.816064 0.816066 0.816068 0.81607 0.816073 0.816075 0.816076 0.816078 0.81608 0.816081 0.816083 0.816084 0.816085 0.816085 0.816086 0.816086 0.816086 0.816086 0.816085 0.816084 0.816083 0.816082 0.816081 0.816079 0.816078 0.816076 0.816074 
0.779257 0.779255 0.779253 0.779251 0.779249 0.779248 0.779246 0.779245 0.779243 0.779242 0.779241 0.779241 0.77924 0.77924 0.77924 0.77924 0.779241 0.779241 0.779242 0.779243 0.779244 0.779246 0.779247 0.779249 0.779251 0.779253 0.779255 0.779257 0.779259 0.779261 0.779263 0.779266 0.779268 0.77927 0.779272 0.779274 0.779275 0.779277 0.779278 0.77928 0.779281 0.779282 0.779282 0.779283 0.779283 0.779283 0.779283 0.779282 0.779282 0.779281 0.77928 0.779279 0.779277 0.779276 0.779274 0.779272 0.77927 0.779268 0.779266 0.779264 0.779262 0.779259 
0.734538 0.734536 0.734535 0.734534 0.734533 0.734533 0.734532 0.734532 0.734532 0.734532 0.734532 0.734533 0.734534 0.734534 0.734536 0.734537 0.734538 0.73454 0.734541 0.734543 0.734545 0.734546 0.734548 0.73455 0.734552 0.734554 0.734556 0.734558 0.73456 0.734561 0.734563 0.734564 0.734566 0.734567 0.734568 0.734569 0.734569 0.73457 0.73457 0.73457 0.73457 0.73457 0.734569 0.734568 0.734567 0.734566 0.734565 0.734564 0.734562 0.734561 0.734559 0.734557 0.734555 0.734554 0.734552 0.73455 0.734548 0.734546 0.734544 0.734542 0.734541 0.734539 
0.682131 0.682131 0.682131 0.682131 0.682131 0.682132 0.682132 0.682133 0.682133 0.682134 0.682135 0.682137 0.682138 0.682139 0.682141 0.682142 0.682143 0.682145 0.682147 0.682148 0.68215 0.682151 0.682152 0.682154 0.682155 0.682156 0.682157 0.682158 0.682159 0.68216 0.68216 0.682161 0.682161 0.682161 0.682161 0.682161 0.682161 0.68216 0.682159 0.682159 0.682158 0.682157 0.682155 0.682154 0.682153 0.682151 0.68215 0.682149 0.682147 0.682145 0.682144 0.682142 0.682141 0.68214 0.682138 0.682137 0.682136 0.682135 0.682134 0.682133 0.682132 0.682132 
0.622335 0.622336 0.622336 0.622337 0.622338 0.622339 0.622339 0.62234 0.622341 0.622342 0.622343 0.622344 0.622346 0.622347 0.622348 0.622349 0.62235 0.622351 0.622352 0.622352 0.622353 0.622354 0.622355 0.622355 0.622356 0.622356 0.622356 0.622356 0.622356 0.622356 0.622356 0.622355 0.622355 0.622354 0.622354 0.622353 0.622352 0.622351 0.622351 0.62235 0.622349 0.622348 0.622346 0.622345 0.622344 0.622343 0.622342 0.622341 0.62234 0.622339 0.622338 0.622338 0.622337 0.622336 0.622336 0.622335 0.622335 0.622335 0.622335 0.622335 0.622335 0.622335 
0.555548 0.555549 0.555549 0.55555 0.555551 0.555551 0.555552 0.555552 0.555553 0.555554 0.555554 0.555555 0.555556 0.555556 0.555557 0.555557 0.555557 0.555558 0.555558 0.555558 0.555558 0.555559 0.555559 0.555558 0.555558 0.555558 0.555558 0.555558 0.555557 0.555557 0.555556 0.555556 0.555555 0.555555 0.555554 0.555553 0.555553 0.555552 0.555552 0.555551 0.55555 0.55555 0.555549 0.555548 0.555548 0.555547 0.555547 0.555547 0.555546 0.555546 0.555546 0.555546 0.555545 0.555545 0.555546 0.555546 0.555546 0.555546 0.555546 0.555547 0.555547 0.555548 
0.48229 0.48229 0.48229 0.482291 0.482291 0.482291 0.482291 0.482292 0.482292 0.482292 0.482292 0.482293 0.482293 0.482293 0.482293 0.482293 0.482293 0.482293 0.482293 0.482293 0.482293 0.482293 0.482293 0.482292 0.482292 0.482292 0.482292 0.482291 0.482291 0.482291 0.48229 0.48229 0.48229 0.482289 0.482289 0.482289 0.482288 0.482288 0.482288 0.482288 0.482287 0.482287 0.482287 0.482287 0.482287 0.482287 0.482287 0.482287 0.482287 0.482287 0.482287 0.482287 0.482287 0.482287 0.482287 0.482287 0.482288 0.482288 0.482288 0.482289 0.482289 0.482289 
0.403218 0.403219 0.403219 0.403219 0.403219 0.403219 0.403219 0.403219 0.403219 0.403219 0.403219 0.403219 0.403219 0.403219 0.403219 0.403219 0.403219 0.403219 0.403219 0.403219 0.403219 0.403219 0.403219 0.403219 0.403218 0.403218 0.403218 0.403218 0.403218 0.403218 0.403218 0.403218 0.403217 0.403217 0.403217 0.403217 0.403217 0.403217 0.403217 0.403217 0.403217 0.403217 0.403217 0.403217 0.403217 0.403217 0.403217 0.403217 0.403217 0.403217 0.403217 0.403217 0.403217 0.403217 0.403218 0.403218 0.403218 0.403218 0.403218 0.403218 0.403218 0.403218 
0.319137 0.319137 0.319137 0.319137 0.319137 0.319137 0.319137 0.319137 0.319137 0.319137 0.319137 0.319137 0.319137 0.319137 0.319137 0.319137 0.319137 0.319137 0.319137 0.319137 0.319137 0.319137 0.319137 0.319137 0.319137 0.319137 0.319137 0.319137 0.319137 0.319137 0.319137 0.319137 0.319137 0.319137 0.319137 0.319137 0.319137 0.319137 0.319137 0.319137 0.319137 0.319137 0.319137 0.319137 0.319137 0.319137 0.319137 0.319137 0.319137 0.319137 0.319137 0.319137 0.319137 0.319137 0.319137 0.319137 0.319137 0.319137 0.319137 0.319137 0.319137 0.319137 
0.230984 0.230984 0.230984 0.230984 0.230985 0.230985 0.230985 0.230985 0.230985 0.230985 0.230985 0.230985 0.230985 0.230985 0.230985 0.230985 0.230985 0.230985 0.230985 0.230985 0.230985 0.230985 0.230985 0.230985 0.230985 0.230985 0.230985 0.230985 0.230985 0.230985 0.230985 0.230985 0.230985 0.230985 0.230985 0.230985 0.230985 0.230985 0.230985 0.230985 0.230985 0.230985 0.230985 0.230985 0.230985 0.230985 0.230985 0.230985 0.230985 0.230985 0.230985 0.230985 0.230985 0.230984 0.230984 0.230984 0.230984 0.230984 0.230984 0.230984 0.230984 0.230984 
0.139824 0.139824 0.139824 0.139824 0.139824 0.139824 0.139824 0.139824 0.139824 0.139824 0.139824 0.139824 0.139824 0.139824 0.139824 0.139824 0.139824 0.139824 0.139824 0.139824 0.139824 0.139824 0.139824 0.139824 0.139824 0.139824 0.139824 0.139824 0.139824 0.139824 0.139824 0.139824 0.139824 0.139824 0.139824 0.139824 0.139824 0.139824 0.139824 0.139824 0.139824 0.139824 0.139824 0.139824 0.139824 0.139824 0.139824 0.139824 0.139824 0.139824 0.139824 0.139824 0.139824 0.139824 0.139824 0.139824 0.139824 0.139824 0.139824 0.139824 0.139824 0.139824 
0.0468155 0.0468155 0.0468155 0.0468156 0.0468156 0.0468156 0.0468156 0.0468156 0.0468156 0.0468156 0.0468157 0.0468157 0.0468157 0.0468157 0.0468158 0.0468158 0.0468158 0.0468158 0.0468159 0.0468159 0.0468159 0.0468159 0.0468159 0.0468159 0.046816 0.046816 0.046816 0.046816 0.046816 0.046816 0.046816 0.046816 0.046816 0.046816 0.046816 0.046816 0.0468159 0.0468159 0.0468159 0.0468159 0.0468159 0.0468159 0.0468158 0.0468158 0.0468158 0.0468158 0.0468157 0.0468157 0.0468157 0.0468157 0.0468156 0.0468156 0.0468156 0.0468156 0.0468156 0.0468156 0.0468155 0.0468155 0.0468155 0.0468155 0.0468155 0.0468155 
