0.0467038 0.0467038 0.0467038 0.0467038 0.0467038 0.0467038 0.0467038 0.0467038 0.0467038 0.0467038 0.0467039 0.0467039 0.0467039 0.0467039 0.0467039 0.046704 0.046704 0.046704 0.046704 0.0467041 0.0467041 0.0467041 0.0467041 0.0467041 0.0467041 0.0467042 0.0467042 0.0467042 0.0467042 0.0467042 0.0467042 0.0467042 0.0467042 0.0467042 0.0467042 0.0467042 0.0467042 0.0467042 0.0467042 0.0467041 0.0467041 0.0467041 0.0467041 0.0467041 0.0467041 0.046704 0.046704 0.046704 0.046704 0.0467039 0.0467039 0.0467039 0.0467039 0.0467039 0.0467038 0.0467038 0.0467038 0.0467038 0.0467038 0.0467038 0.0467038 0.0467038 
0.139492 0.139492 0.139492 0.139492 0.139492 0.139492 0.139492 0.139492 0.139492 0.139493 0.139493 0.139493 0.139493 0.139493 0.139493 0.139493 0.139493 0.139493 0.139493 0.139493 0.139493 0.139493 0.139493 0.139493 0.139493 0.139493 0.139493 0.139493 0.139493 0.139493 0.139493 0.139493 0.139493 0.139493 0.139493 0.139493 0.139493 0.139493 0.139493 0.139493 0.139493 0.139493 0.139493 0.139493 0.139493 0.139493 0.139493 0.139493 0.139493 0.139492 0.139492 0.139492 0.139492 0.139492 0.139492 0.139492 0.139492 0.139492 0.139492 0.139492 0.139492 0.139492 
0.230445 0.230445 0.230445 0.230445 0.230445 0.230445 0.230445 0.230445 0.230445 0.230445 0.230445 0.230445 0.230445 0.230445 0.230445 0.230445 0.230445 0.230445 0.230445 0.230445 0.230445 0.230445 0.230445 0.230445 0.230445 0.230445 0.230445 0.230445 0.230445 0.230445 0.230445 0.230445 0.230445 0.230445 0.230445 0.230445 0.230445 0.230445 0.230445 0.230445 0.230445 0.230445 0.230445 0.230445 0.230445 0.230445 0.230445 0.230445 0.230445 0.230445 0.230445 0.230445 0.230445 0.230445 0.230445 0.230445 0.230445 0.230445 0.230445 0.230445 0.230445 0.230445 
0.318406 0.318406 0.318406 0.318406 0.318406 0.318406 0.318406 0.318406 0.318406 0.318406 0.318406 0.318406 0.318406 0.318406 0.318406 0.318406 0.318406 0.318406 0.318407 0.318407 0.318407 0.318407 0.318407 0.318407 0.318407 0.318407 0.318407 0.318407 0.318407 0.318407 0.318407 0.318407 0.318407 0.318407 0.318407 0.318407 0.318407 0.318407 0.318407 0.318407 0.318407 0.318407 0.318407 0.318406 0.318406 0.318406 0.318406 0.318406 0.318406 0.318406 0.318406 0.318406 0.318406 0.318406 0.318406 0.318406 0.318406 0.318406 0.318406 0.318406 0.318406 0.318406 
0.402319 0.402319 0.402319 0.402319 0.402319 0.402319 0.402319 0.402319 0.402319 0.402319 0.402319 0.402319 0.402319 0.402319 0.402319 0.402319 0.402319 0.402319 0.402319 0.402319 0.402319 0.402319 0.402319 0.402319 0.402319 0.402319 0.402319 0.402319 0.402319 0.402319 0.402319 0.402319 0.402319 0.402319 0.402319 0.402319 0.402319 0.402319 0.402319 0.402319 0.402319 0.402319 0.402319 0.402319 0.402319 0.402319 0.402319 0.402319 0.402319 0.402319 0.402319 0.402319 0.402319 0.402319 0.402319 0.402319 0.402319 0.402319 0.402319 0.402319 0.402319 0.402319 
0.481247 0.481247 0.481247 0.481247 0.481247 0.481247 0.481248 0.481248 0.481248 0.481248 0.481248 0.481248 0.481248 0.481248 0.481248 0.481248 0.481248 0.481248 0.481248 0.481248 0.481248 0.481248 0.481248 0.481248 0.481247 0.481247 0.481247 0.481247 0.481247 0.481247 0.481247 0.481247 0.481246 0.481246 0.481246 0.481246 0.481246 0.481246 0.481246 0.481246 0.481246 0.481246 0.481246 0.481246 0.481246 0.481246 0.481246 0.481246 0.481246 0.481246 0.481246 0.481246 0.481246 0.481246 0.481246 0.481246 0.481246 0.481246 0.481246 0.481247 0.481247 0.481247 
0.55439 0.55439 0.55439 0.554391 0.554391 0.554391 0.554391 0.554392 0.554392 0.554392 0.554392 0.554393 0.554393 0.554393 0.554393 0.554393 0.554393 0.554393 0.554393 0.554393 0.554393 0.554393 0.554393 0.554393 0.554393 0.554392 0.554392 0.554392 0.554392 0.554391 0.554391 0.554391 0.554391 0.55439 0.55439 0.55439 0.554389 0.554389 0.554389 0.554388 0.554388 0.554388 0.554388 0.554388 0.554387 0.554387 0.554387 0.554387 0.554387 0.554387 0.554387 0.554387 0.554387 0.554387 0.554388 0.554388 0.554388 0.554388 0.554388 0.554389 0.554389 0.554389 
0.621086 0.621086 0.621087 0.621087 0.621088 0.621088 0.621089 0.62109 0.62109 0.621091 0.621091 0.621092 0.621092 0.621093 0.621093 0.621094 0.621094 0.621094 0.621095 0.621095 0.621095 0.621095 0.621095 0.621095 0.621095 0.621095 0.621094 0.621094 0.621094 0.621093 0.621093 0.621093 0.621092 0.621092 0.621091 0.62109 0.62109 0.621089 0.621089 0.621088 0.621087 0.621087 0.621086 0.621086 0.621085 0.621085 0.621085 0.621084 0.621084 0.621084 0.621083 0.621083 0.621083 0.621083 0.621083 0.621083 0.621084 0.621084 0.621084 0.621084 0.621085 0.621085 
0.680809 0.68081 0.68081 0.680811 0.680812 0.680812 0.680813 0.680814 0.680815 0.680816 0.680817 0.680818 0.680818 0.680819 0.68082 0.680821 0.680822 0.680823 0.680823 0.680824 0.680824 0.680825 0.680825 0.680826 0.680826 0.680826 0.680826 0.680826 0.680826 0.680826 0.680825 0.680825 0.680824 0.680824 0.680823 0.680822 0.680822 0.680821 0.68082 0.680819 0.680818 0.680817 0.680816 0.680815 0.680815 0.680814 0.680813 0.680812 0.680811 0.680811 0.68081 0.680809 0.680809 0.680809 0.680808 0.680808 0.680808 0.680808 0.680808 0.680808 0.680808 0.680809 
0.733156 0.733156 0.733157 0.733157 0.733158 0.733158 0.733159 0.73316 0.733161 0.733162 0.733163 0.733164 0.733165 0.733167 0.733168 0.733169 0.73317 0.733171 0.733172 0.733173 0.733174 0.733175 0.733176 0.733177 0.733178 0.733178 0.733179 0.733179 0.733179 0.73318 0.73318 0.73318 0.733179 0.733179 0.733179 0.733178 0.733177 0.733177 0.733176 0.733175 0.733174 0.733173 0.733172 0.73317 0.733169 0.733168 0.733167 0.733166 0.733164 0.733163 0.733162 0.733161 0.73316 0.733159 0.733159 0.733158 0.733157 0.733157 0.733157 0.733156 0.733156 0.733156 
0.777827 0.777827 0.777827 0.777827 0.777827 0.777828 0.777828 0.777829 0.777829 0.77783 0.777831 0.777832 0.777833 0.777834 0.777835 0.777837 0.777838 0.777839 0.777841 0.777842 0.777843 0.777844 0.777845 0.777847 0.777848 0.777849 0.777849 0.77785 0.777851 0.777851 0.777852 0.777852 0.777852 0.777852 0.777852 0.777852 0.777852 0.777851 0.777851 0.77785 0.777849 0.777848 0.777847 0.777846 0.777845 0.777844 0.777842 0.777841 0.77784 0.777839 0.777837 0.777836 0.777835 0.777834 0.777833 0.777832 0.777831 0.77783 0.777829 0.777828 0.777828 0.777827 
0.814604 0.814604 0.814604 0.814604 0.814604 0.814604 0.814604 0.814604 0.814605 0.814605 0.814606 0.814606 0.814607 0.814608 0.814609 0.81461 0.814611 0.814612 0.814613 0.814614 0.814615 0.814616 0.814618 0.814619 0.81462 0.814621 0.814621 0.814622 0.814623 0.814624 0.814624 0.814625 0.814625 0.814625 0.814625 0.814625 0.814625 0.814625 0.814625 0.814624 0.814624 0.814623 0.814623 0.814622 0.814621 0.81462 0.814619 0.814618 0.814617 0.814616 0.814615 0.814614 0.814613 0.814612 0.81461 0.814609 0.814609 0.814608 0.814607 0.814606 0.814605 0.814605 
0.843336 0.843336 0.843336 0.843336 0.843336 0.843336 0.843336 0.843336 0.843336 0.843337 0.843337 0.843338 0.843338 0.843339 0.843339 0.84334 0.84334 0.843341 0.843342 0.843342 0.843343 0.843344 0.843344 0.843345 0.843345 0.843346 0.843346 0.843347 0.843347 0.843348 0.843348 0.843348 0.843348 0.843348 0.843349 0.843348 0.843348 0.843348 0.843348 0.843348 0.843347 0.843347 0.843347 0.843346 0.843346 0.843345 0.843344 0.843344 0.843343 0.843342 0.843342 0.843341 0.84334 0.84334 0.843339 0.843339 0.843338 0.843338 0.843337 0.843337 0.843336 0.843336 
0.86392 0.86392 0.863921 0.863921 0.863922 0.863922 0.863922 0.863923 0.863923 0.863924 0.863924 0.863924 0.863925 0.863925 0.863925 0.863925 0.863926 0.863926 0.863926 0.863926 0.863926 0.863926 0.863926 0.863926 0.863926 0.863926 0.863925 0.863925 0.863925 0.863925 0.863924 0.863924 0.863924 0.863923 0.863923 0.863922 0.863922 0.863922 0.863921 0.863921 0.863921 0.86392 0.86392 0.863919 0.863919 0.863919 0.863919 0.863919 0.863918 0.863918 0.863918 0.863918 0.863918 0.863918 0.863918 0.863918 0.863919 0.863919 0.863919 0.863919 0.863919 0.86392 
0.876295 0.876296 0.876297 0.876298 0.876298 0.876299 0.8763 0.876301 0.876301 0.876302 0.876302 0.876302 0.876303 0.876303 0.876303 0.876302 0.876302 0.876302 0.876301 0.876301 0.8763 0.8763 0.876299 0.876298 0.876297 0.876296 0.876295 0.876294 0.876293 0.876292 0.876291 0.87629 0.876289 0.876288 0.876287 0.876286 0.876285 0.876285 0.876284 0.876284 0.876283 0.876283 0.876282 0.876282 0.876282 0.876282 0.876282 0.876283 0.876283 0.876283 0.876284 0.876284 0.876285 0.876286 0.876287 0.876288 0.876289 0.87629 0.876291 0.876292 0.876293 0.876294 
0.880427 0.880428 0.88043 0.880431 0.880432 0.880433 0.880434 0.880435 0.880435 0.880436 0.880436 0.880436 0.880436 0.880435 0.880435 0.880434 0.880434 0.880433 0.880432 0.88043 0.880429 0.880428 0.880426 0.880425 0.880423 0.880421 0.88042 0.880418 0.880417 0.880415 0.880413 0.880412 0.88041 0.880409 0.880408 0.880407 0.880406 0.880405 0.880404 0.880404 0.880403 0.880403 0.880403 0.880403 0.880403 0.880404 0.880405 0.880405 0.880406 0.880407 0.880408 0.88041 0.880411 0.880413 0.880414 0.880416 0.880417 0.880419 0.880421 0.880422 0.880424 0.880426 
0.876307 0.876308 0.876309 0.87631 0.876311 0.876312 0.876312 0.876313 0.876313 0.876313 0.876312 0.876312 0.876311 0.87631 0.876309 0.876308 0.876306 0.876305 0.876303 0.876301 0.876299 0.876297 0.876295 0.876293 0.876291 0.876289 0.876287 0.876285 0.876283 0.876282 0.87628 0.876278 0.876277 0.876276 0.876275 0.876274 0.876273 0.876273 0.876272 0.876272 0.876273 0.876273 0.876273 0.876274 0.876275 0.876276 0.876278 0.876279 0.876281 0.876282 0.876284 0.876286 0.876288 0.87629 0.876292 0.876294 0.876296 0.876298 0.8763 0.876302 0.876304 0.876305 
0.863943 0.863943 0.863944 0.863944 0.863944 0.863944 0.863944 0.863943 0.863943 0.863942 0.86394 0.863939 0.863937 0.863936 0.863934 0.863932 0.86393 0.863928 0.863926 0.863924 0.863921 0.863919 0.863917 0.863915 0.863913 0.863911 0.863909 0.863907 0.863906 0.863905 0.863903 0.863902 0.863902 0.863901 0.863901 0.863901 0.863901 0.863901 0.863902 0.863903 0.863904 0.863905 0.863906 0.863908 0.863909 0.863911 0.863913 0.863915 0.863917 0.863919 0.863922 0.863924 0.863926 0.863928 0.86393 0.863932 0.863934 0.863936 0.863938 0.863939 0.863941 0.863942 
0.843365 0.843364 0.843364 0.843363 0.843362 0.843361 0.84336 0.843358 0.843356 0.843354 0.843352 0.84335 0.843348 0.843346 0.843344 0.843342 0.843339 0.843337 0.843335 0.843333 0.843331 0.843329 0.843327 0.843326 0.843325 0.843323 0.843322 0.843322 0.843321 0.843321 0.843321 0.843321 0.843321 0.843322 0.843322 0.843323 0.843325 0.843326 0.843328 0.843329 0.843331 0.843333 0.843335 0.843337 0.84334 0.843342 0.843344 0.843346 0.843348 0.843351 0.843353 0.843355 0.843356 0.843358 0.84336 0.843361 0.843362 0.843363 0.843364 0.843364 0.843365 0.843365 
0.814633 0.814631 0.81463 0.814628 0.814626 0.814624 0.814622 0.81462 0.814617 0.814615 0.814613 0.814611 0.814609 0.814607 0.814605 0.814603 0.814601 0.814599 0.814598 0.814597 0.814596 0.814595 0.814594 0.814594 0.814593 0.814594 0.814594 0.814594 0.814595 0.814596 0.814597 0.814598 0.8146 0.814601 0.814603 0.814605 0.814607 0.814609 0.814611 0.814613 0.814616 0.814618 0.81462 0.814622 0.814624 0.814626 0.814628 0.81463 0.814631 0.814633 0.814634 0.814635 0.814636 0.814637 0.814637 0.814637 0.814637 0.814637 0.814637 0.814636 0.814635 0.814634 
0.777847 0.777845 0.777843 0.777841 0.777839 0.777837 0.777835 0.777833 0.777831 0.777829 0.777827 0.777826 0.777824 0.777823 0.777822 0.777821 0.77782 0.77782 0.77782 0.77782 0.77782 0.77782 0.777821 0.777822 0.777823 0.777824 0.777825 0.777827 0.777828 0.77783 0.777832 0.777834 0.777836 0.777838 0.77784 0.777842 0.777844 0.777846 0.777848 0.77785 0.777852 0.777854 0.777855 0.777857 0.777858 0.777859 0.77786 0.777861 0.777861 0.777861 0.777861 0.777861 0.777861 0.77786 0.777859 0.777858 0.777857 0.777856 0.777854 0.777853 0.777851 0.777849 
0.733164 0.733162 0.733161 0.733159 0.733158 0.733156 0.733155 0.733154 0.733153 0.733152 0.733151 0.733151 0.733151 0.733151 0.733151 0.733151 0.733151 0.733152 0.733153 0.733154 0.733155 0.733156 0.733158 0.733159 0.733161 0.733163 0.733164 0.733166 0.733168 0.73317 0.733172 0.733174 0.733175 0.733177 0.733179 0.73318 0.733182 0.733183 0.733184 0.733185 0.733186 0.733186 0.733187 0.733187 0.733187 0.733187 0.733187 0.733186 0.733186 0.733185 0.733184 0.733183 0.733181 0.73318 0.733178 0.733177 0.733175 0.733173 0.733171 0.73317 0.733168 0.733166 
0.680807 0.680806 0.680805 0.680805 0.680804 0.680804 0.680804 0.680803 0.680803 0.680804 0.680804 0.680804 0.680805 0.680806 0.680807 0.680808 0.680809 0.68081 0.680811 0.680813 0.680814 0.680815 0.680817 0.680818 0.68082 0.680821 0.680823 0.680824 0.680825 0.680827 0.680828 0.680829 0.68083 0.680831 0.680831 0.680832 0.680832 0.680832 0.680833 0.680832 0.680832 0.680832 0.680831 0.680831 0.68083 0.680829 0.680828 0.680827 0.680826 0.680825 0.680823 0.680822 0.68082 0.680819 0.680817 0.680816 0.680815 0.680813 0.680812 0.680811 0.680809 0.680808 
0.62108 0.62108 0.62108 0.62108 0.62108 0.62108 0.621081 0.621081 0.621082 0.621083 0.621083 0.621084 0.621085 0.621086 0.621087 0.621088 0.621089 0.62109 0.621091 0.621092 0.621093 0.621094 0.621095 0.621096 0.621097 0.621098 0.621098 0.621099 0.621099 0.6211 0.6211 0.6211 0.6211 0.6211 0.6211 0.6211 0.6211 0.621099 0.621099 0.621098 0.621098 0.621097 0.621096 0.621095 0.621094 0.621093 0.621092 0.621091 0.62109 0.621089 0.621088 0.621087 0.621086 0.621085 0.621084 0.621083 0.621083 0.621082 0.621081 0.621081 0.62108 0.62108 
0.554385 0.554386 0.554386 0.554386 0.554387 0.554387 0.554388 0.554388 0.554389 0.55439 0.55439 0.554391 0.554391 0.554392 0.554393 0.554393 0.554394 0.554394 0.554395 0.554395 0.554396 0.554396 0.554397 0.554397 0.554397 0.554397 0.554397 0.554397 0.554397 0.554397 0.554397 0.554397 0.554397 0.554396 0.554396 0.554395 0.554395 0.554394 0.554394 0.554393 0.554393 0.554392 0.554391 0.554391 0.55439 0.554389 0.554389 0.554388 0.554388 0.554387 0.554387 0.554386 0.554386 0.554386 0.554385 0.554385 0.554385 0.554385 0.554385 0.554385 0.554385 0.554385 
0.481246 0.481246 0.481246 0.481247 0.481247 0.481247 0.481248 0.481248 0.481248 0.481248 0.481249 0.481249 0.481249 0.48125 0.48125 0.48125 0.48125 0.48125 0.481251 0.481251 0.481251 0.481251 0.481251 0.481251 0.481251 0.481251 0.48125 0.48125 0.48125 0.48125 0.48125 0.481249 0.481249 0.481249 0.481248 0.481248 0.481248 0.481247 0.481247 0.481247 0.481247 0.481246 0.481246 0.481246 0.481245 0.481245 0.481245 0.481245 0.481245 0.481244 0.481244 0.481244 0.481244 0.481244 0.481244 0.481244 0.481245 0.481245 0.481245 0.481245 0.481245 0.481245 
0.402319 0.402319 0.40232 0.40232 0.40232 0.40232 0.40232 0.40232 0.40232 0.40232 0.40232 0.402321 0.402321 0.402321 0.402321 0.402321 0.402321 0.402321 0.402321 0.402321 0.402321 0.402321 0.402321 0.402321 0.40232 0.40232 0.40232 0.40232 0.40232 0.40232 0.40232 0.40232 0.40232 0.402319 0.402319 0.402319 0.402319 0.402319 0.402319 0.402319 0.402319 0.402319 0.402319 0.402318 0.402318 0.402318 0.402318 0.402318 0.402318 0.402318 0.402318 0.402318 0.402318 0.402319 0.402319 0.402319 0.402319 0.402319 0.402319 0.402319 0.402319 0.402319 
0.318407 0.318407 0.318407 0.318407 0.318407 0.318407 0.318407 0.318407 0.318407 0.318407 0.318407 0.318407 0.318407 0.318407 0.318407 0.318407 0.318407 0.318407 0.318407 0.318407 0.318407 0.318407 0.318407 0.318407 0.318407 0.318407 0.318407 0.318407 0.318407 0.318407 0.318407 0.318407 0.318407 0.318407 0.318407 0.318407 0.318407 0.318407 0.318407 0.318407 0.318407 0.318407 0.318407 0.318407 0.318407 0.318407 0.318407 0.318407 0.318407 0.318407 0.318407 0.318407 0.318407 0.318407 0.318407 0.318407 0.318407 0.318407 0.318407 0.318407 0.318407 0.318407 
0.230445 0.230445 0.230445 0.230445 0.230445 0.230445 0.230445 0.230445 0.230445 0.230445 0.230445 0.230445 0.230445 0.230445 0.230445 0.230445 0.230445 0.230445 0.230445 0.230445 0.230445 0.230445 0.230446 0.230446 0.230446 0.230446 0.230446 0.230446 0.230446 0.230446 0.230446 0.230446 0.230446 0.230446 0.230446 0.230446 0.230446 0.230446 0.230446 0.230446 0.230446 0.230446 0.230446 0.230446 0.230446 0.230445 0.230445 0.230445 0.230445 0.230445 0.230445 0.230445 0.230445 0.230445 0.230445 0.230445 0.230445 0.230445 0.230445 0.230445 0.230445 0.230445 
0.139493 0.139493 0.139493 0.139493 0.139493 0.139493 0.139493 0.139493 0.139493 0.139493 0.139493 0.139493 0.139493 0.139493 0.139493 0.139493 0.139493 0.139493 0.139493 0.139493 0.139493 0.139493 0.139493 0.139493 0.139493 0.139493 0.139493 0.139493 0.139493 0.139493 0.139493 0.139493 0.139493 0.139493 0.139493 0.139493 0.139493 0.139493 0.139493 0.139493 0.139493 0.139493 0.139493 0.139493 0.139493 0.139493 0.139493 0.139493 0.139493 0.139493 0.139493 0.139493 0.139493 0.139493 0.139493 0.139493 0.139493 0.139493 0.139493 0.139493 0.139493 0.139493 
0.0467038 0.0467038 0.0467038 0.0467038 0.0467038 0.0467038 0.0467038 0.0467038 0.0467039 0.0467039 0.0467039 0.0467039 0.0467039 0.0467039 0.0467039 0.046704 0.046704 0.046704 0.046704 0.0467041 0.0467041 0.0467041 0.0467041 0.0467041 0.0467042 0.0467042 0.0467042 0.0467042 0.0467042 0.0467043 0.0467043 0.0467043 0.0467043 0.0467043 0.0467043 0.0467043 0.0467043 0.0467043 0.0467043 0.0467043 0.0467043 0.0467042 0.0467042 0.0467042 0.0467042 0.0467042 0.0467041 0.0467041 0.0467041 0.0467041 0.0467041 0.046704 0.046704 0.046704 0.046704 0.0467039 0.0467039 0.0467039 0.0467039 0.0467039 0.0467039 0.0467039 
