0.0465928 0.0465928 0.0465928 0.0465928 0.0465928 0.0465928 0.0465928 0.0465928 0.0465928 0.0465928 0.0465928 0.0465928 0.0465928 0.0465928 0.0465928 0.0465929 0.0465929 0.0465929 0.0465929 0.0465929 0.046593 0.046593 0.046593 0.046593 0.046593 0.0465931 0.0465931 0.0465931 0.0465931 0.0465931 0.0465932 0.0465932 0.0465932 0.0465932 0.0465932 0.0465932 0.0465932 0.0465932 0.0465932 0.0465932 0.0465932 0.0465932 0.0465932 0.0465932 0.0465931 0.0465931 0.0465931 0.0465931 0.0465931 0.046593 0.046593 0.046593 0.046593 0.046593 0.0465929 0.0465929 0.0465929 0.0465929 0.0465929 0.0465928 0.0465928 0.0465928 
0.139163 0.139163 0.139163 0.139163 0.139163 0.139163 0.139163 0.139163 0.139163 0.139163 0.139163 0.139163 0.139163 0.139163 0.139163 0.139163 0.139163 0.139163 0.139163 0.139164 0.139164 0.139164 0.139164 0.139164 0.139164 0.139164 0.139164 0.139164 0.139164 0.139164 0.139164 0.139164 0.139164 0.139164 0.139164 0.139164 0.139164 0.139164 0.139164 0.139164 0.139164 0.139164 0.139164 0.139164 0.139164 0.139164 0.139164 0.139164 0.139164 0.139163 0.139163 0.139163 0.139163 0.139163 0.139163 0.139163 0.139163 0.139163 0.139163 0.139163 0.139163 0.139163 
0.229908 0.229908 0.229908 0.229908 0.229908 0.229908 0.229908 0.229908 0.229908 0.229908 0.229908 0.229909 0.229909 0.229909 0.229909 0.229909 0.229909 0.229909 0.229909 0.229909 0.229909 0.229909 0.229909 0.229909 0.229909 0.229909 0.229909 0.229909 0.229909 0.229909 0.229909 0.229909 0.229909 0.229909 0.229909 0.229909 0.229909 0.229909 0.229909 0.229909 0.229909 0.229909 0.229909 0.229909 0.229909 0.229909 0.229909 0.229909 0.229909 0.229909 0.229909 0.229909 0.229909 0.229909 0.229909 0.229909 0.229909 0.229908 0.229908 0.229908 0.229908 0.229908 
0.31768 0.31768 0.31768 0.31768 0.31768 0.31768 0.31768 0.31768 0.31768 0.31768 0.31768 0.31768 0.31768 0.31768 0.31768 0.31768 0.31768 0.31768 0.31768 0.31768 0.31768 0.31768 0.31768 0.31768 0.317681 0.317681 0.317681 0.317681 0.317681 0.317681 0.317681 0.317681 0.317681 0.317681 0.317681 0.317681 0.317681 0.317681 0.317681 0.317681 0.317681 0.317681 0.317681 0.317681 0.317681 0.317681 0.31768 0.31768 0.31768 0.31768 0.31768 0.31768 0.31768 0.31768 0.31768 0.31768 0.31768 0.31768 0.31768 0.31768 0.31768 0.31768 
0.401425 0.401425 0.401425 0.401425 0.401425 0.401425 0.401425 0.401425 0.401425 0.401425 0.401425 0.401425 0.401425 0.401425 0.401425 0.401425 0.401425 0.401425 0.401425 0.401425 0.401425 0.401425 0.401425 0.401425 0.401425 0.401425 0.401425 0.401425 0.401425 0.401425 0.401425 0.401425 0.401425 0.401425 0.401425 0.401425 0.401425 0.401425 0.401425 0.401425 0.401425 0.401425 0.401425 0.401425 0.401425 0.401425 0.401425 0.401425 0.401425 0.401425 0.401425 0.401425 0.401425 0.401425 0.401425 0.401425 0.401425 0.401425 0.401425 0.401425 0.401425 0.401425 
0.480209 0.480209 0.480209 0.480209 0.480209 0.480209 0.480209 0.480209 0.480209 0.48021 0.48021 0.48021 0.48021 0.48021 0.48021 0.48021 0.48021 0.48021 0.48021 0.48021 0.48021 0.48021 0.48021 0.48021 0.48021 0.48021 0.48021 0.48021 0.48021 0.48021 0.480209 0.480209 0.480209 0.480209 0.480209 0.480209 0.480209 0.480209 0.480209 0.480208 0.480208 0.480208 0.480208 0.480208 0.480208 0.480208 0.480208 0.480208 0.480208 0.480208 0.480208 0.480208 0.480208 0.480208 0.480208 0.480208 0.480208 0.480208 0.480208 0.480208 0.480208 0.480208 
0.553232 0.553232 0.553232 0.553232 0.553233 0.553233 0.553233 0.553234 0.553234 0.553234 0.553235 0.553235 0.553235 0.553235 0.553236 0.553236 0.553236 0.553236 0.553236 0.553236 0.553237 0.553237 0.553237 0.553237 0.553237 0.553237 0.553236 0.553236 0.553236 0.553236 0.553236 0.553236 0.553235 0.553235 0.553235 0.553234 0.553234 0.553234 0.553234 0.553233 0.553233 0.553233 0.553232 0.553232 0.553232 0.553232 0.553231 0.553231 0.553231 0.553231 0.553231 0.553231 0.553231 0.553231 0.553231 0.553231 0.553231 0.553231 0.553231 0.553231 0.553231 0.553231 
0.619833 0.619833 0.619833 0.619833 0.619834 0.619834 0.619835 0.619835 0.619836 0.619836 0.619837 0.619838 0.619838 0.619839 0.619839 0.61984 0.61984 0.619841 0.619841 0.619842 0.619842 0.619842 0.619843 0.619843 0.619843 0.619843 0.619843 0.619843 0.619843 0.619843 0.619843 0.619843 0.619842 0.619842 0.619842 0.619841 0.619841 0.61984 0.61984 0.619839 0.619839 0.619838 0.619838 0.619837 0.619837 0.619836 0.619835 0.619835 0.619834 0.619834 0.619834 0.619833 0.619833 0.619833 0.619832 0.619832 0.619832 0.619832 0.619832 0.619832 0.619832 0.619832 
0.679483 0.679484 0.679484 0.679484 0.679484 0.679485 0.679485 0.679486 0.679486 0.679487 0.679488 0.679489 0.679489 0.67949 0.679491 0.679492 0.679493 0.679494 0.679495 0.679495 0.679496 0.679497 0.679498 0.679498 0.679499 0.6795 0.6795 0.6795 0.679501 0.679501 0.679501 0.679501 0.679501 0.679501 0.679501 0.6795 0.6795 0.679499 0.679499 0.679498 0.679497 0.679497 0.679496 0.679495 0.679494 0.679493 0.679492 0.679492 0.679491 0.67949 0.679489 0.679488 0.679487 0.679487 0.679486 0.679485 0.679485 0.679484 0.679484 0.679484 0.679484 0.679483 
0.731778 0.731777 0.731777 0.731777 0.731777 0.731777 0.731777 0.731778 0.731778 0.731779 0.731779 0.73178 0.731781 0.731782 0.731783 0.731784 0.731785 0.731786 0.731787 0.731788 0.73179 0.731791 0.731792 0.731793 0.731794 0.731795 0.731796 0.731797 0.731797 0.731798 0.731799 0.731799 0.7318 0.7318 0.7318 0.7318 0.7318 0.7318 0.731799 0.731799 0.731798 0.731797 0.731797 0.731796 0.731795 0.731794 0.731793 0.731792 0.731791 0.73179 0.731788 0.731787 0.731786 0.731785 0.731784 0.731783 0.731782 0.731781 0.73178 0.731779 0.731779 0.731778 
0.776411 0.77641 0.77641 0.776409 0.776409 0.776409 0.776408 0.776408 0.776409 0.776409 0.776409 0.77641 0.77641 0.776411 0.776412 0.776413 0.776414 0.776415 0.776416 0.776417 0.776418 0.776419 0.776421 0.776422 0.776423 0.776424 0.776426 0.776427 0.776428 0.776429 0.77643 0.77643 0.776431 0.776432 0.776432 0.776433 0.776433 0.776433 0.776433 0.776433 0.776433 0.776432 0.776432 0.776431 0.776431 0.77643 0.776429 0.776428 0.776427 0.776426 0.776425 0.776423 0.776422 0.776421 0.77642 0.776418 0.776417 0.776416 0.776415 0.776414 0.776413 0.776412 
0.813162 0.813161 0.81316 0.813159 0.813159 0.813158 0.813158 0.813158 0.813158 0.813158 0.813158 0.813158 0.813158 0.813159 0.813159 0.81316 0.813161 0.813161 0.813162 0.813163 0.813164 0.813165 0.813166 0.813167 0.813168 0.813169 0.81317 0.813171 0.813173 0.813173 0.813174 0.813175 0.813176 0.813177 0.813177 0.813178 0.813178 0.813179 0.813179 0.813179 0.813179 0.813179 0.813179 0.813178 0.813178 0.813178 0.813177 0.813176 0.813175 0.813175 0.813174 0.813173 0.813172 0.813171 0.81317 0.813168 0.813167 0.813166 0.813165 0.813164 0.813163 0.813162 
0.841873 0.841873 0.841872 0.841872 0.841872 0.841872 0.841871 0.841871 0.841871 0.841871 0.841871 0.841872 0.841872 0.841872 0.841872 0.841873 0.841873 0.841874 0.841874 0.841875 0.841875 0.841876 0.841877 0.841877 0.841878 0.841879 0.841879 0.84188 0.841881 0.841881 0.841882 0.841882 0.841883 0.841883 0.841883 0.841884 0.841884 0.841884 0.841884 0.841884 0.841884 0.841884 0.841884 0.841884 0.841883 0.841883 0.841883 0.841882 0.841882 0.841881 0.841881 0.84188 0.841879 0.841879 0.841878 0.841877 0.841877 0.841876 0.841875 0.841875 0.841874 0.841874 
0.862443 0.862443 0.862443 0.862444 0.862444 0.862444 0.862445 0.862445 0.862445 0.862446 0.862446 0.862447 0.862447 0.862447 0.862448 0.862448 0.862448 0.862449 0.862449 0.862449 0.862449 0.86245 0.86245 0.86245 0.86245 0.86245 0.86245 0.86245 0.86245 0.86245 0.86245 0.86245 0.86245 0.862449 0.862449 0.862449 0.862448 0.862448 0.862448 0.862447 0.862447 0.862447 0.862446 0.862446 0.862445 0.862445 0.862445 0.862444 0.862444 0.862444 0.862444 0.862443 0.862443 0.862443 0.862443 0.862443 0.862443 0.862443 0.862443 0.862443 0.862443 0.862443 
0.874808 0.874809 0.87481 0.874811 0.874812 0.874813 0.874814 0.874815 0.874815 0.874816 0.874817 0.874818 0.874818 0.874819 0.874819 0.87482 0.87482 0.87482 0.87482 0.87482 0.87482 0.87482 0.87482 0.874819 0.874819 0.874818 0.874817 0.874817 0.874816 0.874815 0.874814 0.874813 0.874812 0.874811 0.87481 0.874809 0.874808 0.874807 0.874807 0.874806 0.874805 0.874804 0.874803 0.874803 0.874802 0.874802 0.874801 0.874801 0.874801 0.874801 0.874801 0.874801 0.874801 0.874802 0.874802 0.874802 0.874803 0.874804 0.874804 0.874805 0.874806 0.874807 
0.878935 0.878937 0.878939 0.87894 0.878942 0.878943 0.878944 0.878946 0.878947 0.878948 0.878949 0.87895 0.87895 0.878951 0.878951 0.878951 0.878951 0.878951 0.878951 0.87895 0.87895 0.878949 0.878948 0.878947 0.878946 0.878945 0.878944 0.878942 0.878941 0.878939 0.878938 0.878936 0.878934 0.878933 0.878931 0.87893 0.878928 0.878927 0.878926 0.878925 0.878923 0.878923 0.878922 0.878921 0.878921 0.87892 0.87892 0.87892 0.87892 0.87892 0.878921 0.878922 0.878922 0.878923 0.878924 0.878925 0.878927 0.878928 0.878929 0.878931 0.878932 0.878934 
0.874816 0.874818 0.87482 0.874821 0.874823 0.874824 0.874826 0.874827 0.874828 0.874829 0.874829 0.87483 0.87483 0.87483 0.87483 0.87483 0.874829 0.874829 0.874828 0.874827 0.874825 0.874824 0.874822 0.874821 0.874819 0.874817 0.874815 0.874813 0.874811 0.874809 0.874808 0.874806 0.874804 0.874802 0.8748 0.874799 0.874797 0.874796 0.874795 0.874794 0.874793 0.874792 0.874792 0.874791 0.874791 0.874792 0.874792 0.874792 0.874793 0.874794 0.874795 0.874796 0.874798 0.874799 0.874801 0.874803 0.874804 0.874806 0.874808 0.87481 0.874812 0.874814 
0.86246 0.862462 0.862463 0.862464 0.862465 0.862466 0.862467 0.862468 0.862468 0.862468 0.862468 0.862467 0.862467 0.862466 0.862465 0.862464 0.862463 0.862461 0.86246 0.862458 0.862456 0.862454 0.862452 0.86245 0.862448 0.862446 0.862443 0.862441 0.862439 0.862437 0.862436 0.862434 0.862432 0.862431 0.862429 0.862428 0.862427 0.862427 0.862426 0.862426 0.862426 0.862426 0.862426 0.862427 0.862428 0.862429 0.86243 0.862431 0.862433 0.862434 0.862436 0.862438 0.86244 0.862442 0.862444 0.862446 0.862448 0.86245 0.862452 0.862454 0.862456 0.862458 
0.841898 0.841899 0.841899 0.8419 0.8419 0.8419 0.841899 0.841899 0.841898 0.841897 0.841896 0.841895 0.841893 0.841892 0.84189 0.841888 0.841886 0.841884 0.841882 0.841879 0.841877 0.841875 0.841873 0.841871 0.841869 0.841867 0.841865 0.841864 0.841862 0.841861 0.84186 0.841859 0.841858 0.841857 0.841857 0.841857 0.841857 0.841857 0.841858 0.841859 0.84186 0.841861 0.841862 0.841864 0.841865 0.841867 0.841869 0.841871 0.841873 0.841875 0.841877 0.84188 0.841882 0.841884 0.841886 0.841888 0.84189 0.841892 0.841893 0.841895 0.841896 0.841897 
0.81319 0.81319 0.813189 0.813188 0.813187 0.813186 0.813185 0.813183 0.813181 0.813179 0.813178 0.813176 0.813173 0.813171 0.813169 0.813167 0.813165 0.813163 0.813161 0.813159 0.813157 0.813155 0.813154 0.813152 0.813151 0.81315 0.813149 0.813149 0.813148 0.813148 0.813148 0.813148 0.813149 0.813149 0.81315 0.813151 0.813153 0.813154 0.813155 0.813157 0.813159 0.813161 0.813163 0.813165 0.813167 0.813169 0.813171 0.813174 0.813176 0.813178 0.81318 0.813181 0.813183 0.813185 0.813186 0.813187 0.813188 0.813189 0.81319 0.81319 0.81319 0.81319 
0.776437 0.776435 0.776434 0.776432 0.77643 0.776428 0.776426 0.776424 0.776422 0.77642 0.776418 0.776416 0.776414 0.776412 0.776411 0.776409 0.776408 0.776406 0.776405 0.776404 0.776403 0.776402 0.776402 0.776402 0.776402 0.776402 0.776402 0.776403 0.776403 0.776404 0.776406 0.776407 0.776408 0.77641 0.776412 0.776413 0.776415 0.776417 0.776419 0.776421 0.776423 0.776425 0.776427 0.776429 0.776431 0.776433 0.776434 0.776436 0.776437 0.776438 0.776439 0.77644 0.776441 0.776441 0.776442 0.776442 0.776442 0.776441 0.776441 0.77644 0.776439 0.776438 
0.731794 0.731792 0.73179 0.731789 0.731787 0.731785 0.731783 0.731782 0.73178 0.731779 0.731777 0.731776 0.731775 0.731774 0.731773 0.731773 0.731772 0.731772 0.731772 0.731772 0.731772 0.731773 0.731773 0.731774 0.731775 0.731776 0.731777 0.731779 0.73178 0.731782 0.731783 0.731785 0.731787 0.731789 0.73179 0.731792 0.731794 0.731796 0.731797 0.731799 0.7318 0.731802 0.731803 0.731804 0.731805 0.731806 0.731806 0.731807 0.731807 0.731807 0.731807 0.731807 0.731806 0.731806 0.731805 0.731804 0.731803 0.731802 0.7318 0.731799 0.731797 0.731796 
0.679489 0.679487 0.679486 0.679485 0.679484 0.679483 0.679482 0.679481 0.679481 0.67948 0.67948 0.679479 0.679479 0.679479 0.679479 0.67948 0.67948 0.679481 0.679481 0.679482 0.679483 0.679484 0.679485 0.679487 0.679488 0.679489 0.679491 0.679492 0.679493 0.679495 0.679496 0.679498 0.679499 0.6795 0.679501 0.679503 0.679504 0.679504 0.679505 0.679506 0.679506 0.679507 0.679507 0.679507 0.679507 0.679507 0.679507 0.679506 0.679506 0.679505 0.679504 0.679503 0.679502 0.679501 0.6795 0.679498 0.679497 0.679496 0.679494 0.679493 0.679491 0.67949 
0.619831 0.61983 0.61983 0.619829 0.619829 0.619829 0.619829 0.619829 0.619829 0.619829 0.619829 0.61983 0.61983 0.619831 0.619831 0.619832 0.619833 0.619834 0.619835 0.619836 0.619837 0.619838 0.619839 0.61984 0.61984 0.619841 0.619842 0.619843 0.619844 0.619845 0.619846 0.619846 0.619847 0.619847 0.619848 0.619848 0.619848 0.619848 0.619848 0.619848 0.619848 0.619848 0.619847 0.619847 0.619846 0.619846 0.619845 0.619844 0.619843 0.619843 0.619842 0.619841 0.61984 0.619839 0.619838 0.619837 0.619836 0.619835 0.619834 0.619833 0.619832 0.619831 
0.553228 0.553228 0.553228 0.553229 0.553229 0.553229 0.553229 0.55323 0.55323 0.55323 0.553231 0.553231 0.553232 0.553232 0.553233 0.553234 0.553234 0.553235 0.553235 0.553236 0.553237 0.553237 0.553238 0.553238 0.553239 0.553239 0.553239 0.55324 0.55324 0.55324 0.55324 0.553241 0.553241 0.55324 0.55324 0.55324 0.55324 0.55324 0.553239 0.553239 0.553239 0.553238 0.553238 0.553237 0.553236 0.553236 0.553235 0.553235 0.553234 0.553233 0.553233 0.553232 0.553232 0.553231 0.553231 0.55323 0.55323 0.553229 0.553229 0.553229 0.553229 0.553229 
0.480207 0.480207 0.480207 0.480207 0.480208 0.480208 0.480208 0.480208 0.480209 0.480209 0.480209 0.48021 0.48021 0.48021 0.480211 0.480211 0.480211 0.480211 0.480212 0.480212 0.480212 0.480212 0.480212 0.480213 0.480213 0.480213 0.480213 0.480213 0.480213 0.480213 0.480213 0.480212 0.480212 0.480212 0.480212 0.480212 0.480211 0.480211 0.480211 0.480211 0.48021 0.48021 0.48021 0.480209 0.480209 0.480209 0.480208 0.480208 0.480208 0.480208 0.480207 0.480207 0.480207 0.480207 0.480207 0.480207 0.480207 0.480207 0.480207 0.480207 0.480207 0.480207 
0.401425 0.401425 0.401425 0.401425 0.401425 0.401425 0.401425 0.401426 0.401426 0.401426 0.401426 0.401426 0.401426 0.401426 0.401426 0.401426 0.401426 0.401426 0.401427 0.401427 0.401427 0.401427 0.401427 0.401427 0.401427 0.401427 0.401427 0.401427 0.401426 0.401426 0.401426 0.401426 0.401426 0.401426 0.401426 0.401426 0.401426 0.401426 0.401425 0.401425 0.401425 0.401425 0.401425 0.401425 0.401425 0.401425 0.401425 0.401424 0.401424 0.401424 0.401424 0.401424 0.401424 0.401424 0.401424 0.401424 0.401424 0.401424 0.401424 0.401425 0.401425 0.401425 
0.317681 0.317681 0.317681 0.317681 0.317681 0.317681 0.317681 0.317681 0.317681 0.317681 0.317681 0.317681 0.317681 0.317681 0.317681 0.317681 0.317681 0.317681 0.317681 0.317681 0.317681 0.317681 0.317681 0.317681 0.317681 0.317681 0.317681 0.317681 0.317681 0.317681 0.317681 0.317681 0.317681 0.317681 0.317681 0.317681 0.317681 0.317681 0.317681 0.317681 0.317681 0.317681 0.317681 0.317681 0.317681 0.317681 0.317681 0.317681 0.317681 0.317681 0.317681 0.317681 0.317681 0.317681 0.317681 0.317681 0.317681 0.317681 0.317681 0.317681 0.317681 0.317681 
0.229909 0.229909 0.229909 0.229909 0.229909 0.229909 0.229909 0.229909 0.229909 0.229909 0.229909 0.229909 0.229909 0.229909 0.229909 0.229909 0.229909 0.229909 0.229909 0.229909 0.229909 0.229909 0.229909 0.229909 0.229909 0.229909 0.229909 0.229909 0.229909 0.229909 0.229909 0.229909 0.229909 0.229909 0.229909 0.229909 0.229909 0.229909 0.229909 0.229909 0.229909 0.229909 0.229909 0.229909 0.229909 0.229909 0.229909 0.229909 0.229909 0.229909 0.229909 0.229909 0.229909 0.229909 0.229909 0.229909 0.229909 0.229909 0.229909 0.229909 0.229909 0.229909 
0.139163 0.139163 0.139163 0.139163 0.139163 0.139163 0.139163 0.139163 0.139163 0.139163 0.139163 0.139163 0.139163 0.139163 0.139163 0.139163 0.139164 0.139164 0.139164 0.139164 0.139164 0.139164 0.139164 0.139164 0.139164 0.139164 0.139164 0.139164 0.139164 0.139164 0.139164 0.139164 0.139164 0.139164 0.139164 0.139164 0.139164 0.139164 0.139164 0.139164 0.139164 0.139164 0.139164 0.139164 0.139164 0.139164 0.139164 0.139164 0.139164 0.139164 0.139164 0.139164 0.139164 0.139164 0.139164 0.139164 0.139164 0.139164 0.139164 0.139163 0.139163 0.139163 
0.0465929 0.0465929 0.0465929 0.0465929 0.0465929 0.0465928 0.0465928 0.0465928 0.0465928 0.0465928 0.0465928 0.0465928 0.0465929 0.0465929 0.0465929 0.0465929 0.0465929 0.0465929 0.0465929 0.0465929 0.046593 0.046593 0.046593 0.046593 0.0465931 0.0465931 0.0465931 0.0465931 0.0465931 0.0465932 0.0465932 0.0465932 0.0465932 0.0465932 0.0465932 0.0465932 0.0465933 0.0465933 0.0465933 0.0465933 0.0465933 0.0465933 0.0465933 0.0465933 0.0465932 0.0465932 0.0465932 0.0465932 0.0465932 0.0465932 0.0465932 0.0465931 0.0465931 0.0465931 0.0465931 0.0465931 0.046593 0.046593 0.046593 0.046593 0.0465929 0.0465929 
