0.0590639 0.059064 0.0590637 0.0590628 0.0590616 0.0590601 0.0590582 0.0590559 0.0590534 0.0590506 0.0590475 0.0590442 0.0590406 0.0590369 0.0590331 0.0590291 0.0590251 0.0590211 0.0590171 0.0590131 0.0590093 0.0590056 0.0590021 0.0589989 0.0589958 0.0589931 0.0589907 0.0589886 0.0589869 0.0589855 0.0589845 0.058984 0.0589838 0.0589841 0.0589847 0.0589858 0.0589872 0.058989 0.0589912 0.0589937 0.0589965 0.0589996 0.0590029 0.0590064 0.0590102 0.059014 0.059018 0.0590219 0.059026 0.0590299 0.0590339 0.0590377 0.0590413 0.0590448 0.0590481 0.0590511 0.0590538 0.0590563 0.0590584 0.0590603 0.0590617 0.059063 
0.175173 0.175178 0.175181 0.175183 0.175184 0.175183 0.17518 0.175176 0.175171 0.175165 0.175157 0.175148 0.175139 0.175128 0.175117 0.175104 0.175092 0.175078 0.175065 0.175051 0.175037 0.175024 0.17501 0.174997 0.174985 0.174973 0.174962 0.174951 0.174942 0.174934 0.174927 0.174921 0.174916 0.174913 0.174911 0.174911 0.174912 0.174914 0.174918 0.174923 0.17493 0.174937 0.174946 0.174955 0.174966 0.174978 0.17499 0.175002 0.175016 0.175029 0.175043 0.175057 0.17507 0.175084 0.175097 0.175109 0.175121 0.175132 0.175142 0.175152 0.17516 0.175167 
0.285905 0.285921 0.285936 0.285949 0.28596 0.285969 0.285976 0.28598 0.285983 0.285983 0.285981 0.285977 0.285971 0.285963 0.285952 0.28594 0.285926 0.285911 0.285894 0.285876 0.285857 0.285836 0.285815 0.285794 0.285772 0.285751 0.285729 0.285708 0.285688 0.285668 0.285649 0.285632 0.285616 0.285602 0.285589 0.285578 0.28557 0.285563 0.285558 0.285556 0.285555 0.285557 0.285561 0.285568 0.285576 0.285586 0.285598 0.285612 0.285628 0.285645 0.285663 0.285682 0.285702 0.285723 0.285744 0.285766 0.285787 0.285809 0.28583 0.28585 0.285869 0.285888 
0.38937 0.389397 0.389424 0.38945 0.389475 0.389498 0.38952 0.389539 0.389557 0.389572 0.389585 0.389594 0.389602 0.389606 0.389608 0.389606 0.389602 0.389595 0.389585 0.389573 0.389558 0.389541 0.389522 0.3895 0.389477 0.389452 0.389426 0.3894 0.389372 0.389344 0.389315 0.389287 0.38926 0.389233 0.389207 0.389182 0.389159 0.389137 0.389118 0.389101 0.389086 0.389073 0.389063 0.389056 0.389052 0.389051 0.389052 0.389057 0.389064 0.389073 0.389086 0.389101 0.389118 0.389137 0.389159 0.389182 0.389207 0.389232 0.389259 0.389286 0.389314 0.389342 
0.484813 0.484845 0.484878 0.484911 0.484945 0.484978 0.485011 0.485044 0.485075 0.485104 0.485132 0.485158 0.485182 0.485202 0.485221 0.485236 0.485248 0.485257 0.485262 0.485264 0.485263 0.485258 0.48525 0.485239 0.485224 0.485207 0.485186 0.485163 0.485138 0.48511 0.485081 0.48505 0.485018 0.484985 0.484951 0.484918 0.484884 0.484851 0.484819 0.484788 0.484758 0.48473 0.484705 0.484681 0.48466 0.484642 0.484627 0.484616 0.484607 0.484602 0.4846 0.484602 0.484607 0.484615 0.484626 0.484641 0.484659 0.484679 0.484702 0.484727 0.484754 0.484783 
0.572036 0.572062 0.572091 0.572122 0.572155 0.57219 0.572226 0.572262 0.5723 0.572337 0.572374 0.57241 0.572445 0.572479 0.572511 0.572542 0.572569 0.572594 0.572616 0.572635 0.572651 0.572663 0.572671 0.572676 0.572677 0.572674 0.572667 0.572657 0.572643 0.572626 0.572605 0.572581 0.572555 0.572525 0.572494 0.572461 0.572426 0.57239 0.572353 0.572315 0.572278 0.572241 0.572205 0.572169 0.572135 0.572103 0.572073 0.572046 0.572021 0.571999 0.571981 0.571965 0.571954 0.571945 0.571941 0.571941 0.571944 0.571951 0.571961 0.571975 0.571993 0.572013 
0.651021 0.651034 0.651051 0.651071 0.651095 0.651121 0.651151 0.651182 0.651216 0.651251 0.651288 0.651325 0.651364 0.651402 0.65144 0.651478 0.651515 0.65155 0.651584 0.651615 0.651645 0.651671 0.651695 0.651715 0.651732 0.651745 0.651755 0.651761 0.651763 0.651761 0.651755 0.651746 0.651732 0.651715 0.651695 0.651671 0.651644 0.651615 0.651583 0.651549 0.651514 0.651477 0.651439 0.6514 0.651362 0.651323 0.651285 0.651249 0.651213 0.65118 0.651148 0.651119 0.651093 0.651069 0.651049 0.651033 0.65102 0.65101 0.651005 0.651003 0.651005 0.651011 
0.721773 0.721771 0.721773 0.721778 0.721787 0.7218 0.721816 0.721835 0.721858 0.721883 0.721911 0.721941 0.721973 0.722007 0.722042 0.722079 0.722115 0.722153 0.722189 0.722226 0.722261 0.722295 0.722328 0.722359 0.722387 0.722413 0.722436 0.722456 0.722472 0.722486 0.722495 0.722502 0.722504 0.722502 0.722497 0.722488 0.722476 0.72246 0.72244 0.722418 0.722392 0.722364 0.722333 0.722301 0.722267 0.722231 0.722195 0.722158 0.72212 0.722083 0.722047 0.722011 0.721977 0.721945 0.721914 0.721886 0.72186 0.721837 0.721818 0.721801 0.721788 0.721779 
0.784284 0.784268 0.784256 0.784247 0.784241 0.784239 0.784239 0.784244 0.784251 0.784262 0.784276 0.784293 0.784313 0.784335 0.78436 0.784387 0.784415 0.784446 0.784477 0.78451 0.784543 0.784576 0.784609 0.784642 0.784674 0.784705 0.784735 0.784763 0.784789 0.784813 0.784834 0.784852 0.784868 0.784881 0.78489 0.784896 0.784899 0.784898 0.784894 0.784887 0.784876 0.784862 0.784845 0.784825 0.784802 0.784777 0.78475 0.784721 0.78469 0.784659 0.784626 0.784593 0.784559 0.784526 0.784493 0.784461 0.78443 0.7844 0.784372 0.784346 0.784323 0.784302 
0.838523 0.8385 0.838478 0.838459 0.838442 0.838427 0.838414 0.838405 0.838398 0.838394 0.838393 0.838394 0.838399 0.838406 0.838417 0.83843 0.838445 0.838463 0.838483 0.838505 0.838528 0.838554 0.83858 0.838607 0.838635 0.838664 0.838692 0.838721 0.838749 0.838776 0.838802 0.838827 0.838851 0.838872 0.838892 0.838909 0.838924 0.838937 0.838947 0.838954 0.838958 0.838959 0.838957 0.838953 0.838945 0.838935 0.838922 0.838906 0.838888 0.838868 0.838846 0.838822 0.838797 0.83877 0.838743 0.838714 0.838686 0.838657 0.838629 0.838601 0.838574 0.838547 
0.884456 0.884431 0.884407 0.884383 0.88436 0.884337 0.884316 0.884297 0.884279 0.884263 0.884249 0.884237 0.884227 0.88422 0.884215 0.884213 0.884213 0.884216 0.884221 0.884229 0.884239 0.884251 0.884266 0.884282 0.8843 0.88432 0.884341 0.884363 0.884387 0.884411 0.884435 0.88446 0.884485 0.884509 0.884534 0.884557 0.884579 0.8846 0.88462 0.884638 0.884654 0.884668 0.88468 0.88469 0.884697 0.884702 0.884704 0.884704 0.884701 0.884696 0.884688 0.884678 0.884666 0.884651 0.884635 0.884616 0.884596 0.884575 0.884553 0.884529 0.884505 0.884481 
0.922054 0.922033 0.922011 0.921988 0.921964 0.921939 0.921915 0.92189 0.921866 0.921842 0.921819 0.921797 0.921776 0.921757 0.921739 0.921723 0.92171 0.921698 0.921689 0.921681 0.921677 0.921675 0.921675 0.921678 0.921683 0.92169 0.9217 0.921712 0.921727 0.921743 0.921761 0.92178 0.921801 0.921823 0.921847 0.92187 0.921895 0.921919 0.921944 0.921968 0.921992 0.922015 0.922038 0.922059 0.922078 0.922096 0.922112 0.922125 0.922137 0.922147 0.922154 0.922158 0.92216 0.92216 0.922157 0.922152 0.922144 0.922134 0.922122 0.922108 0.922092 0.922074 
0.951299 0.951285 0.951269 0.95125 0.951229 0.951206 0.951182 0.951157 0.95113 0.951102 0.951074 0.951046 0.951018 0.95099 0.950963 0.950937 0.950912 0.950888 0.950866 0.950846 0.950828 0.950813 0.9508 0.950789 0.950781 0.950776 0.950774 0.950775 0.950778 0.950784 0.950793 0.950805 0.950819 0.950835 0.950854 0.950875 0.950898 0.950922 0.950947 0.950974 0.951002 0.95103 0.951058 0.951086 0.951114 0.951141 0.951168 0.951193 0.951216 0.951238 0.951258 0.951276 0.951292 0.951305 0.951315 0.951323 0.951328 0.951331 0.95133 0.951326 0.95132 0.951311 
0.972186 0.972179 0.972169 0.972156 0.972139 0.97212 0.972098 0.972074 0.972048 0.972019 0.971989 0.971958 0.971926 0.971893 0.97186 0.971827 0.971794 0.971762 0.971731 0.971701 0.971673 0.971647 0.971623 0.971602 0.971583 0.971567 0.971555 0.971545 0.971539 0.971536 0.971536 0.97154 0.971546 0.971557 0.97157 0.971586 0.971606 0.971627 0.971652 0.971678 0.971706 0.971736 0.971768 0.9718 0.971833 0.971866 0.971899 0.971932 0.971964 0.971995 0.972025 0.972053 0.972079 0.972103 0.972124 0.972143 0.972159 0.972171 0.972181 0.972187 0.97219 0.97219 
0.984716 0.984715 0.984709 0.9847 0.984688 0.984672 0.984652 0.98463 0.984605 0.984577 0.984546 0.984514 0.98448 0.984444 0.984408 0.984371 0.984334 0.984297 0.98426 0.984225 0.98419 0.984158 0.984127 0.984099 0.984073 0.98405 0.98403 0.984013 0.984 0.983991 0.983985 0.983982 0.983984 0.983989 0.983998 0.984011 0.984027 0.984047 0.984069 0.984095 0.984123 0.984153 0.984185 0.984219 0.984255 0.984291 0.984328 0.984366 0.984403 0.984439 0.984475 0.984509 0.984542 0.984573 0.984601 0.984627 0.98465 0.98467 0.984686 0.984699 0.984709 0.984714 
0.988894 0.988894 0.988891 0.988883 0.988872 0.988857 0.988839 0.988817 0.988792 0.988765 0.988734 0.988701 0.988667 0.988631 0.988593 0.988555 0.988516 0.988477 0.988439 0.988401 0.988365 0.98833 0.988296 0.988265 0.988237 0.988211 0.988189 0.98817 0.988154 0.988142 0.988134 0.98813 0.988129 0.988133 0.98814 0.988152 0.988166 0.988185 0.988207 0.988232 0.98826 0.98829 0.988323 0.988358 0.988394 0.988431 0.98847 0.988509 0.988547 0.988586 0.988624 0.98866 0.988695 0.988728 0.988759 0.988788 0.988813 0.988835 0.988854 0.98887 0.988882 0.98889 
0.984721 0.98472 0.984714 0.984705 0.984693 0.984677 0.984657 0.984634 0.984609 0.98458 0.98455 0.984517 0.984483 0.984447 0.98441 0.984373 0.984335 0.984297 0.98426 0.984224 0.98419 0.984156 0.984125 0.984097 0.98407 0.984047 0.984027 0.98401 0.983996 0.983987 0.983981 0.983978 0.98398 0.983985 0.983995 0.984007 0.984024 0.984043 0.984066 0.984092 0.98412 0.984151 0.984184 0.984218 0.984254 0.984291 0.984328 0.984366 0.984404 0.984441 0.984477 0.984512 0.984545 0.984576 0.984604 0.984631 0.984654 0.984674 0.984691 0.984704 0.984714 0.984719 
0.972197 0.97219 0.97218 0.972166 0.972149 0.97213 0.972107 0.972083 0.972056 0.972026 0.971996 0.971964 0.971931 0.971897 0.971863 0.971828 0.971795 0.971761 0.971729 0.971699 0.97167 0.971643 0.971618 0.971596 0.971577 0.97156 0.971547 0.971537 0.97153 0.971527 0.971527 0.971531 0.971538 0.971548 0.971562 0.971578 0.971598 0.971621 0.971645 0.971673 0.971702 0.971733 0.971765 0.971798 0.971832 0.971866 0.9719 0.971934 0.971967 0.972 0.97203 0.972059 0.972086 0.972111 0.972133 0.972152 0.972168 0.972181 0.972191 0.972198 0.972201 0.972201 
0.951317 0.951303 0.951285 0.951266 0.951244 0.95122 0.951195 0.951168 0.95114 0.951111 0.951081 0.951052 0.951022 0.950992 0.950963 0.950935 0.950909 0.950883 0.95086 0.950838 0.950819 0.950802 0.950788 0.950776 0.950768 0.950762 0.950759 0.950759 0.950762 0.950769 0.950778 0.95079 0.950805 0.950822 0.950841 0.950863 0.950887 0.950912 0.950939 0.950968 0.950997 0.951026 0.951056 0.951086 0.951116 0.951145 0.951173 0.951199 0.951225 0.951248 0.95127 0.951289 0.951305 0.95132 0.951331 0.95134 0.951345 0.951348 0.951348 0.951345 0.951338 0.951329 
0.922078 0.922056 0.922033 0.922008 0.921982 0.921955 0.921929 0.921902 0.921875 0.921849 0.921823 0.921798 0.921775 0.921753 0.921733 0.921715 0.921699 0.921685 0.921673 0.921664 0.921658 0.921654 0.921653 0.921655 0.921659 0.921667 0.921676 0.921689 0.921703 0.92172 0.921739 0.921759 0.921782 0.921806 0.92183 0.921856 0.921883 0.92191 0.921937 0.921963 0.92199 0.922015 0.92204 0.922064 0.922086 0.922106 0.922124 0.92214 0.922154 0.922165 0.922174 0.922181 0.922184 0.922185 0.922183 0.922178 0.922171 0.922161 0.922149 0.922134 0.922118 0.922099 
0.884485 0.884457 0.88443 0.884403 0.884377 0.884351 0.884326 0.884303 0.884282 0.884262 0.884244 0.884229 0.884216 0.884205 0.884197 0.884192 0.88419 0.88419 0.884193 0.884199 0.884207 0.884218 0.884232 0.884248 0.884266 0.884286 0.884308 0.884331 0.884356 0.884382 0.884409 0.884436 0.884463 0.88449 0.884518 0.884544 0.88457 0.884594 0.884617 0.884639 0.884659 0.884677 0.884692 0.884705 0.884716 0.884724 0.884729 0.884731 0.884731 0.884727 0.884721 0.884713 0.884702 0.884688 0.884672 0.884654 0.884633 0.884612 0.884588 0.884563 0.884538 0.884511 
0.838549 0.838522 0.838496 0.838472 0.83845 0.838431 0.838414 0.838399 0.838388 0.838379 0.838374 0.838371 0.838372 0.838376 0.838383 0.838393 0.838406 0.838421 0.83844 0.838461 0.838484 0.838509 0.838535 0.838563 0.838593 0.838623 0.838654 0.838685 0.838715 0.838746 0.838776 0.838805 0.838832 0.838858 0.838882 0.838904 0.838924 0.838941 0.838956 0.838967 0.838976 0.838981 0.838984 0.838983 0.838979 0.838972 0.838961 0.838948 0.838932 0.838914 0.838893 0.83887 0.838845 0.838818 0.83879 0.83876 0.83873 0.838699 0.838668 0.838638 0.838607 0.838578 
0.7843 0.784279 0.784261 0.784246 0.784234 0.784226 0.784221 0.78422 0.784223 0.784229 0.784238 0.784251 0.784267 0.784287 0.784309 0.784334 0.784361 0.784391 0.784422 0.784455 0.784489 0.784524 0.784559 0.784594 0.78463 0.784664 0.784698 0.78473 0.784761 0.784789 0.784816 0.78484 0.784861 0.784879 0.784894 0.784906 0.784914 0.784919 0.78492 0.784918 0.784912 0.784902 0.784889 0.784872 0.784853 0.78483 0.784805 0.784778 0.784748 0.784716 0.784683 0.784649 0.784614 0.784579 0.784544 0.784508 0.784474 0.78444 0.784408 0.784378 0.784349 0.784323 
0.721769 0.721761 0.721756 0.721755 0.721758 0.721765 0.721776 0.721791 0.721809 0.72183 0.721855 0.721882 0.721912 0.721945 0.721979 0.722015 0.722053 0.722091 0.72213 0.722169 0.722207 0.722245 0.722282 0.722317 0.72235 0.722382 0.72241 0.722436 0.722459 0.722479 0.722495 0.722508 0.722517 0.722522 0.722522 0.722519 0.722512 0.722502 0.722487 0.722469 0.722447 0.722422 0.722394 0.722364 0.722331 0.722296 0.72226 0.722222 0.722184 0.722145 0.722106 0.722068 0.72203 0.721994 0.721958 0.721925 0.721894 0.721865 0.72184 0.721817 0.721798 0.721782 
0.650991 0.650999 0.65101 0.651025 0.651044 0.651066 0.651091 0.65112 0.651151 0.651185 0.65122 0.651258 0.651296 0.651336 0.651376 0.651416 0.651456 0.651495 0.651532 0.651569 0.651603 0.651636 0.651665 0.651692 0.651716 0.651736 0.651752 0.651765 0.651774 0.651779 0.65178 0.651777 0.651769 0.651758 0.651743 0.651724 0.651701 0.651676 0.651647 0.651615 0.651581 0.651546 0.651508 0.651469 0.65143 0.651389 0.651349 0.65131 0.651271 0.651233 0.651196 0.651162 0.65113 0.651101 0.651074 0.651051 0.651031 0.651015 0.651002 0.650993 0.650989 0.650988 
0.571984 0.572006 0.572031 0.572059 0.57209 0.572123 0.572158 0.572194 0.572232 0.57227 0.572309 0.572348 0.572386 0.572424 0.572461 0.572495 0.572529 0.572559 0.572587 0.572613 0.572635 0.572654 0.572669 0.572681 0.572689 0.572693 0.572693 0.572689 0.572681 0.572669 0.572653 0.572634 0.572612 0.572586 0.572558 0.572527 0.572494 0.572459 0.572422 0.572384 0.572346 0.572307 0.572268 0.572229 0.572192 0.572155 0.57212 0.572088 0.572057 0.572029 0.572004 0.571982 0.571964 0.571948 0.571937 0.57193 0.571926 0.571926 0.571931 0.571938 0.57195 0.571965 
0.484751 0.484782 0.484814 0.484847 0.484882 0.484917 0.484952 0.484987 0.485022 0.485055 0.485088 0.485118 0.485147 0.485174 0.485198 0.48522 0.485238 0.485253 0.485265 0.485274 0.485279 0.48528 0.485278 0.485273 0.485264 0.485251 0.485235 0.485216 0.485194 0.48517 0.485143 0.485113 0.485082 0.48505 0.485016 0.484981 0.484946 0.48491 0.484875 0.484841 0.484807 0.484775 0.484745 0.484716 0.484689 0.484666 0.484644 0.484626 0.484611 0.484599 0.484591 0.484586 0.484585 0.484587 0.484593 0.484602 0.484615 0.484631 0.48465 0.484671 0.484696 0.484722 
0.389316 0.389346 0.389376 0.389405 0.389433 0.389461 0.389487 0.389511 0.389534 0.389554 0.389573 0.389588 0.389601 0.389611 0.389619 0.389623 0.389624 0.389622 0.389617 0.38961 0.389599 0.389586 0.38957 0.389551 0.38953 0.389507 0.389483 0.389456 0.389429 0.3894 0.389371 0.389341 0.389311 0.389281 0.389252 0.389223 0.389196 0.38917 0.389146 0.389124 0.389103 0.389085 0.38907 0.389057 0.389047 0.38904 0.389036 0.389035 0.389037 0.389042 0.38905 0.38906 0.389074 0.38909 0.389108 0.389129 0.389152 0.389177 0.389203 0.38923 0.389258 0.389287 
0.285878 0.285898 0.285917 0.285934 0.28595 0.285963 0.285975 0.285984 0.285992 0.285997 0.285999 0.285999 0.285997 0.285993 0.285986 0.285977 0.285966 0.285953 0.285938 0.285921 0.285903 0.285883 0.285862 0.28584 0.285818 0.285795 0.285771 0.285748 0.285725 0.285702 0.28568 0.285659 0.285639 0.285621 0.285604 0.285588 0.285575 0.285563 0.285554 0.285547 0.285542 0.285539 0.285539 0.285541 0.285546 0.285553 0.285562 0.285573 0.285586 0.285601 0.285618 0.285636 0.285656 0.285677 0.285698 0.285721 0.285744 0.285767 0.28579 0.285813 0.285835 0.285857 
0.175172 0.175181 0.175187 0.175192 0.175196 0.175198 0.175198 0.175197 0.175194 0.17519 0.175184 0.175177 0.175169 0.175159 0.175149 0.175137 0.175124 0.175111 0.175096 0.175082 0.175067 0.175052 0.175036 0.175021 0.175006 0.174992 0.174978 0.174965 0.174952 0.174941 0.174931 0.174922 0.174914 0.174907 0.174902 0.174899 0.174897 0.174896 0.174898 0.1749 0.174904 0.17491 0.174917 0.174925 0.174935 0.174946 0.174957 0.17497 0.174984 0.174998 0.175012 0.175027 0.175042 0.175058 0.175073 0.175088 0.175102 0.175116 0.175129 0.175141 0.175153 0.175163 
0.0590701 0.0590712 0.0590719 0.0590719 0.0590715 0.0590706 0.0590692 0.0590674 0.0590652 0.0590626 0.0590596 0.0590562 0.0590525 0.0590485 0.0590442 0.0590397 0.0590351 0.0590303 0.0590255 0.0590207 0.0590158 0.0590111 0.0590065 0.059002 0.0589978 0.0589939 0.0589902 0.0589869 0.058984 0.0589814 0.0589794 0.0589777 0.0589766 0.0589759 0.0589757 0.058976 0.0589768 0.058978 0.0589798 0.058982 0.0589846 0.0589876 0.0589909 0.0589947 0.0589987 0.0590029 0.0590074 0.059012 0.0590168 0.0590216 0.0590264 0.0590312 0.0590359 0.0590405 0.0590449 0.0590491 0.059053 0.0590567 0.05906 0.059063 0.0590656 0.0590681 
