0.0463003 0.0463003 0.0463003 0.0463003 0.0463003 0.0463002 0.0463002 0.0463002 0.0463002 0.0463002 0.0463002 0.0463001 0.0463001 0.0463001 0.0463001 0.0463001 0.0463001 0.0463001 0.0463001 0.0463001 0.0463001 0.0463001 0.0463001 0.0463001 0.0463001 0.0463001 0.0463001 0.0463001 0.0463002 0.0463002 0.0463002 0.0463002 0.0463002 0.0463003 0.0463003 0.0463003 0.0463003 0.0463003 0.0463003 0.0463004 0.0463004 0.0463004 0.0463004 0.0463004 0.0463004 0.0463004 0.0463005 0.0463005 0.0463005 0.0463005 0.0463005 0.0463005 0.0463005 0.0463005 0.0463005 0.0463004 0.0463004 0.0463004 0.0463004 0.0463004 0.0463004 0.0463004 
0.138295 0.138295 0.138295 0.138295 0.138295 0.138295 0.138295 0.138295 0.138295 0.138295 0.138295 0.138295 0.138295 0.138295 0.138295 0.138295 0.138295 0.138295 0.138295 0.138295 0.138295 0.138295 0.138295 0.138295 0.138295 0.138295 0.138295 0.138295 0.138295 0.138295 0.138295 0.138295 0.138295 0.138295 0.138295 0.138295 0.138295 0.138295 0.138295 0.138296 0.138296 0.138296 0.138296 0.138296 0.138296 0.138296 0.138296 0.138296 0.138296 0.138296 0.138296 0.138296 0.138296 0.138296 0.138296 0.138295 0.138295 0.138295 0.138295 0.138295 0.138295 0.138295 
0.228494 0.228494 0.228494 0.228494 0.228494 0.228494 0.228494 0.228493 0.228493 0.228493 0.228493 0.228493 0.228493 0.228493 0.228493 0.228493 0.228493 0.228493 0.228493 0.228493 0.228493 0.228493 0.228493 0.228493 0.228493 0.228493 0.228494 0.228494 0.228494 0.228494 0.228494 0.228494 0.228494 0.228494 0.228494 0.228494 0.228494 0.228494 0.228494 0.228494 0.228494 0.228494 0.228494 0.228494 0.228494 0.228494 0.228494 0.228494 0.228494 0.228494 0.228494 0.228494 0.228494 0.228494 0.228494 0.228494 0.228494 0.228494 0.228494 0.228494 0.228494 0.228494 
0.315763 0.315763 0.315763 0.315763 0.315763 0.315763 0.315763 0.315763 0.315763 0.315763 0.315763 0.315763 0.315763 0.315763 0.315763 0.315763 0.315763 0.315763 0.315763 0.315763 0.315763 0.315763 0.315763 0.315763 0.315763 0.315763 0.315763 0.315763 0.315763 0.315763 0.315763 0.315763 0.315763 0.315763 0.315763 0.315763 0.315763 0.315763 0.315763 0.315763 0.315763 0.315763 0.315763 0.315763 0.315763 0.315763 0.315763 0.315763 0.315763 0.315763 0.315763 0.315763 0.315763 0.315763 0.315763 0.315763 0.315763 0.315763 0.315763 0.315763 0.315763 0.315763 
0.399061 0.399061 0.399061 0.399061 0.399061 0.399061 0.399061 0.399061 0.399061 0.399061 0.399061 0.399061 0.399061 0.399062 0.399062 0.399062 0.399062 0.399062 0.399062 0.399062 0.399062 0.399062 0.399062 0.399062 0.399062 0.399062 0.399062 0.399062 0.399062 0.399062 0.399062 0.399062 0.399062 0.399062 0.399062 0.399062 0.399062 0.399062 0.399062 0.399062 0.399062 0.399062 0.399062 0.399062 0.399062 0.399062 0.399062 0.399062 0.399062 0.399062 0.399062 0.399062 0.399062 0.399062 0.399062 0.399062 0.399062 0.399062 0.399062 0.399062 0.399062 0.399062 
0.477462 0.477462 0.477462 0.477462 0.477462 0.477462 0.477462 0.477462 0.477462 0.477462 0.477462 0.477463 0.477463 0.477463 0.477463 0.477463 0.477463 0.477463 0.477463 0.477463 0.477463 0.477464 0.477464 0.477464 0.477464 0.477464 0.477464 0.477464 0.477464 0.477464 0.477464 0.477464 0.477464 0.477464 0.477464 0.477464 0.477464 0.477464 0.477464 0.477464 0.477464 0.477464 0.477464 0.477464 0.477463 0.477463 0.477463 0.477463 0.477463 0.477463 0.477463 0.477463 0.477463 0.477463 0.477462 0.477462 0.477462 0.477462 0.477462 0.477462 0.477462 0.477462 
0.550168 0.550168 0.550168 0.550167 0.550167 0.550167 0.550167 0.550168 0.550168 0.550168 0.550168 0.550168 0.550168 0.550168 0.550169 0.550169 0.550169 0.550169 0.55017 0.55017 0.55017 0.55017 0.550171 0.550171 0.550171 0.550171 0.550172 0.550172 0.550172 0.550172 0.550172 0.550173 0.550173 0.550173 0.550173 0.550173 0.550173 0.550173 0.550173 0.550173 0.550173 0.550172 0.550172 0.550172 0.550172 0.550172 0.550171 0.550171 0.550171 0.550171 0.55017 0.55017 0.55017 0.55017 0.550169 0.550169 0.550169 0.550169 0.550168 0.550168 0.550168 0.550168 
0.616516 0.616516 0.616515 0.616515 0.616515 0.616514 0.616514 0.616514 0.616514 0.616514 0.616514 0.616514 0.616514 0.616515 0.616515 0.616515 0.616515 0.616516 0.616516 0.616517 0.616517 0.616518 0.616518 0.616519 0.616519 0.61652 0.61652 0.616521 0.616521 0.616522 0.616522 0.616523 0.616523 0.616523 0.616524 0.616524 0.616524 0.616524 0.616524 0.616524 0.616524 0.616524 0.616524 0.616524 0.616524 0.616524 0.616523 0.616523 0.616523 0.616522 0.616522 0.616521 0.616521 0.61652 0.61652 0.616519 0.616519 0.616518 0.616518 0.616517 0.616517 0.616516 
0.675974 0.675973 0.675972 0.675971 0.675971 0.67597 0.67597 0.675969 0.675969 0.675968 0.675968 0.675968 0.675968 0.675968 0.675968 0.675968 0.675968 0.675969 0.675969 0.675969 0.67597 0.675971 0.675971 0.675972 0.675973 0.675973 0.675974 0.675975 0.675976 0.675977 0.675977 0.675978 0.675979 0.67598 0.67598 0.675981 0.675982 0.675982 0.675983 0.675983 0.675983 0.675984 0.675984 0.675984 0.675984 0.675984 0.675984 0.675983 0.675983 0.675983 0.675982 0.675982 0.675981 0.675981 0.67598 0.675979 0.675978 0.675978 0.675977 0.675976 0.675975 0.675974 
0.728125 0.728124 0.728122 0.728121 0.72812 0.728119 0.728118 0.728118 0.728117 0.728116 0.728115 0.728115 0.728114 0.728114 0.728113 0.728113 0.728113 0.728113 0.728113 0.728113 0.728114 0.728114 0.728115 0.728115 0.728116 0.728117 0.728118 0.728119 0.728119 0.72812 0.728121 0.728123 0.728124 0.728125 0.728126 0.728127 0.728128 0.728129 0.72813 0.72813 0.728131 0.728132 0.728132 0.728133 0.728133 0.728134 0.728134 0.728134 0.728134 0.728134 0.728134 0.728133 0.728133 0.728132 0.728132 0.728131 0.72813 0.728129 0.728129 0.728128 0.728127 0.728126 
0.772653 0.772651 0.77265 0.772649 0.772648 0.772647 0.772646 0.772645 0.772644 0.772643 0.772642 0.772641 0.77264 0.772639 0.772638 0.772638 0.772637 0.772637 0.772637 0.772637 0.772637 0.772637 0.772637 0.772637 0.772638 0.772638 0.772639 0.77264 0.772641 0.772641 0.772642 0.772643 0.772645 0.772646 0.772647 0.772648 0.772649 0.77265 0.772651 0.772652 0.772653 0.772654 0.772655 0.772656 0.772657 0.772658 0.772658 0.772659 0.772659 0.772659 0.772659 0.772659 0.772659 0.772659 0.772659 0.772658 0.772658 0.772657 0.772656 0.772655 0.772655 0.772654 
0.809326 0.809325 0.809324 0.809323 0.809322 0.809321 0.80932 0.809319 0.809318 0.809317 0.809316 0.809315 0.809314 0.809314 0.809313 0.809312 0.809312 0.809311 0.809311 0.80931 0.80931 0.80931 0.80931 0.80931 0.80931 0.809311 0.809311 0.809312 0.809312 0.809313 0.809314 0.809314 0.809315 0.809316 0.809317 0.809318 0.809319 0.80932 0.809321 0.809322 0.809323 0.809324 0.809325 0.809326 0.809327 0.809327 0.809328 0.809329 0.809329 0.80933 0.80933 0.80933 0.80933 0.80933 0.80933 0.80933 0.80933 0.809329 0.809329 0.809328 0.809328 0.809327 
0.837982 0.837982 0.837981 0.837981 0.83798 0.837979 0.837979 0.837978 0.837977 0.837977 0.837976 0.837976 0.837975 0.837975 0.837974 0.837974 0.837973 0.837973 0.837973 0.837973 0.837973 0.837973 0.837973 0.837973 0.837973 0.837973 0.837973 0.837974 0.837974 0.837974 0.837975 0.837975 0.837976 0.837977 0.837977 0.837978 0.837978 0.837979 0.83798 0.83798 0.837981 0.837982 0.837982 0.837983 0.837983 0.837984 0.837984 0.837984 0.837985 0.837985 0.837985 0.837985 0.837985 0.837985 0.837985 0.837985 0.837985 0.837985 0.837984 0.837984 0.837983 0.837983 
0.858514 0.858514 0.858514 0.858513 0.858513 0.858513 0.858513 0.858513 0.858513 0.858512 0.858512 0.858512 0.858513 0.858513 0.858513 0.858513 0.858513 0.858513 0.858514 0.858514 0.858514 0.858514 0.858515 0.858515 0.858515 0.858516 0.858516 0.858517 0.858517 0.858517 0.858518 0.858518 0.858518 0.858518 0.858519 0.858519 0.858519 0.858519 0.858519 0.858519 0.858519 0.858519 0.858519 0.858519 0.858519 0.858519 0.858519 0.858519 0.858519 0.858518 0.858518 0.858518 0.858517 0.858517 0.858517 0.858516 0.858516 0.858516 0.858515 0.858515 0.858515 0.858514 
0.870855 0.870855 0.870855 0.870855 0.870855 0.870855 0.870856 0.870856 0.870857 0.870857 0.870858 0.870859 0.870859 0.87086 0.870861 0.870862 0.870863 0.870864 0.870864 0.870865 0.870866 0.870867 0.870867 0.870868 0.870869 0.870869 0.87087 0.87087 0.870871 0.870871 0.870871 0.870871 0.870871 0.870871 0.870871 0.870871 0.87087 0.87087 0.87087 0.870869 0.870868 0.870868 0.870867 0.870866 0.870866 0.870865 0.870864 0.870863 0.870862 0.870861 0.870861 0.87086 0.870859 0.870858 0.870858 0.870857 0.870856 0.870856 0.870856 0.870855 0.870855 0.870855 
0.874969 0.874969 0.87497 0.874971 0.874971 0.874972 0.874973 0.874974 0.874975 0.874977 0.874978 0.874979 0.874981 0.874982 0.874983 0.874985 0.874986 0.874987 0.874989 0.87499 0.874991 0.874992 0.874993 0.874994 0.874995 0.874995 0.874996 0.874996 0.874996 0.874996 0.874996 0.874996 0.874996 0.874995 0.874995 0.874994 0.874993 0.874992 0.874991 0.87499 0.874989 0.874987 0.874986 0.874985 0.874983 0.874982 0.87498 0.874979 0.874978 0.874976 0.874975 0.874974 0.874973 0.874972 0.874971 0.87497 0.87497 0.874969 0.874969 0.874969 0.874969 0.874969 
0.870848 0.870849 0.87085 0.870851 0.870852 0.870854 0.870855 0.870857 0.870859 0.87086 0.870862 0.870864 0.870866 0.870868 0.870869 0.870871 0.870872 0.870874 0.870875 0.870876 0.870878 0.870878 0.870879 0.87088 0.87088 0.870881 0.870881 0.870881 0.87088 0.87088 0.870879 0.870878 0.870878 0.870876 0.870875 0.870874 0.870872 0.870871 0.870869 0.870868 0.870866 0.870864 0.870862 0.87086 0.870859 0.870857 0.870855 0.870854 0.870852 0.870851 0.87085 0.870849 0.870848 0.870847 0.870846 0.870846 0.870846 0.870846 0.870846 0.870846 0.870846 0.870847 
0.858504 0.858506 0.858508 0.858509 0.858511 0.858513 0.858515 0.858517 0.858519 0.858521 0.858523 0.858525 0.858526 0.858528 0.858529 0.858531 0.858532 0.858533 0.858534 0.858535 0.858535 0.858535 0.858536 0.858536 0.858535 0.858535 0.858534 0.858533 0.858532 0.858531 0.85853 0.858528 0.858527 0.858525 0.858523 0.858522 0.85852 0.858518 0.858516 0.858514 0.858512 0.85851 0.858508 0.858506 0.858505 0.858503 0.858502 0.858501 0.8585 0.858499 0.858498 0.858498 0.858497 0.858497 0.858497 0.858497 0.858498 0.858499 0.858499 0.8585 0.858502 0.858503 
0.837976 0.837978 0.83798 0.837982 0.837984 0.837986 0.837988 0.837989 0.837991 0.837993 0.837994 0.837995 0.837996 0.837997 0.837998 0.837999 0.837999 0.837999 0.837999 0.837999 0.837999 0.837998 0.837997 0.837996 0.837995 0.837994 0.837992 0.837991 0.837989 0.837987 0.837985 0.837983 0.837981 0.837979 0.837977 0.837975 0.837973 0.837972 0.83797 0.837968 0.837967 0.837965 0.837964 0.837963 0.837962 0.837961 0.83796 0.83796 0.83796 0.83796 0.83796 0.837961 0.837961 0.837962 0.837963 0.837964 0.837966 0.837967 0.837969 0.83797 0.837972 0.837974 
0.809328 0.80933 0.809331 0.809333 0.809334 0.809336 0.809337 0.809338 0.809339 0.809339 0.80934 0.80934 0.80934 0.80934 0.80934 0.809339 0.809339 0.809338 0.809337 0.809336 0.809334 0.809333 0.809331 0.809329 0.809328 0.809326 0.809324 0.809322 0.80932 0.809318 0.809316 0.809314 0.809312 0.809311 0.809309 0.809308 0.809306 0.809305 0.809304 0.809303 0.809302 0.809302 0.809302 0.809302 0.809302 0.809302 0.809303 0.809303 0.809304 0.809305 0.809306 0.809308 0.809309 0.809311 0.809313 0.809314 0.809316 0.809318 0.80932 0.809322 0.809324 0.809326 
0.772664 0.772665 0.772665 0.772666 0.772667 0.772667 0.772667 0.772667 0.772667 0.772666 0.772666 0.772665 0.772664 0.772663 0.772662 0.77266 0.772659 0.772657 0.772656 0.772654 0.772652 0.77265 0.772648 0.772647 0.772645 0.772643 0.772641 0.77264 0.772638 0.772637 0.772635 0.772634 0.772633 0.772632 0.772632 0.772631 0.772631 0.772631 0.772631 0.772631 0.772631 0.772632 0.772633 0.772634 0.772635 0.772636 0.772637 0.772639 0.77264 0.772642 0.772644 0.772646 0.772647 0.772649 0.772651 0.772653 0.772655 0.772656 0.772658 0.77266 0.772661 0.772662 
0.72814 0.72814 0.72814 0.72814 0.728139 0.728139 0.728138 0.728137 0.728136 0.728135 0.728134 0.728132 0.728131 0.728129 0.728128 0.728126 0.728125 0.728123 0.728121 0.72812 0.728118 0.728117 0.728115 0.728114 0.728113 0.728112 0.728111 0.72811 0.72811 0.728109 0.728109 0.728109 0.728109 0.728109 0.728109 0.72811 0.72811 0.728111 0.728112 0.728113 0.728114 0.728115 0.728117 0.728118 0.72812 0.728121 0.728123 0.728124 0.728126 0.728128 0.728129 0.728131 0.728132 0.728134 0.728135 0.728136 0.728137 0.728138 0.728139 0.728139 0.72814 0.72814 
0.675988 0.675987 0.675986 0.675985 0.675984 0.675983 0.675982 0.675981 0.67598 0.675979 0.675977 0.675976 0.675975 0.675973 0.675972 0.675971 0.67597 0.675969 0.675968 0.675967 0.675966 0.675966 0.675965 0.675965 0.675964 0.675964 0.675964 0.675964 0.675965 0.675965 0.675965 0.675966 0.675967 0.675967 0.675968 0.675969 0.67597 0.675972 0.675973 0.675974 0.675975 0.675977 0.675978 0.675979 0.67598 0.675982 0.675983 0.675984 0.675985 0.675986 0.675987 0.675987 0.675988 0.675989 0.675989 0.675989 0.675989 0.675989 0.675989 0.675989 0.675989 0.675988 
0.616524 0.616523 0.616522 0.616522 0.616521 0.61652 0.616519 0.616518 0.616517 0.616516 0.616515 0.616515 0.616514 0.616513 0.616513 0.616512 0.616512 0.616512 0.616511 0.616511 0.616511 0.616511 0.616511 0.616512 0.616512 0.616512 0.616513 0.616513 0.616514 0.616515 0.616515 0.616516 0.616517 0.616518 0.616519 0.61652 0.616521 0.616521 0.616522 0.616523 0.616524 0.616525 0.616526 0.616526 0.616527 0.616527 0.616528 0.616528 0.616529 0.616529 0.616529 0.616529 0.616529 0.616529 0.616529 0.616528 0.616528 0.616527 0.616527 0.616526 0.616526 0.616525 
0.55017 0.55017 0.550169 0.550169 0.550168 0.550168 0.550167 0.550167 0.550167 0.550166 0.550166 0.550166 0.550166 0.550166 0.550166 0.550166 0.550166 0.550166 0.550166 0.550166 0.550166 0.550167 0.550167 0.550167 0.550168 0.550168 0.550169 0.550169 0.55017 0.550171 0.550171 0.550172 0.550172 0.550173 0.550173 0.550174 0.550174 0.550175 0.550175 0.550175 0.550176 0.550176 0.550176 0.550176 0.550176 0.550176 0.550176 0.550176 0.550176 0.550176 0.550176 0.550176 0.550175 0.550175 0.550174 0.550174 0.550174 0.550173 0.550173 0.550172 0.550171 0.550171 
0.477462 0.477462 0.477462 0.477462 0.477461 0.477461 0.477461 0.477461 0.477461 0.477461 0.477461 0.477461 0.477461 0.477461 0.477461 0.477462 0.477462 0.477462 0.477462 0.477462 0.477463 0.477463 0.477463 0.477463 0.477464 0.477464 0.477464 0.477465 0.477465 0.477465 0.477465 0.477466 0.477466 0.477466 0.477466 0.477466 0.477466 0.477467 0.477467 0.477467 0.477467 0.477467 0.477467 0.477467 0.477466 0.477466 0.477466 0.477466 0.477466 0.477466 0.477465 0.477465 0.477465 0.477465 0.477464 0.477464 0.477464 0.477463 0.477463 0.477463 0.477463 0.477462 
0.399061 0.399061 0.399061 0.399061 0.399061 0.399061 0.399061 0.399061 0.399061 0.399061 0.399061 0.399061 0.399062 0.399062 0.399062 0.399062 0.399062 0.399062 0.399062 0.399062 0.399062 0.399062 0.399063 0.399063 0.399063 0.399063 0.399063 0.399063 0.399063 0.399063 0.399063 0.399063 0.399063 0.399063 0.399063 0.399063 0.399063 0.399063 0.399063 0.399063 0.399063 0.399063 0.399063 0.399063 0.399063 0.399063 0.399063 0.399063 0.399063 0.399062 0.399062 0.399062 0.399062 0.399062 0.399062 0.399062 0.399062 0.399062 0.399062 0.399062 0.399061 0.399061 
0.315763 0.315763 0.315763 0.315763 0.315763 0.315763 0.315763 0.315763 0.315763 0.315763 0.315763 0.315763 0.315763 0.315763 0.315763 0.315763 0.315763 0.315763 0.315763 0.315763 0.315764 0.315764 0.315764 0.315764 0.315764 0.315764 0.315764 0.315764 0.315764 0.315764 0.315764 0.315764 0.315764 0.315764 0.315764 0.315764 0.315764 0.315764 0.315764 0.315764 0.315764 0.315764 0.315764 0.315764 0.315764 0.315764 0.315764 0.315764 0.315764 0.315764 0.315764 0.315764 0.315764 0.315764 0.315764 0.315763 0.315763 0.315763 0.315763 0.315763 0.315763 0.315763 
0.228494 0.228494 0.228494 0.228494 0.228494 0.228494 0.228494 0.228494 0.228494 0.228494 0.228494 0.228494 0.228494 0.228494 0.228494 0.228494 0.228494 0.228494 0.228494 0.228494 0.228494 0.228494 0.228494 0.228494 0.228494 0.228494 0.228494 0.228494 0.228494 0.228494 0.228494 0.228494 0.228494 0.228494 0.228494 0.228494 0.228494 0.228494 0.228494 0.228494 0.228494 0.228494 0.228494 0.228494 0.228494 0.228494 0.228494 0.228494 0.228494 0.228494 0.228494 0.228494 0.228494 0.228494 0.228494 0.228494 0.228494 0.228494 0.228494 0.228494 0.228494 0.228494 
0.138296 0.138296 0.138296 0.138296 0.138295 0.138295 0.138295 0.138295 0.138295 0.138295 0.138295 0.138295 0.138295 0.138295 0.138295 0.138295 0.138295 0.138295 0.138295 0.138295 0.138295 0.138295 0.138295 0.138295 0.138295 0.138295 0.138295 0.138295 0.138295 0.138295 0.138295 0.138295 0.138295 0.138295 0.138295 0.138295 0.138296 0.138296 0.138296 0.138296 0.138296 0.138296 0.138296 0.138296 0.138296 0.138296 0.138296 0.138296 0.138296 0.138296 0.138296 0.138296 0.138296 0.138296 0.138296 0.138296 0.138296 0.138296 0.138296 0.138296 0.138296 0.138296 
0.0463005 0.0463004 0.0463004 0.0463004 0.0463004 0.0463004 0.0463004 0.0463003 0.0463003 0.0463003 0.0463003 0.0463003 0.0463002 0.0463002 0.0463002 0.0463002 0.0463002 0.0463002 0.0463002 0.0463002 0.0463002 0.0463002 0.0463002 0.0463002 0.0463002 0.0463002 0.0463002 0.0463002 0.0463002 0.0463002 0.0463002 0.0463002 0.0463002 0.0463003 0.0463003 0.0463003 0.0463003 0.0463003 0.0463004 0.0463004 0.0463004 0.0463004 0.0463004 0.0463005 0.0463005 0.0463005 0.0463005 0.0463005 0.0463005 0.0463005 0.0463005 0.0463005 0.0463005 0.0463005 0.0463005 0.0463005 0.0463005 0.0463005 0.0463005 0.0463005 0.0463005 0.0463005 
