0.0460481 0.0460481 0.0460481 0.0460481 0.0460481 0.0460481 0.0460481 0.0460481 0.0460481 0.0460481 0.046048 0.046048 0.046048 0.046048 0.046048 0.046048 0.0460479 0.0460479 0.0460479 0.0460479 0.0460479 0.0460479 0.0460478 0.0460478 0.0460478 0.0460478 0.0460478 0.0460478 0.0460478 0.0460478 0.0460478 0.0460478 0.0460478 0.0460478 0.0460478 0.0460478 0.0460478 0.0460478 0.0460478 0.0460479 0.0460479 0.0460479 0.0460479 0.0460479 0.0460479 0.046048 0.046048 0.046048 0.046048 0.046048 0.046048 0.0460481 0.0460481 0.0460481 0.0460481 0.0460481 0.0460481 0.0460481 0.0460481 0.0460481 0.0460481 0.0460481 
0.137547 0.137547 0.137547 0.137547 0.137547 0.137547 0.137547 0.137547 0.137547 0.137547 0.137547 0.137547 0.137547 0.137547 0.137547 0.137547 0.137546 0.137546 0.137546 0.137546 0.137546 0.137546 0.137546 0.137546 0.137546 0.137546 0.137546 0.137546 0.137546 0.137546 0.137546 0.137546 0.137546 0.137546 0.137546 0.137546 0.137546 0.137546 0.137546 0.137547 0.137547 0.137547 0.137547 0.137547 0.137547 0.137547 0.137547 0.137547 0.137547 0.137547 0.137547 0.137547 0.137547 0.137547 0.137547 0.137547 0.137547 0.137547 0.137547 0.137547 0.137547 0.137547 
0.227273 0.227273 0.227273 0.227273 0.227273 0.227273 0.227273 0.227273 0.227273 0.227273 0.227273 0.227273 0.227273 0.227273 0.227273 0.227273 0.227273 0.227273 0.227273 0.227273 0.227272 0.227272 0.227272 0.227272 0.227272 0.227272 0.227272 0.227272 0.227272 0.227272 0.227272 0.227272 0.227272 0.227272 0.227272 0.227272 0.227273 0.227273 0.227273 0.227273 0.227273 0.227273 0.227273 0.227273 0.227273 0.227273 0.227273 0.227273 0.227273 0.227273 0.227273 0.227273 0.227273 0.227273 0.227273 0.227273 0.227273 0.227273 0.227273 0.227273 0.227273 0.227273 
0.314107 0.314107 0.314107 0.314107 0.314107 0.314107 0.314107 0.314107 0.314107 0.314107 0.314107 0.314107 0.314107 0.314107 0.314107 0.314107 0.314107 0.314107 0.314107 0.314107 0.314107 0.314107 0.314107 0.314107 0.314107 0.314107 0.314107 0.314107 0.314107 0.314107 0.314107 0.314107 0.314107 0.314107 0.314107 0.314107 0.314107 0.314107 0.314107 0.314107 0.314107 0.314107 0.314107 0.314107 0.314107 0.314107 0.314107 0.314107 0.314107 0.314107 0.314107 0.314107 0.314107 0.314107 0.314107 0.314107 0.314107 0.314107 0.314107 0.314107 0.314107 0.314107 
0.397018 0.397018 0.397018 0.397018 0.397018 0.397018 0.397018 0.397018 0.397018 0.397018 0.397018 0.397018 0.397018 0.397018 0.397018 0.397018 0.397018 0.397018 0.397018 0.397018 0.397018 0.397018 0.397018 0.397018 0.397018 0.397018 0.397018 0.397018 0.397018 0.397018 0.397018 0.397018 0.397018 0.397018 0.397018 0.397018 0.397018 0.397018 0.397018 0.397018 0.397018 0.397018 0.397018 0.397018 0.397019 0.397019 0.397019 0.397019 0.397019 0.397019 0.397019 0.397019 0.397019 0.397019 0.397019 0.397019 0.397018 0.397018 0.397018 0.397018 0.397018 0.397018 
0.475085 0.475085 0.475085 0.475085 0.475085 0.475085 0.475085 0.475085 0.475085 0.475085 0.475085 0.475085 0.475085 0.475085 0.475085 0.475085 0.475085 0.475085 0.475085 0.475085 0.475085 0.475085 0.475085 0.475085 0.475085 0.475085 0.475086 0.475086 0.475086 0.475086 0.475086 0.475086 0.475086 0.475086 0.475086 0.475086 0.475086 0.475086 0.475087 0.475087 0.475087 0.475087 0.475087 0.475087 0.475087 0.475087 0.475087 0.475087 0.475087 0.475086 0.475086 0.475086 0.475086 0.475086 0.475086 0.475086 0.475086 0.475086 0.475086 0.475086 0.475086 0.475086 
0.547514 0.547514 0.547514 0.547513 0.547513 0.547513 0.547513 0.547512 0.547512 0.547512 0.547512 0.547512 0.547512 0.547512 0.547512 0.547511 0.547511 0.547511 0.547512 0.547512 0.547512 0.547512 0.547512 0.547512 0.547512 0.547513 0.547513 0.547513 0.547513 0.547513 0.547514 0.547514 0.547514 0.547514 0.547515 0.547515 0.547515 0.547515 0.547516 0.547516 0.547516 0.547516 0.547516 0.547516 0.547516 0.547516 0.547516 0.547516 0.547516 0.547516 0.547516 0.547516 0.547516 0.547516 0.547516 0.547516 0.547515 0.547515 0.547515 0.547515 0.547515 0.547514 
0.61364 0.613639 0.613639 0.613639 0.613638 0.613638 0.613637 0.613637 0.613636 0.613636 0.613635 0.613635 0.613635 0.613634 0.613634 0.613634 0.613633 0.613633 0.613633 0.613633 0.613633 0.613633 0.613633 0.613633 0.613634 0.613634 0.613634 0.613634 0.613635 0.613635 0.613635 0.613636 0.613636 0.613637 0.613637 0.613638 0.613638 0.613639 0.613639 0.61364 0.61364 0.61364 0.613641 0.613641 0.613642 0.613642 0.613642 0.613642 0.613642 0.613643 0.613643 0.613643 0.613643 0.613643 0.613642 0.613642 0.613642 0.613642 0.613641 0.613641 0.613641 0.61364 
0.672924 0.672924 0.672923 0.672922 0.672922 0.672921 0.67292 0.67292 0.672919 0.672918 0.672917 0.672917 0.672916 0.672915 0.672915 0.672914 0.672913 0.672913 0.672912 0.672912 0.672912 0.672911 0.672911 0.672911 0.672911 0.672911 0.672911 0.672911 0.672912 0.672912 0.672912 0.672913 0.672913 0.672914 0.672915 0.672915 0.672916 0.672917 0.672917 0.672918 0.672919 0.67292 0.67292 0.672921 0.672922 0.672922 0.672923 0.672924 0.672924 0.672925 0.672925 0.672925 0.672925 0.672926 0.672926 0.672926 0.672926 0.672926 0.672925 0.672925 0.672925 0.672925 
0.724942 0.724942 0.724941 0.724941 0.72494 0.724939 0.724939 0.724938 0.724937 0.724936 0.724935 0.724934 0.724933 0.724932 0.724931 0.72493 0.724929 0.724928 0.724927 0.724927 0.724926 0.724925 0.724925 0.724924 0.724924 0.724923 0.724923 0.724923 0.724923 0.724923 0.724923 0.724924 0.724924 0.724924 0.724925 0.724926 0.724926 0.724927 0.724928 0.724929 0.72493 0.724931 0.724932 0.724933 0.724934 0.724934 0.724935 0.724936 0.724937 0.724938 0.724939 0.72494 0.72494 0.724941 0.724941 0.724942 0.724942 0.724942 0.724942 0.724942 0.724942 0.724942 
0.76937 0.76937 0.76937 0.76937 0.769369 0.769369 0.769368 0.769368 0.769367 0.769366 0.769365 0.769364 0.769363 0.769362 0.769361 0.76936 0.769359 0.769358 0.769357 0.769356 0.769355 0.769354 0.769353 0.769352 0.769351 0.769351 0.76935 0.76935 0.769349 0.769349 0.769349 0.769349 0.769349 0.769349 0.769349 0.76935 0.76935 0.769351 0.769352 0.769352 0.769353 0.769354 0.769355 0.769356 0.769357 0.769358 0.769359 0.76936 0.769361 0.769362 0.769364 0.769365 0.769365 0.769366 0.769367 0.769368 0.769369 0.769369 0.76937 0.76937 0.76937 0.76937 
0.805972 0.805972 0.805972 0.805972 0.805972 0.805972 0.805972 0.805971 0.805971 0.80597 0.805969 0.805969 0.805968 0.805967 0.805966 0.805965 0.805964 0.805963 0.805962 0.805961 0.80596 0.805959 0.805959 0.805958 0.805957 0.805956 0.805955 0.805955 0.805954 0.805954 0.805954 0.805953 0.805953 0.805953 0.805953 0.805953 0.805954 0.805954 0.805955 0.805955 0.805956 0.805956 0.805957 0.805958 0.805959 0.80596 0.805961 0.805962 0.805963 0.805963 0.805964 0.805965 0.805966 0.805967 0.805968 0.805969 0.80597 0.80597 0.805971 0.805971 0.805972 0.805972 
0.834581 0.834581 0.834581 0.834581 0.834581 0.834581 0.834581 0.83458 0.83458 0.83458 0.834579 0.834579 0.834578 0.834578 0.834577 0.834576 0.834576 0.834575 0.834575 0.834574 0.834573 0.834573 0.834572 0.834572 0.834571 0.834571 0.83457 0.83457 0.834569 0.834569 0.834569 0.834569 0.834569 0.834569 0.834569 0.834569 0.834569 0.834569 0.83457 0.83457 0.83457 0.834571 0.834571 0.834572 0.834572 0.834573 0.834574 0.834574 0.834575 0.834576 0.834576 0.834577 0.834577 0.834578 0.834579 0.834579 0.83458 0.83458 0.83458 0.834581 0.834581 0.834581 
0.855085 0.855085 0.855084 0.855084 0.855084 0.855083 0.855083 0.855083 0.855082 0.855082 0.855082 0.855081 0.855081 0.855081 0.855081 0.85508 0.85508 0.85508 0.85508 0.85508 0.85508 0.855079 0.855079 0.855079 0.855079 0.855079 0.85508 0.85508 0.85508 0.85508 0.85508 0.85508 0.855081 0.855081 0.855081 0.855082 0.855082 0.855082 0.855083 0.855083 0.855083 0.855084 0.855084 0.855084 0.855084 0.855085 0.855085 0.855085 0.855085 0.855086 0.855086 0.855086 0.855086 0.855086 0.855086 0.855086 0.855086 0.855086 0.855086 0.855085 0.855085 0.855085 
0.867411 0.867411 0.86741 0.867409 0.867409 0.867408 0.867408 0.867407 0.867407 0.867407 0.867406 0.867406 0.867406 0.867406 0.867406 0.867406 0.867407 0.867407 0.867407 0.867408 0.867408 0.867409 0.867409 0.86741 0.867411 0.867411 0.867412 0.867413 0.867413 0.867414 0.867415 0.867416 0.867416 0.867417 0.867418 0.867418 0.867419 0.867419 0.86742 0.86742 0.86742 0.867421 0.867421 0.867421 0.867421 0.867421 0.867421 0.86742 0.86742 0.86742 0.867419 0.867419 0.867418 0.867418 0.867417 0.867416 0.867416 0.867415 0.867414 0.867413 0.867413 0.867412 
0.871521 0.87152 0.871519 0.871518 0.871517 0.871517 0.871516 0.871516 0.871516 0.871516 0.871516 0.871516 0.871516 0.871516 0.871517 0.871518 0.871518 0.871519 0.87152 0.871521 0.871522 0.871523 0.871524 0.871526 0.871527 0.871528 0.871529 0.871531 0.871532 0.871533 0.871534 0.871535 0.871536 0.871537 0.871538 0.871539 0.871539 0.87154 0.87154 0.87154 0.87154 0.87154 0.87154 0.87154 0.87154 0.871539 0.871539 0.871538 0.871537 0.871536 0.871535 0.871534 0.871533 0.871532 0.87153 0.871529 0.871528 0.871527 0.871525 0.871524 0.871523 0.871522 
0.867401 0.8674 0.867399 0.867399 0.867398 0.867398 0.867398 0.867398 0.867398 0.867398 0.867399 0.867399 0.8674 0.867401 0.867402 0.867403 0.867405 0.867406 0.867407 0.867409 0.86741 0.867412 0.867414 0.867415 0.867417 0.867419 0.86742 0.867422 0.867423 0.867424 0.867425 0.867426 0.867427 0.867428 0.867429 0.867429 0.86743 0.86743 0.86743 0.86743 0.867429 0.867429 0.867428 0.867427 0.867426 0.867425 0.867424 0.867423 0.867421 0.86742 0.867418 0.867417 0.867415 0.867414 0.867412 0.86741 0.867409 0.867407 0.867406 0.867404 0.867403 0.867402 
0.855066 0.855066 0.855065 0.855065 0.855065 0.855066 0.855066 0.855067 0.855068 0.855069 0.85507 0.855071 0.855073 0.855074 0.855076 0.855077 0.855079 0.855081 0.855083 0.855084 0.855086 0.855088 0.85509 0.855091 0.855093 0.855094 0.855096 0.855097 0.855098 0.855099 0.8551 0.8551 0.855101 0.855101 0.855101 0.855101 0.8551 0.8551 0.855099 0.855098 0.855097 0.855096 0.855095 0.855094 0.855092 0.85509 0.855089 0.855087 0.855085 0.855083 0.855082 0.85508 0.855078 0.855076 0.855075 0.855073 0.855072 0.85507 0.855069 0.855068 0.855067 0.855066 
0.834558 0.834558 0.834559 0.83456 0.834561 0.834562 0.834563 0.834564 0.834566 0.834568 0.834569 0.834571 0.834573 0.834575 0.834577 0.834578 0.83458 0.834582 0.834584 0.834585 0.834587 0.834588 0.834589 0.834591 0.834592 0.834592 0.834593 0.834594 0.834594 0.834594 0.834594 0.834594 0.834593 0.834592 0.834592 0.834591 0.83459 0.834588 0.834587 0.834585 0.834584 0.834582 0.83458 0.834578 0.834577 0.834575 0.834573 0.834571 0.834569 0.834568 0.834566 0.834565 0.834563 0.834562 0.834561 0.83456 0.834559 0.834558 0.834558 0.834558 0.834557 0.834558 
0.80595 0.805952 0.805953 0.805955 0.805956 0.805958 0.80596 0.805961 0.805963 0.805965 0.805967 0.805969 0.80597 0.805972 0.805974 0.805975 0.805976 0.805978 0.805979 0.80598 0.80598 0.805981 0.805981 0.805981 0.805982 0.805981 0.805981 0.805981 0.80598 0.805979 0.805978 0.805977 0.805976 0.805974 0.805973 0.805971 0.805969 0.805968 0.805966 0.805964 0.805962 0.80596 0.805959 0.805957 0.805955 0.805954 0.805952 0.805951 0.80595 0.805949 0.805948 0.805947 0.805946 0.805946 0.805946 0.805946 0.805946 0.805946 0.805947 0.805947 0.805948 0.805949 
0.769356 0.769358 0.769359 0.769361 0.769363 0.769365 0.769366 0.769368 0.769369 0.769371 0.769372 0.769373 0.769374 0.769375 0.769376 0.769376 0.769377 0.769377 0.769377 0.769377 0.769377 0.769376 0.769376 0.769375 0.769374 0.769373 0.769372 0.769371 0.769369 0.769368 0.769366 0.769365 0.769363 0.769361 0.76936 0.769358 0.769356 0.769355 0.769353 0.769352 0.76935 0.769349 0.769348 0.769347 0.769346 0.769345 0.769345 0.769344 0.769344 0.769344 0.769344 0.769344 0.769345 0.769345 0.769346 0.769347 0.769348 0.769349 0.76935 0.769352 0.769353 0.769355 
0.724938 0.72494 0.724941 0.724942 0.724943 0.724944 0.724945 0.724946 0.724947 0.724947 0.724948 0.724948 0.724948 0.724948 0.724948 0.724948 0.724947 0.724947 0.724946 0.724945 0.724944 0.724943 0.724942 0.724941 0.724939 0.724938 0.724936 0.724935 0.724933 0.724932 0.724931 0.724929 0.724928 0.724926 0.724925 0.724924 0.724923 0.724922 0.724921 0.724921 0.72492 0.72492 0.724919 0.724919 0.724919 0.724919 0.72492 0.72492 0.724921 0.724921 0.724922 0.724923 0.724924 0.724926 0.724927 0.724928 0.72493 0.724931 0.724933 0.724934 0.724935 0.724937 
0.672928 0.672929 0.67293 0.67293 0.672931 0.672931 0.672931 0.672931 0.672931 0.672931 0.67293 0.67293 0.672929 0.672929 0.672928 0.672927 0.672926 0.672925 0.672924 0.672923 0.672922 0.672921 0.672919 0.672918 0.672917 0.672916 0.672915 0.672914 0.672913 0.672912 0.672911 0.67291 0.67291 0.672909 0.672909 0.672908 0.672908 0.672908 0.672908 0.672908 0.672908 0.672909 0.672909 0.67291 0.67291 0.672911 0.672912 0.672913 0.672914 0.672915 0.672916 0.672917 0.672918 0.672919 0.672921 0.672922 0.672923 0.672924 0.672925 0.672926 0.672927 0.672928 
0.613647 0.613647 0.613647 0.613647 0.613647 0.613646 0.613646 0.613645 0.613645 0.613644 0.613644 0.613643 0.613642 0.613641 0.613641 0.61364 0.613639 0.613638 0.613637 0.613637 0.613636 0.613635 0.613634 0.613634 0.613633 0.613632 0.613632 0.613632 0.613631 0.613631 0.613631 0.613631 0.613631 0.613631 0.613631 0.613631 0.613631 0.613632 0.613632 0.613633 0.613633 0.613634 0.613635 0.613635 0.613636 0.613637 0.613638 0.613639 0.613639 0.61364 0.613641 0.613642 0.613643 0.613643 0.613644 0.613645 0.613645 0.613646 0.613646 0.613646 0.613647 0.613647 
0.547519 0.547519 0.547519 0.547518 0.547518 0.547518 0.547517 0.547517 0.547516 0.547516 0.547515 0.547515 0.547514 0.547514 0.547513 0.547513 0.547512 0.547512 0.547511 0.547511 0.547511 0.54751 0.54751 0.54751 0.54751 0.54751 0.54751 0.54751 0.54751 0.54751 0.54751 0.54751 0.547511 0.547511 0.547511 0.547512 0.547512 0.547513 0.547513 0.547514 0.547514 0.547515 0.547515 0.547516 0.547516 0.547517 0.547517 0.547517 0.547518 0.547518 0.547519 0.547519 0.547519 0.547519 0.54752 0.54752 0.54752 0.54752 0.54752 0.54752 0.54752 0.547519 
0.475088 0.475087 0.475087 0.475087 0.475087 0.475086 0.475086 0.475086 0.475086 0.475085 0.475085 0.475085 0.475085 0.475085 0.475084 0.475084 0.475084 0.475084 0.475084 0.475084 0.475084 0.475084 0.475084 0.475084 0.475084 0.475084 0.475084 0.475084 0.475085 0.475085 0.475085 0.475085 0.475085 0.475086 0.475086 0.475086 0.475086 0.475087 0.475087 0.475087 0.475087 0.475088 0.475088 0.475088 0.475088 0.475088 0.475089 0.475089 0.475089 0.475089 0.475089 0.475089 0.475089 0.475089 0.475089 0.475089 0.475089 0.475089 0.475088 0.475088 0.475088 0.475088 
0.397019 0.397019 0.397019 0.397019 0.397019 0.397019 0.397018 0.397018 0.397018 0.397018 0.397018 0.397018 0.397018 0.397018 0.397018 0.397018 0.397018 0.397018 0.397018 0.397018 0.397018 0.397018 0.397018 0.397018 0.397018 0.397018 0.397018 0.397018 0.397019 0.397019 0.397019 0.397019 0.397019 0.397019 0.397019 0.397019 0.397019 0.397019 0.39702 0.39702 0.39702 0.39702 0.39702 0.39702 0.39702 0.39702 0.39702 0.39702 0.39702 0.39702 0.39702 0.39702 0.39702 0.39702 0.39702 0.39702 0.39702 0.397019 0.397019 0.397019 0.397019 0.397019 
0.314108 0.314108 0.314108 0.314108 0.314108 0.314108 0.314108 0.314108 0.314108 0.314108 0.314108 0.314107 0.314107 0.314107 0.314107 0.314107 0.314107 0.314107 0.314107 0.314107 0.314107 0.314107 0.314107 0.314107 0.314107 0.314108 0.314108 0.314108 0.314108 0.314108 0.314108 0.314108 0.314108 0.314108 0.314108 0.314108 0.314108 0.314108 0.314108 0.314108 0.314108 0.314108 0.314108 0.314108 0.314108 0.314108 0.314108 0.314108 0.314108 0.314108 0.314108 0.314108 0.314108 0.314108 0.314108 0.314108 0.314108 0.314108 0.314108 0.314108 0.314108 0.314108 
0.227273 0.227273 0.227273 0.227273 0.227273 0.227273 0.227273 0.227273 0.227273 0.227273 0.227273 0.227273 0.227273 0.227273 0.227273 0.227273 0.227273 0.227273 0.227273 0.227273 0.227273 0.227273 0.227273 0.227273 0.227273 0.227273 0.227273 0.227273 0.227273 0.227273 0.227273 0.227273 0.227273 0.227273 0.227273 0.227273 0.227273 0.227273 0.227273 0.227273 0.227273 0.227273 0.227273 0.227273 0.227273 0.227273 0.227273 0.227273 0.227273 0.227273 0.227273 0.227273 0.227273 0.227273 0.227273 0.227273 0.227273 0.227273 0.227273 0.227273 0.227273 0.227273 
0.137547 0.137547 0.137547 0.137547 0.137547 0.137547 0.137547 0.137547 0.137547 0.137547 0.137547 0.137547 0.137547 0.137547 0.137547 0.137547 0.137547 0.137547 0.137547 0.137547 0.137547 0.137547 0.137547 0.137547 0.137547 0.137547 0.137547 0.137547 0.137547 0.137547 0.137547 0.137547 0.137547 0.137547 0.137547 0.137547 0.137547 0.137547 0.137547 0.137547 0.137547 0.137547 0.137547 0.137547 0.137547 0.137547 0.137547 0.137547 0.137547 0.137547 0.137547 0.137547 0.137547 0.137547 0.137547 0.137547 0.137547 0.137547 0.137547 0.137547 0.137547 0.137547 
0.0460482 0.0460482 0.0460482 0.0460482 0.0460482 0.0460482 0.0460482 0.0460482 0.0460482 0.0460482 0.0460482 0.0460481 0.0460481 0.0460481 0.0460481 0.0460481 0.0460481 0.0460481 0.046048 0.046048 0.046048 0.046048 0.046048 0.0460479 0.0460479 0.0460479 0.0460479 0.0460479 0.0460479 0.0460479 0.0460479 0.0460479 0.0460479 0.0460479 0.0460479 0.0460479 0.0460479 0.0460479 0.0460479 0.0460479 0.0460479 0.0460479 0.0460479 0.0460479 0.046048 0.046048 0.046048 0.046048 0.046048 0.046048 0.0460481 0.0460481 0.0460481 0.0460481 0.0460481 0.0460481 0.0460482 0.0460482 0.0460482 0.0460482 0.0460482 0.0460482 
