0.045941 0.045941 0.045941 0.045941 0.045941 0.045941 0.045941 0.045941 0.045941 0.045941 0.045941 0.045941 0.045941 0.045941 0.045941 0.045941 0.0459409 0.0459409 0.0459409 0.0459409 0.0459409 0.0459409 0.0459408 0.0459408 0.0459408 0.0459408 0.0459408 0.0459408 0.0459407 0.0459407 0.0459407 0.0459407 0.0459407 0.0459407 0.0459407 0.0459407 0.0459407 0.0459407 0.0459407 0.0459407 0.0459407 0.0459407 0.0459408 0.0459408 0.0459408 0.0459408 0.0459408 0.0459408 0.0459408 0.0459409 0.0459409 0.0459409 0.0459409 0.0459409 0.0459409 0.045941 0.045941 0.045941 0.045941 0.045941 0.045941 0.045941 
0.137229 0.137229 0.137229 0.137229 0.137229 0.137229 0.137229 0.137229 0.137229 0.137229 0.137229 0.137229 0.137229 0.137229 0.137229 0.137229 0.137229 0.137229 0.137229 0.137229 0.137229 0.137229 0.137229 0.137229 0.137229 0.137229 0.137229 0.137229 0.137229 0.137229 0.137229 0.137229 0.137229 0.137229 0.137229 0.137229 0.137229 0.137229 0.137229 0.137229 0.137229 0.137229 0.137229 0.137229 0.137229 0.137229 0.137229 0.137229 0.137229 0.137229 0.137229 0.137229 0.137229 0.137229 0.137229 0.137229 0.137229 0.137229 0.137229 0.137229 0.137229 0.137229 
0.226755 0.226755 0.226755 0.226755 0.226755 0.226755 0.226754 0.226754 0.226754 0.226754 0.226754 0.226754 0.226754 0.226754 0.226754 0.226754 0.226754 0.226754 0.226754 0.226754 0.226754 0.226754 0.226754 0.226754 0.226754 0.226754 0.226754 0.226754 0.226754 0.226754 0.226754 0.226754 0.226754 0.226754 0.226754 0.226754 0.226754 0.226754 0.226754 0.226754 0.226754 0.226754 0.226754 0.226754 0.226754 0.226754 0.226754 0.226754 0.226754 0.226754 0.226754 0.226754 0.226754 0.226754 0.226754 0.226754 0.226754 0.226754 0.226755 0.226755 0.226755 0.226755 
0.313404 0.313404 0.313404 0.313404 0.313404 0.313404 0.313404 0.313404 0.313404 0.313404 0.313404 0.313404 0.313404 0.313404 0.313404 0.313404 0.313404 0.313404 0.313404 0.313404 0.313403 0.313403 0.313403 0.313403 0.313403 0.313403 0.313403 0.313403 0.313403 0.313403 0.313403 0.313403 0.313403 0.313403 0.313403 0.313403 0.313403 0.313403 0.313403 0.313403 0.313403 0.313403 0.313403 0.313403 0.313403 0.313403 0.313403 0.313403 0.313404 0.313404 0.313404 0.313404 0.313404 0.313404 0.313404 0.313404 0.313404 0.313404 0.313404 0.313404 0.313404 0.313404 
0.39615 0.39615 0.39615 0.396149 0.396149 0.396149 0.396149 0.396149 0.396149 0.396149 0.396149 0.396149 0.396149 0.396149 0.396149 0.396149 0.396149 0.396149 0.396149 0.396149 0.396149 0.396149 0.396149 0.396149 0.396149 0.396149 0.396149 0.396149 0.396149 0.396149 0.396149 0.396149 0.396149 0.396149 0.396149 0.396149 0.396149 0.396149 0.396149 0.396149 0.396149 0.396149 0.396149 0.396149 0.39615 0.39615 0.39615 0.39615 0.39615 0.39615 0.39615 0.39615 0.39615 0.39615 0.39615 0.39615 0.39615 0.39615 0.39615 0.39615 0.39615 0.39615 
0.474074 0.474074 0.474074 0.474074 0.474074 0.474074 0.474073 0.474073 0.474073 0.474073 0.474073 0.474073 0.474073 0.474073 0.474073 0.474073 0.474073 0.474073 0.474073 0.474073 0.474073 0.474073 0.474073 0.474073 0.474073 0.474073 0.474073 0.474073 0.474073 0.474074 0.474074 0.474074 0.474074 0.474074 0.474074 0.474074 0.474074 0.474074 0.474074 0.474074 0.474074 0.474075 0.474075 0.474075 0.474075 0.474075 0.474075 0.474075 0.474075 0.474075 0.474075 0.474075 0.474075 0.474075 0.474075 0.474075 0.474075 0.474074 0.474074 0.474074 0.474074 0.474074 
0.546384 0.546383 0.546383 0.546383 0.546383 0.546382 0.546382 0.546382 0.546382 0.546382 0.546381 0.546381 0.546381 0.546381 0.546381 0.54638 0.54638 0.54638 0.54638 0.54638 0.54638 0.54638 0.54638 0.54638 0.54638 0.54638 0.54638 0.546381 0.546381 0.546381 0.546381 0.546381 0.546382 0.546382 0.546382 0.546382 0.546382 0.546383 0.546383 0.546383 0.546383 0.546384 0.546384 0.546384 0.546384 0.546384 0.546384 0.546385 0.546385 0.546385 0.546385 0.546385 0.546385 0.546385 0.546385 0.546385 0.546385 0.546385 0.546384 0.546384 0.546384 0.546384 
0.612413 0.612413 0.612412 0.612412 0.612412 0.612411 0.612411 0.61241 0.61241 0.612409 0.612409 0.612408 0.612408 0.612408 0.612407 0.612407 0.612406 0.612406 0.612406 0.612405 0.612405 0.612405 0.612405 0.612405 0.612405 0.612405 0.612405 0.612405 0.612405 0.612405 0.612405 0.612406 0.612406 0.612406 0.612407 0.612407 0.612407 0.612408 0.612408 0.612409 0.612409 0.61241 0.61241 0.612411 0.612411 0.612411 0.612412 0.612412 0.612413 0.612413 0.612413 0.612413 0.612414 0.612414 0.612414 0.612414 0.612414 0.612414 0.612414 0.612414 0.612413 0.612413 
0.671621 0.67162 0.67162 0.67162 0.671619 0.671619 0.671618 0.671618 0.671617 0.671617 0.671616 0.671615 0.671615 0.671614 0.671613 0.671612 0.671612 0.671611 0.67161 0.67161 0.671609 0.671609 0.671608 0.671608 0.671607 0.671607 0.671607 0.671607 0.671606 0.671606 0.671606 0.671607 0.671607 0.671607 0.671607 0.671608 0.671608 0.671609 0.671609 0.67161 0.671611 0.671611 0.671612 0.671613 0.671613 0.671614 0.671615 0.671615 0.671616 0.671617 0.671617 0.671618 0.671619 0.671619 0.67162 0.67162 0.67162 0.67162 0.671621 0.671621 0.671621 0.671621 
0.723579 0.723579 0.723579 0.723579 0.723579 0.723579 0.723578 0.723578 0.723577 0.723577 0.723576 0.723575 0.723575 0.723574 0.723573 0.723572 0.723571 0.72357 0.723569 0.723568 0.723567 0.723566 0.723565 0.723565 0.723564 0.723563 0.723563 0.723562 0.723561 0.723561 0.723561 0.723561 0.72356 0.72356 0.723561 0.723561 0.723561 0.723561 0.723562 0.723562 0.723563 0.723564 0.723564 0.723565 0.723566 0.723567 0.723568 0.723569 0.72357 0.723571 0.723572 0.723573 0.723574 0.723574 0.723575 0.723576 0.723577 0.723577 0.723578 0.723578 0.723579 0.723579 
0.767963 0.767964 0.767964 0.767964 0.767964 0.767964 0.767964 0.767964 0.767964 0.767963 0.767963 0.767962 0.767962 0.767961 0.76796 0.767959 0.767958 0.767957 0.767956 0.767955 0.767954 0.767953 0.767952 0.767951 0.76795 0.767949 0.767948 0.767947 0.767947 0.767946 0.767945 0.767945 0.767944 0.767944 0.767944 0.767944 0.767944 0.767944 0.767944 0.767944 0.767945 0.767945 0.767946 0.767946 0.767947 0.767948 0.767949 0.76795 0.767951 0.767952 0.767953 0.767954 0.767955 0.767956 0.767957 0.767958 0.767959 0.76796 0.767961 0.767961 0.767962 0.767963 
0.804534 0.804535 0.804535 0.804536 0.804536 0.804536 0.804536 0.804536 0.804536 0.804536 0.804536 0.804535 0.804535 0.804534 0.804534 0.804533 0.804532 0.804532 0.804531 0.80453 0.804529 0.804528 0.804527 0.804526 0.804525 0.804524 0.804523 0.804523 0.804522 0.804521 0.80452 0.80452 0.804519 0.804519 0.804518 0.804518 0.804518 0.804518 0.804517 0.804518 0.804518 0.804518 0.804518 0.804519 0.804519 0.80452 0.804521 0.804521 0.804522 0.804523 0.804524 0.804525 0.804526 0.804527 0.804528 0.804529 0.80453 0.80453 0.804531 0.804532 0.804533 0.804534 
0.833123 0.833124 0.833124 0.833124 0.833125 0.833125 0.833125 0.833125 0.833125 0.833125 0.833124 0.833124 0.833124 0.833123 0.833123 0.833123 0.833122 0.833122 0.833121 0.83312 0.83312 0.833119 0.833119 0.833118 0.833117 0.833117 0.833116 0.833116 0.833115 0.833114 0.833114 0.833114 0.833113 0.833113 0.833113 0.833112 0.833112 0.833112 0.833112 0.833112 0.833112 0.833113 0.833113 0.833113 0.833114 0.833114 0.833114 0.833115 0.833115 0.833116 0.833117 0.833117 0.833118 0.833118 0.833119 0.83312 0.83312 0.833121 0.833121 0.833122 0.833123 0.833123 
0.853616 0.853616 0.853616 0.853616 0.853615 0.853615 0.853615 0.853615 0.853614 0.853614 0.853614 0.853614 0.853613 0.853613 0.853613 0.853612 0.853612 0.853612 0.853611 0.853611 0.853611 0.853611 0.85361 0.85361 0.85361 0.85361 0.85361 0.85361 0.85361 0.85361 0.85361 0.85361 0.85361 0.85361 0.85361 0.85361 0.853611 0.853611 0.853611 0.853611 0.853612 0.853612 0.853612 0.853613 0.853613 0.853613 0.853614 0.853614 0.853614 0.853615 0.853615 0.853615 0.853615 0.853616 0.853616 0.853616 0.853616 0.853616 0.853616 0.853616 0.853616 0.853616 
0.865938 0.865937 0.865937 0.865936 0.865935 0.865935 0.865934 0.865933 0.865933 0.865932 0.865932 0.865931 0.865931 0.86593 0.86593 0.86593 0.86593 0.86593 0.86593 0.86593 0.86593 0.86593 0.86593 0.865931 0.865931 0.865932 0.865932 0.865933 0.865933 0.865934 0.865935 0.865935 0.865936 0.865937 0.865937 0.865938 0.865939 0.865939 0.86594 0.865941 0.865941 0.865942 0.865942 0.865942 0.865943 0.865943 0.865943 0.865943 0.865943 0.865943 0.865943 0.865943 0.865943 0.865943 0.865942 0.865942 0.865942 0.865941 0.865941 0.86594 0.865939 0.865939 
0.870047 0.870046 0.870045 0.870044 0.870043 0.870042 0.870041 0.87004 0.870039 0.870039 0.870038 0.870038 0.870037 0.870037 0.870037 0.870037 0.870037 0.870037 0.870038 0.870038 0.870039 0.87004 0.87004 0.870041 0.870042 0.870043 0.870044 0.870045 0.870047 0.870048 0.870049 0.87005 0.870051 0.870053 0.870054 0.870055 0.870056 0.870057 0.870058 0.870058 0.870059 0.87006 0.87006 0.87006 0.870061 0.870061 0.870061 0.870061 0.87006 0.87006 0.870059 0.870059 0.870058 0.870057 0.870056 0.870055 0.870054 0.870053 0.870052 0.870051 0.87005 0.870049 
0.865931 0.865929 0.865928 0.865927 0.865926 0.865925 0.865924 0.865923 0.865922 0.865922 0.865922 0.865921 0.865921 0.865922 0.865922 0.865922 0.865923 0.865924 0.865925 0.865926 0.865927 0.865928 0.865929 0.865931 0.865932 0.865934 0.865935 0.865937 0.865939 0.86594 0.865942 0.865943 0.865944 0.865946 0.865947 0.865948 0.865949 0.86595 0.865951 0.865951 0.865952 0.865952 0.865952 0.865952 0.865952 0.865952 0.865951 0.865951 0.86595 0.865949 0.865948 0.865947 0.865945 0.865944 0.865943 0.865941 0.86594 0.865938 0.865937 0.865935 0.865934 0.865932 
0.853601 0.8536 0.853599 0.853598 0.853597 0.853597 0.853596 0.853596 0.853596 0.853596 0.853597 0.853597 0.853598 0.853599 0.8536 0.853601 0.853602 0.853603 0.853605 0.853606 0.853608 0.85361 0.853611 0.853613 0.853615 0.853617 0.853618 0.85362 0.853621 0.853623 0.853624 0.853626 0.853627 0.853628 0.853629 0.853629 0.85363 0.85363 0.853631 0.853631 0.85363 0.85363 0.85363 0.853629 0.853628 0.853627 0.853626 0.853625 0.853623 0.853622 0.85362 0.853619 0.853617 0.853615 0.853614 0.853612 0.85361 0.853608 0.853607 0.853605 0.853604 0.853602 
0.833102 0.833102 0.833102 0.833101 0.833102 0.833102 0.833102 0.833103 0.833104 0.833105 0.833106 0.833107 0.833108 0.83311 0.833111 0.833113 0.833115 0.833116 0.833118 0.83312 0.833122 0.833124 0.833125 0.833127 0.833128 0.83313 0.833131 0.833133 0.833134 0.833135 0.833135 0.833136 0.833136 0.833137 0.833137 0.833137 0.833136 0.833136 0.833135 0.833135 0.833134 0.833132 0.833131 0.83313 0.833128 0.833127 0.833125 0.833123 0.833122 0.83312 0.833118 0.833116 0.833115 0.833113 0.833111 0.83311 0.833108 0.833107 0.833106 0.833105 0.833104 0.833103 
0.804511 0.804511 0.804512 0.804513 0.804514 0.804515 0.804516 0.804517 0.804519 0.80452 0.804522 0.804524 0.804526 0.804527 0.804529 0.804531 0.804532 0.804534 0.804536 0.804537 0.804539 0.80454 0.804541 0.804542 0.804543 0.804544 0.804544 0.804545 0.804545 0.804545 0.804545 0.804544 0.804544 0.804543 0.804543 0.804542 0.80454 0.804539 0.804538 0.804536 0.804535 0.804533 0.804531 0.80453 0.804528 0.804526 0.804524 0.804523 0.804521 0.80452 0.804518 0.804517 0.804515 0.804514 0.804513 0.804512 0.804512 0.804511 0.804511 0.80451 0.80451 0.804511 
0.767944 0.767945 0.767946 0.767948 0.767949 0.767951 0.767952 0.767954 0.767955 0.767957 0.767959 0.76796 0.767962 0.767963 0.767965 0.767966 0.767967 0.767968 0.767969 0.76797 0.76797 0.767971 0.767971 0.767971 0.767971 0.767971 0.76797 0.76797 0.767969 0.767968 0.767967 0.767966 0.767965 0.767964 0.767962 0.767961 0.767959 0.767957 0.767956 0.767954 0.767953 0.767951 0.767949 0.767948 0.767946 0.767945 0.767944 0.767943 0.767942 0.767941 0.76794 0.76794 0.767939 0.767939 0.767939 0.767939 0.767939 0.767939 0.76794 0.767941 0.767942 0.767943 
0.723568 0.72357 0.723571 0.723572 0.723574 0.723575 0.723576 0.723578 0.723579 0.72358 0.723581 0.723582 0.723583 0.723583 0.723584 0.723584 0.723585 0.723585 0.723585 0.723585 0.723584 0.723584 0.723583 0.723583 0.723582 0.723581 0.72358 0.723579 0.723577 0.723576 0.723575 0.723573 0.723572 0.723571 0.723569 0.723568 0.723566 0.723565 0.723564 0.723563 0.723561 0.72356 0.72356 0.723559 0.723558 0.723558 0.723557 0.723557 0.723557 0.723557 0.723557 0.723557 0.723558 0.723558 0.723559 0.72356 0.723561 0.723562 0.723563 0.723564 0.723565 0.723567 
0.671619 0.67162 0.671621 0.671622 0.671622 0.671623 0.671624 0.671624 0.671625 0.671625 0.671625 0.671626 0.671626 0.671625 0.671625 0.671625 0.671625 0.671624 0.671623 0.671623 0.671622 0.671621 0.67162 0.671619 0.671618 0.671617 0.671616 0.671615 0.671613 0.671612 0.671611 0.67161 0.671609 0.671608 0.671607 0.671606 0.671606 0.671605 0.671605 0.671604 0.671604 0.671604 0.671603 0.671603 0.671604 0.671604 0.671604 0.671605 0.671605 0.671606 0.671606 0.671607 0.671608 0.671609 0.67161 0.671611 0.671612 0.671613 0.671614 0.671616 0.671617 0.671618 
0.612417 0.612417 0.612417 0.612418 0.612418 0.612418 0.612418 0.612418 0.612418 0.612418 0.612417 0.612417 0.612417 0.612416 0.612415 0.612415 0.612414 0.612413 0.612413 0.612412 0.612411 0.61241 0.61241 0.612409 0.612408 0.612407 0.612407 0.612406 0.612405 0.612405 0.612404 0.612404 0.612403 0.612403 0.612403 0.612402 0.612402 0.612402 0.612402 0.612403 0.612403 0.612403 0.612403 0.612404 0.612404 0.612405 0.612406 0.612406 0.612407 0.612408 0.612408 0.612409 0.61241 0.612411 0.612412 0.612412 0.612413 0.612414 0.612414 0.612415 0.612416 0.612416 
0.546388 0.546388 0.546388 0.546388 0.546388 0.546388 0.546387 0.546387 0.546387 0.546386 0.546386 0.546385 0.546385 0.546385 0.546384 0.546384 0.546383 0.546383 0.546382 0.546382 0.546381 0.546381 0.54638 0.54638 0.54638 0.546379 0.546379 0.546379 0.546379 0.546379 0.546378 0.546378 0.546378 0.546379 0.546379 0.546379 0.546379 0.546379 0.54638 0.54638 0.54638 0.546381 0.546381 0.546382 0.546382 0.546383 0.546383 0.546384 0.546384 0.546384 0.546385 0.546385 0.546386 0.546386 0.546387 0.546387 0.546387 0.546388 0.546388 0.546388 0.546388 0.546388 
0.474077 0.474077 0.474076 0.474076 0.474076 0.474076 0.474076 0.474075 0.474075 0.474075 0.474075 0.474074 0.474074 0.474074 0.474074 0.474073 0.474073 0.474073 0.474073 0.474073 0.474073 0.474072 0.474072 0.474072 0.474072 0.474072 0.474072 0.474072 0.474072 0.474072 0.474072 0.474072 0.474073 0.474073 0.474073 0.474073 0.474073 0.474074 0.474074 0.474074 0.474074 0.474075 0.474075 0.474075 0.474075 0.474076 0.474076 0.474076 0.474076 0.474076 0.474077 0.474077 0.474077 0.474077 0.474077 0.474077 0.474077 0.474077 0.474077 0.474077 0.474077 0.474077 
0.396151 0.39615 0.39615 0.39615 0.39615 0.39615 0.39615 0.39615 0.39615 0.39615 0.39615 0.39615 0.396149 0.396149 0.396149 0.396149 0.396149 0.396149 0.396149 0.396149 0.396149 0.396149 0.396149 0.396149 0.396149 0.396149 0.396149 0.396149 0.396149 0.396149 0.396149 0.39615 0.39615 0.39615 0.39615 0.39615 0.39615 0.39615 0.39615 0.39615 0.39615 0.39615 0.396151 0.396151 0.396151 0.396151 0.396151 0.396151 0.396151 0.396151 0.396151 0.396151 0.396151 0.396151 0.396151 0.396151 0.396151 0.396151 0.396151 0.396151 0.396151 0.396151 
0.313404 0.313404 0.313404 0.313404 0.313404 0.313404 0.313404 0.313404 0.313404 0.313404 0.313404 0.313404 0.313404 0.313404 0.313404 0.313404 0.313404 0.313404 0.313404 0.313404 0.313404 0.313404 0.313404 0.313404 0.313404 0.313404 0.313404 0.313404 0.313404 0.313404 0.313404 0.313404 0.313404 0.313404 0.313404 0.313404 0.313404 0.313404 0.313404 0.313404 0.313404 0.313404 0.313404 0.313404 0.313404 0.313404 0.313404 0.313404 0.313404 0.313404 0.313404 0.313404 0.313404 0.313404 0.313404 0.313404 0.313404 0.313404 0.313404 0.313404 0.313404 0.313404 
0.226755 0.226755 0.226755 0.226755 0.226755 0.226755 0.226755 0.226755 0.226755 0.226755 0.226755 0.226755 0.226755 0.226755 0.226755 0.226755 0.226755 0.226755 0.226755 0.226755 0.226755 0.226755 0.226755 0.226754 0.226754 0.226754 0.226754 0.226754 0.226754 0.226754 0.226754 0.226754 0.226754 0.226754 0.226754 0.226754 0.226754 0.226754 0.226754 0.226754 0.226754 0.226754 0.226754 0.226754 0.226754 0.226754 0.226754 0.226754 0.226754 0.226754 0.226755 0.226755 0.226755 0.226755 0.226755 0.226755 0.226755 0.226755 0.226755 0.226755 0.226755 0.226755 
0.137229 0.137229 0.137229 0.137229 0.137229 0.137229 0.137229 0.137229 0.137229 0.137229 0.137229 0.137229 0.137229 0.137229 0.137229 0.137229 0.137229 0.137229 0.137229 0.137229 0.137229 0.137229 0.137229 0.137229 0.137229 0.137229 0.137229 0.137229 0.137229 0.137229 0.137229 0.137229 0.137229 0.137229 0.137229 0.137229 0.137229 0.137229 0.137229 0.137229 0.137229 0.137229 0.137229 0.137229 0.137229 0.137229 0.137229 0.137229 0.137229 0.137229 0.137229 0.137229 0.137229 0.137229 0.137229 0.137229 0.137229 0.137229 0.137229 0.137229 0.137229 0.137229 
0.0459411 0.0459411 0.0459411 0.0459411 0.0459411 0.0459411 0.0459411 0.0459411 0.0459411 0.0459411 0.0459411 0.0459411 0.0459411 0.0459411 0.0459411 0.0459411 0.0459411 0.045941 0.045941 0.045941 0.045941 0.045941 0.045941 0.0459409 0.0459409 0.0459409 0.0459409 0.0459409 0.0459409 0.0459409 0.0459408 0.0459408 0.0459408 0.0459408 0.0459408 0.0459408 0.0459408 0.0459408 0.0459408 0.0459408 0.0459408 0.0459408 0.0459408 0.0459408 0.0459408 0.0459408 0.0459408 0.0459408 0.0459409 0.0459409 0.0459409 0.0459409 0.0459409 0.0459409 0.045941 0.045941 0.045941 0.045941 0.045941 0.045941 0.0459411 0.0459411 
