0.0453798 0.0453798 0.0453798 0.0453798 0.0453798 0.0453798 0.0453798 0.0453798 0.0453798 0.0453798 0.0453798 0.0453798 0.0453799 0.0453799 0.0453799 0.0453799 0.0453799 0.0453799 0.0453799 0.04538 0.04538 0.04538 0.04538 0.04538 0.04538 0.04538 0.04538 0.04538 0.04538 0.04538 0.04538 0.04538 0.04538 0.04538 0.04538 0.04538 0.04538 0.04538 0.04538 0.04538 0.04538 0.0453799 0.0453799 0.0453799 0.0453799 0.0453799 0.0453799 0.0453799 0.0453798 0.0453798 0.0453798 0.0453798 0.0453798 0.0453798 0.0453798 0.0453798 0.0453798 0.0453798 0.0453798 0.0453798 0.0453797 0.0453798 
0.135563 0.135563 0.135563 0.135563 0.135563 0.135563 0.135563 0.135563 0.135563 0.135563 0.135563 0.135563 0.135563 0.135563 0.135563 0.135563 0.135563 0.135563 0.135563 0.135563 0.135563 0.135563 0.135563 0.135563 0.135563 0.135563 0.135563 0.135563 0.135563 0.135563 0.135563 0.135563 0.135563 0.135563 0.135563 0.135563 0.135563 0.135563 0.135563 0.135563 0.135563 0.135563 0.135563 0.135563 0.135563 0.135563 0.135563 0.135563 0.135563 0.135563 0.135563 0.135563 0.135563 0.135563 0.135563 0.135563 0.135563 0.135563 0.135563 0.135563 0.135563 0.135563 
0.224034 0.224034 0.224034 0.224034 0.224035 0.224035 0.224035 0.224035 0.224035 0.224035 0.224035 0.224035 0.224035 0.224035 0.224035 0.224035 0.224035 0.224035 0.224035 0.224035 0.224035 0.224035 0.224035 0.224035 0.224035 0.224035 0.224035 0.224035 0.224035 0.224035 0.224035 0.224035 0.224035 0.224035 0.224035 0.224035 0.224035 0.224035 0.224035 0.224035 0.224035 0.224035 0.224035 0.224035 0.224035 0.224035 0.224035 0.224035 0.224035 0.224035 0.224034 0.224034 0.224034 0.224034 0.224034 0.224034 0.224034 0.224034 0.224034 0.224034 0.224034 0.224034 
0.309709 0.309709 0.309709 0.309709 0.309709 0.309709 0.309709 0.309709 0.309709 0.309709 0.309709 0.309709 0.309709 0.309709 0.309709 0.309709 0.309709 0.309709 0.309709 0.309709 0.309709 0.309709 0.309709 0.309709 0.30971 0.30971 0.30971 0.30971 0.30971 0.30971 0.30971 0.30971 0.30971 0.30971 0.30971 0.309709 0.309709 0.309709 0.309709 0.309709 0.309709 0.309709 0.309709 0.309709 0.309709 0.309709 0.309709 0.309709 0.309709 0.309709 0.309709 0.309709 0.309709 0.309709 0.309709 0.309709 0.309709 0.309709 0.309709 0.309709 0.309709 0.309709 
0.391581 0.391581 0.391581 0.391581 0.391581 0.391581 0.391581 0.391581 0.391581 0.391581 0.391581 0.391581 0.391581 0.391581 0.391581 0.391581 0.391581 0.391581 0.391581 0.391581 0.391581 0.391581 0.391581 0.391581 0.391581 0.391581 0.391581 0.391581 0.391581 0.391581 0.391581 0.391581 0.391581 0.391581 0.391581 0.391581 0.391581 0.391581 0.391581 0.391581 0.391581 0.391581 0.391581 0.391581 0.391581 0.391581 0.391581 0.391581 0.391581 0.391581 0.391581 0.391581 0.391581 0.391581 0.391581 0.391581 0.391581 0.391581 0.391581 0.391581 0.391581 0.391581 
0.468747 0.468747 0.468747 0.468747 0.468747 0.468747 0.468747 0.468747 0.468747 0.468747 0.468747 0.468747 0.468747 0.468747 0.468747 0.468747 0.468747 0.468747 0.468747 0.468747 0.468747 0.468747 0.468747 0.468747 0.468747 0.468747 0.468746 0.468746 0.468746 0.468746 0.468746 0.468746 0.468746 0.468746 0.468746 0.468746 0.468746 0.468746 0.468746 0.468746 0.468746 0.468746 0.468746 0.468746 0.468746 0.468746 0.468746 0.468746 0.468746 0.468746 0.468746 0.468746 0.468746 0.468746 0.468746 0.468746 0.468746 0.468746 0.468746 0.468746 0.468747 0.468747 
0.540415 0.540415 0.540416 0.540416 0.540416 0.540416 0.540416 0.540416 0.540417 0.540417 0.540417 0.540417 0.540417 0.540417 0.540417 0.540417 0.540417 0.540417 0.540417 0.540417 0.540417 0.540417 0.540417 0.540417 0.540416 0.540416 0.540416 0.540416 0.540416 0.540415 0.540415 0.540415 0.540415 0.540415 0.540414 0.540414 0.540414 0.540414 0.540414 0.540414 0.540413 0.540413 0.540413 0.540413 0.540413 0.540413 0.540413 0.540413 0.540413 0.540413 0.540413 0.540413 0.540413 0.540414 0.540414 0.540414 0.540414 0.540414 0.540414 0.540415 0.540415 0.540415 
0.605918 0.605918 0.605918 0.605919 0.605919 0.60592 0.60592 0.60592 0.605921 0.605921 0.605921 0.605922 0.605922 0.605922 0.605922 0.605923 0.605923 0.605923 0.605923 0.605923 0.605923 0.605923 0.605923 0.605923 0.605923 0.605922 0.605922 0.605922 0.605922 0.605921 0.605921 0.605921 0.60592 0.60592 0.605919 0.605919 0.605919 0.605918 0.605918 0.605918 0.605917 0.605917 0.605917 0.605916 0.605916 0.605916 0.605916 0.605916 0.605915 0.605915 0.605915 0.605915 0.605915 0.605915 0.605916 0.605916 0.605916 0.605916 0.605916 0.605917 0.605917 0.605917 
0.664705 0.664705 0.664706 0.664706 0.664707 0.664707 0.664708 0.664709 0.664709 0.66471 0.664711 0.664711 0.664712 0.664712 0.664713 0.664713 0.664714 0.664714 0.664714 0.664715 0.664715 0.664715 0.664715 0.664715 0.664715 0.664715 0.664715 0.664715 0.664715 0.664714 0.664714 0.664714 0.664713 0.664713 0.664712 0.664712 0.664711 0.664711 0.66471 0.664709 0.664709 0.664708 0.664707 0.664707 0.664706 0.664706 0.664705 0.664705 0.664705 0.664704 0.664704 0.664704 0.664703 0.664703 0.664703 0.664703 0.664703 0.664703 0.664704 0.664704 0.664704 0.664705 
0.71634 0.716341 0.716341 0.716341 0.716342 0.716343 0.716343 0.716344 0.716345 0.716345 0.716346 0.716347 0.716348 0.716349 0.716349 0.71635 0.716351 0.716352 0.716352 0.716353 0.716354 0.716354 0.716354 0.716355 0.716355 0.716355 0.716356 0.716356 0.716356 0.716355 0.716355 0.716355 0.716355 0.716354 0.716354 0.716353 0.716353 0.716352 0.716351 0.716351 0.71635 0.716349 0.716348 0.716347 0.716347 0.716346 0.716345 0.716344 0.716344 0.716343 0.716342 0.716342 0.716341 0.716341 0.71634 0.71634 0.71634 0.71634 0.71634 0.71634 0.71634 0.71634 
0.760486 0.760486 0.760487 0.760487 0.760487 0.760488 0.760488 0.760489 0.760489 0.76049 0.760491 0.760492 0.760493 0.760494 0.760494 0.760495 0.760496 0.760497 0.760498 0.760499 0.7605 0.760501 0.760501 0.760502 0.760502 0.760503 0.760503 0.760504 0.760504 0.760504 0.760504 0.760504 0.760504 0.760504 0.760504 0.760503 0.760503 0.760502 0.760502 0.760501 0.7605 0.7605 0.760499 0.760498 0.760497 0.760496 0.760495 0.760494 0.760493 0.760492 0.760492 0.760491 0.76049 0.760489 0.760489 0.760488 0.760488 0.760487 0.760487 0.760486 0.760486 0.760486 
0.79689 0.79689 0.79689 0.79689 0.79689 0.796891 0.796891 0.796891 0.796892 0.796892 0.796893 0.796894 0.796894 0.796895 0.796896 0.796897 0.796898 0.796898 0.796899 0.7969 0.796901 0.796902 0.796903 0.796903 0.796904 0.796905 0.796905 0.796906 0.796906 0.796906 0.796907 0.796907 0.796907 0.796907 0.796907 0.796907 0.796906 0.796906 0.796906 0.796905 0.796905 0.796904 0.796903 0.796903 0.796902 0.796901 0.7969 0.796899 0.796898 0.796898 0.796897 0.796896 0.796895 0.796894 0.796894 0.796893 0.796892 0.796892 0.796891 0.796891 0.796891 0.79689 
0.825368 0.825368 0.825368 0.825368 0.825368 0.825368 0.825368 0.825368 0.825369 0.825369 0.82537 0.82537 0.82537 0.825371 0.825372 0.825372 0.825373 0.825373 0.825374 0.825375 0.825375 0.825376 0.825376 0.825377 0.825377 0.825378 0.825378 0.825378 0.825379 0.825379 0.825379 0.825379 0.825379 0.825379 0.825379 0.825379 0.825379 0.825379 0.825379 0.825378 0.825378 0.825377 0.825377 0.825377 0.825376 0.825375 0.825375 0.825374 0.825374 0.825373 0.825372 0.825372 0.825371 0.825371 0.82537 0.82537 0.825369 0.825369 0.825369 0.825368 0.825368 0.825368 
0.845791 0.845791 0.845791 0.845791 0.845791 0.845792 0.845792 0.845792 0.845792 0.845793 0.845793 0.845793 0.845794 0.845794 0.845794 0.845794 0.845795 0.845795 0.845795 0.845795 0.845796 0.845796 0.845796 0.845796 0.845796 0.845796 0.845796 0.845796 0.845796 0.845796 0.845796 0.845796 0.845796 0.845795 0.845795 0.845795 0.845795 0.845795 0.845794 0.845794 0.845794 0.845793 0.845793 0.845793 0.845792 0.845792 0.845792 0.845792 0.845791 0.845791 0.845791 0.845791 0.845791 0.845791 0.84579 0.84579 0.84579 0.84579 0.84579 0.84579 0.84579 0.845791 
0.858077 0.858077 0.858078 0.858078 0.858078 0.858079 0.858079 0.85808 0.85808 0.85808 0.85808 0.85808 0.85808 0.858081 0.85808 0.85808 0.85808 0.85808 0.85808 0.85808 0.858079 0.858079 0.858079 0.858078 0.858078 0.858077 0.858077 0.858076 0.858076 0.858075 0.858075 0.858074 0.858074 0.858073 0.858073 0.858072 0.858072 0.858072 0.858071 0.858071 0.858071 0.858071 0.858071 0.85807 0.85807 0.85807 0.85807 0.858071 0.858071 0.858071 0.858071 0.858072 0.858072 0.858072 0.858073 0.858073 0.858074 0.858074 0.858075 0.858075 0.858076 0.858076 
0.86218 0.862181 0.862181 0.862182 0.862182 0.862183 0.862183 0.862184 0.862184 0.862184 0.862184 0.862184 0.862184 0.862183 0.862183 0.862182 0.862182 0.862181 0.862181 0.86218 0.862179 0.862178 0.862177 0.862176 0.862175 0.862174 0.862173 0.862173 0.862172 0.862171 0.86217 0.862169 0.862168 0.862168 0.862167 0.862166 0.862166 0.862166 0.862165 0.862165 0.862165 0.862165 0.862165 0.862165 0.862166 0.862166 0.862167 0.862167 0.862168 0.862168 0.862169 0.86217 0.862171 0.862172 0.862173 0.862174 0.862175 0.862176 0.862177 0.862177 0.862178 0.862179 
0.858086 0.858086 0.858087 0.858088 0.858088 0.858088 0.858088 0.858088 0.858088 0.858088 0.858088 0.858087 0.858086 0.858086 0.858085 0.858084 0.858083 0.858082 0.858081 0.858079 0.858078 0.858077 0.858076 0.858074 0.858073 0.858072 0.858071 0.858069 0.858068 0.858067 0.858066 0.858066 0.858065 0.858064 0.858064 0.858063 0.858063 0.858063 0.858063 0.858063 0.858063 0.858064 0.858064 0.858065 0.858066 0.858067 0.858067 0.858069 0.85807 0.858071 0.858072 0.858073 0.858074 0.858076 0.858077 0.858078 0.85808 0.858081 0.858082 0.858083 0.858084 0.858085 
0.845807 0.845808 0.845808 0.845808 0.845808 0.845808 0.845807 0.845807 0.845806 0.845805 0.845804 0.845803 0.845802 0.845801 0.8458 0.845798 0.845797 0.845796 0.845794 0.845793 0.845791 0.84579 0.845788 0.845787 0.845786 0.845785 0.845784 0.845783 0.845782 0.845781 0.84578 0.84578 0.845779 0.845779 0.845779 0.845779 0.84578 0.84578 0.84578 0.845781 0.845782 0.845783 0.845784 0.845785 0.845786 0.845787 0.845789 0.84579 0.845792 0.845793 0.845795 0.845796 0.845797 0.845799 0.8458 0.845801 0.845803 0.845804 0.845805 0.845806 0.845806 0.845807 
0.825389 0.825388 0.825388 0.825387 0.825387 0.825386 0.825385 0.825384 0.825383 0.825381 0.82538 0.825378 0.825377 0.825376 0.825374 0.825372 0.825371 0.82537 0.825368 0.825367 0.825365 0.825364 0.825363 0.825362 0.825361 0.825361 0.82536 0.82536 0.825359 0.825359 0.825359 0.825359 0.82536 0.82536 0.825361 0.825361 0.825362 0.825363 0.825364 0.825366 0.825367 0.825368 0.82537 0.825371 0.825373 0.825374 0.825376 0.825377 0.825379 0.82538 0.825381 0.825383 0.825384 0.825385 0.825386 0.825387 0.825388 0.825388 0.825389 0.825389 0.825389 0.825389 
0.79691 0.79691 0.796908 0.796907 0.796906 0.796905 0.796903 0.796902 0.7969 0.796899 0.796897 0.796896 0.796895 0.796893 0.796892 0.796891 0.79689 0.796889 0.796888 0.796887 0.796886 0.796886 0.796885 0.796885 0.796885 0.796885 0.796885 0.796885 0.796886 0.796886 0.796887 0.796888 0.796889 0.79689 0.796891 0.796892 0.796894 0.796895 0.796897 0.796898 0.796899 0.796901 0.796902 0.796904 0.796905 0.796906 0.796908 0.796909 0.79691 0.796911 0.796912 0.796912 0.796913 0.796913 0.796914 0.796914 0.796914 0.796913 0.796913 0.796913 0.796912 0.796911 
0.7605 0.760499 0.760498 0.760497 0.760495 0.760494 0.760492 0.760491 0.76049 0.760489 0.760488 0.760487 0.760486 0.760485 0.760484 0.760484 0.760483 0.760483 0.760483 0.760483 0.760483 0.760483 0.760483 0.760484 0.760485 0.760485 0.760486 0.760487 0.760488 0.760489 0.76049 0.760492 0.760493 0.760494 0.760496 0.760497 0.760498 0.7605 0.760501 0.760502 0.760503 0.760505 0.760506 0.760506 0.760507 0.760508 0.760508 0.760509 0.760509 0.760509 0.760509 0.760509 0.760509 0.760509 0.760508 0.760508 0.760507 0.760506 0.760505 0.760504 0.760503 0.760502 
0.716346 0.716345 0.716343 0.716342 0.716341 0.716341 0.71634 0.716339 0.716338 0.716338 0.716338 0.716337 0.716337 0.716337 0.716337 0.716337 0.716337 0.716338 0.716338 0.716339 0.71634 0.71634 0.716341 0.716342 0.716343 0.716344 0.716346 0.716347 0.716348 0.716349 0.71635 0.716351 0.716352 0.716353 0.716355 0.716355 0.716356 0.716357 0.716358 0.716359 0.716359 0.716359 0.71636 0.71636 0.71636 0.71636 0.71636 0.716359 0.716359 0.716359 0.716358 0.716357 0.716356 0.716356 0.716355 0.716354 0.716352 0.716351 0.71635 0.716349 0.716348 0.716347 
0.664703 0.664703 0.664702 0.664702 0.664702 0.664701 0.664701 0.664701 0.664701 0.664701 0.664701 0.664702 0.664702 0.664703 0.664703 0.664704 0.664704 0.664705 0.664706 0.664707 0.664708 0.664709 0.66471 0.66471 0.664711 0.664712 0.664713 0.664714 0.664715 0.664716 0.664716 0.664717 0.664718 0.664718 0.664718 0.664719 0.664719 0.664719 0.664719 0.664719 0.664719 0.664719 0.664719 0.664718 0.664718 0.664717 0.664717 0.664716 0.664715 0.664714 0.664714 0.664713 0.664712 0.664711 0.66471 0.664709 0.664708 0.664707 0.664706 0.664706 0.664705 0.664704 
0.605914 0.605914 0.605914 0.605914 0.605914 0.605914 0.605914 0.605915 0.605915 0.605915 0.605916 0.605916 0.605917 0.605918 0.605918 0.605919 0.605919 0.60592 0.605921 0.605921 0.605922 0.605923 0.605923 0.605924 0.605924 0.605925 0.605925 0.605925 0.605926 0.605926 0.605926 0.605926 0.605926 0.605926 0.605926 0.605926 0.605926 0.605926 0.605925 0.605925 0.605925 0.605924 0.605924 0.605923 0.605922 0.605922 0.605921 0.605921 0.60592 0.605919 0.605919 0.605918 0.605917 0.605917 0.605916 0.605916 0.605915 0.605915 0.605915 0.605914 0.605914 0.605914 
0.540412 0.540412 0.540413 0.540413 0.540413 0.540414 0.540414 0.540414 0.540415 0.540415 0.540415 0.540416 0.540416 0.540417 0.540417 0.540417 0.540418 0.540418 0.540418 0.540419 0.540419 0.540419 0.540419 0.54042 0.54042 0.54042 0.54042 0.54042 0.54042 0.54042 0.54042 0.54042 0.540419 0.540419 0.540419 0.540419 0.540418 0.540418 0.540418 0.540417 0.540417 0.540416 0.540416 0.540416 0.540415 0.540415 0.540414 0.540414 0.540414 0.540413 0.540413 0.540413 0.540413 0.540412 0.540412 0.540412 0.540412 0.540412 0.540412 0.540412 0.540412 0.540412 
0.468746 0.468746 0.468746 0.468747 0.468747 0.468747 0.468747 0.468747 0.468748 0.468748 0.468748 0.468748 0.468748 0.468748 0.468749 0.468749 0.468749 0.468749 0.468749 0.468749 0.468749 0.468749 0.468749 0.468749 0.468749 0.468749 0.468749 0.468749 0.468749 0.468749 0.468748 0.468748 0.468748 0.468748 0.468748 0.468747 0.468747 0.468747 0.468747 0.468747 0.468746 0.468746 0.468746 0.468746 0.468746 0.468746 0.468745 0.468745 0.468745 0.468745 0.468745 0.468745 0.468745 0.468745 0.468745 0.468745 0.468745 0.468745 0.468745 0.468746 0.468746 0.468746 
0.391582 0.391582 0.391582 0.391582 0.391582 0.391582 0.391582 0.391582 0.391582 0.391583 0.391583 0.391583 0.391583 0.391583 0.391583 0.391583 0.391583 0.391583 0.391583 0.391583 0.391583 0.391583 0.391583 0.391583 0.391583 0.391583 0.391582 0.391582 0.391582 0.391582 0.391582 0.391582 0.391582 0.391582 0.391582 0.391582 0.391582 0.391582 0.391581 0.391581 0.391581 0.391581 0.391581 0.391581 0.391581 0.391581 0.391581 0.391581 0.391581 0.391581 0.391581 0.391581 0.391581 0.391581 0.391581 0.391581 0.391581 0.391581 0.391582 0.391582 0.391582 0.391582 
0.30971 0.30971 0.30971 0.30971 0.30971 0.30971 0.30971 0.30971 0.30971 0.30971 0.30971 0.30971 0.30971 0.30971 0.30971 0.30971 0.30971 0.30971 0.30971 0.30971 0.30971 0.30971 0.30971 0.30971 0.30971 0.30971 0.30971 0.30971 0.30971 0.30971 0.30971 0.30971 0.30971 0.30971 0.30971 0.30971 0.30971 0.30971 0.30971 0.30971 0.30971 0.30971 0.30971 0.30971 0.30971 0.30971 0.30971 0.30971 0.30971 0.30971 0.30971 0.30971 0.30971 0.30971 0.30971 0.30971 0.30971 0.30971 0.30971 0.30971 0.30971 0.30971 
0.224035 0.224035 0.224035 0.224035 0.224035 0.224035 0.224035 0.224035 0.224035 0.224035 0.224035 0.224035 0.224035 0.224035 0.224035 0.224035 0.224035 0.224035 0.224035 0.224035 0.224035 0.224035 0.224035 0.224035 0.224035 0.224035 0.224035 0.224035 0.224035 0.224035 0.224035 0.224035 0.224035 0.224035 0.224035 0.224035 0.224035 0.224035 0.224035 0.224035 0.224035 0.224035 0.224035 0.224035 0.224035 0.224035 0.224035 0.224035 0.224035 0.224035 0.224035 0.224035 0.224035 0.224035 0.224035 0.224035 0.224035 0.224035 0.224035 0.224035 0.224035 0.224035 
0.135563 0.135563 0.135563 0.135563 0.135563 0.135563 0.135563 0.135563 0.135563 0.135563 0.135563 0.135563 0.135563 0.135563 0.135563 0.135563 0.135563 0.135563 0.135563 0.135564 0.135564 0.135564 0.135564 0.135564 0.135564 0.135564 0.135564 0.135564 0.135564 0.135564 0.135564 0.135564 0.135564 0.135564 0.135564 0.135564 0.135564 0.135564 0.135564 0.135564 0.135564 0.135564 0.135564 0.135564 0.135564 0.135563 0.135563 0.135563 0.135563 0.135563 0.135563 0.135563 0.135563 0.135563 0.135563 0.135563 0.135563 0.135563 0.135563 0.135563 0.135563 0.135563 
0.0453798 0.0453798 0.0453798 0.0453798 0.0453798 0.0453798 0.0453798 0.0453798 0.0453798 0.0453798 0.0453799 0.0453799 0.0453799 0.0453799 0.0453799 0.0453799 0.0453799 0.0453799 0.04538 0.04538 0.04538 0.04538 0.04538 0.04538 0.04538 0.04538 0.0453801 0.0453801 0.0453801 0.0453801 0.0453801 0.0453801 0.0453801 0.0453801 0.0453801 0.0453801 0.0453801 0.0453801 0.0453801 0.0453801 0.0453801 0.0453801 0.0453801 0.04538 0.04538 0.04538 0.04538 0.04538 0.04538 0.04538 0.0453799 0.0453799 0.0453799 0.0453799 0.0453799 0.0453799 0.0453799 0.0453799 0.0453798 0.0453798 0.0453798 0.0453798 
