0.0451736 0.0451736 0.0451736 0.0451736 0.0451736 0.0451736 0.0451736 0.0451736 0.0451736 0.0451736 0.0451736 0.0451736 0.0451736 0.0451736 0.0451736 0.0451736 0.0451736 0.0451736 0.0451736 0.0451736 0.0451737 0.0451737 0.0451737 0.0451737 0.0451737 0.0451737 0.0451737 0.0451738 0.0451738 0.0451738 0.0451738 0.0451738 0.0451738 0.0451738 0.0451738 0.0451738 0.0451738 0.0451738 0.0451738 0.0451738 0.0451738 0.0451738 0.0451738 0.0451738 0.0451738 0.0451738 0.0451738 0.0451738 0.0451738 0.0451738 0.0451738 0.0451738 0.0451737 0.0451737 0.0451737 0.0451737 0.0451737 0.0451737 0.0451737 0.0451737 0.0451736 0.0451736 
0.134951 0.134951 0.134951 0.134951 0.134951 0.134951 0.134951 0.134951 0.134951 0.134951 0.134951 0.134951 0.134951 0.134951 0.134951 0.134951 0.134951 0.134951 0.134951 0.134951 0.134951 0.134951 0.134951 0.134951 0.134951 0.134951 0.134951 0.134951 0.134951 0.134951 0.134951 0.134951 0.134951 0.134951 0.134951 0.134951 0.134951 0.134951 0.134951 0.134951 0.134951 0.134951 0.134951 0.134951 0.134951 0.134951 0.134951 0.134951 0.134951 0.134951 0.134951 0.134951 0.134951 0.134951 0.134951 0.134951 0.134951 0.134951 0.134951 0.134951 0.134951 0.134951 
0.223034 0.223034 0.223034 0.223034 0.223034 0.223034 0.223034 0.223034 0.223034 0.223034 0.223034 0.223034 0.223034 0.223034 0.223034 0.223034 0.223034 0.223034 0.223034 0.223034 0.223034 0.223034 0.223034 0.223034 0.223034 0.223034 0.223034 0.223034 0.223034 0.223034 0.223034 0.223034 0.223034 0.223034 0.223034 0.223034 0.223034 0.223034 0.223034 0.223034 0.223034 0.223034 0.223034 0.223034 0.223034 0.223034 0.223034 0.223034 0.223034 0.223034 0.223034 0.223034 0.223034 0.223034 0.223034 0.223034 0.223034 0.223034 0.223034 0.223034 0.223034 0.223034 
0.308348 0.308348 0.308348 0.308348 0.308348 0.308348 0.308348 0.308348 0.308348 0.308348 0.308348 0.308348 0.308348 0.308348 0.308348 0.308348 0.308348 0.308348 0.308348 0.308348 0.308348 0.308348 0.308348 0.308348 0.308348 0.308348 0.308348 0.308348 0.308348 0.308348 0.308348 0.308349 0.308349 0.308349 0.308349 0.308349 0.308349 0.308349 0.308349 0.308349 0.308349 0.308349 0.308349 0.308349 0.308349 0.308349 0.308349 0.308348 0.308348 0.308348 0.308348 0.308348 0.308348 0.308348 0.308348 0.308348 0.308348 0.308348 0.308348 0.308348 0.308348 0.308348 
0.389896 0.389896 0.389896 0.389896 0.389896 0.389896 0.389896 0.389896 0.389896 0.389896 0.389896 0.389896 0.389896 0.389896 0.389896 0.389896 0.389896 0.389896 0.389896 0.389896 0.389896 0.389896 0.389896 0.389896 0.389896 0.389896 0.389896 0.389896 0.389896 0.389896 0.389896 0.389896 0.389896 0.389896 0.389896 0.389896 0.389896 0.389896 0.389896 0.389896 0.389896 0.389896 0.389896 0.389896 0.389896 0.389896 0.389896 0.389896 0.389896 0.389896 0.389896 0.389896 0.389896 0.389896 0.389896 0.389896 0.389896 0.389896 0.389896 0.389896 0.389896 0.389896 
0.466777 0.466777 0.466777 0.466777 0.466777 0.466778 0.466778 0.466778 0.466778 0.466778 0.466778 0.466778 0.466778 0.466778 0.466778 0.466778 0.466778 0.466778 0.466778 0.466778 0.466778 0.466778 0.466778 0.466778 0.466778 0.466778 0.466778 0.466778 0.466778 0.466778 0.466778 0.466778 0.466778 0.466778 0.466778 0.466778 0.466778 0.466778 0.466778 0.466777 0.466777 0.466777 0.466777 0.466777 0.466777 0.466777 0.466777 0.466777 0.466777 0.466777 0.466777 0.466777 0.466777 0.466777 0.466777 0.466777 0.466777 0.466777 0.466777 0.466777 0.466777 0.466777 
0.538204 0.538205 0.538205 0.538205 0.538205 0.538205 0.538205 0.538205 0.538206 0.538206 0.538206 0.538206 0.538206 0.538207 0.538207 0.538207 0.538207 0.538207 0.538207 0.538207 0.538208 0.538208 0.538208 0.538208 0.538208 0.538208 0.538208 0.538208 0.538208 0.538208 0.538207 0.538207 0.538207 0.538207 0.538207 0.538207 0.538207 0.538206 0.538206 0.538206 0.538206 0.538206 0.538206 0.538205 0.538205 0.538205 0.538205 0.538205 0.538205 0.538204 0.538204 0.538204 0.538204 0.538204 0.538204 0.538204 0.538204 0.538204 0.538204 0.538204 0.538204 0.538204 
0.603508 0.603509 0.603509 0.603509 0.603509 0.603509 0.603509 0.60351 0.60351 0.60351 0.603511 0.603511 0.603511 0.603512 0.603512 0.603513 0.603513 0.603513 0.603514 0.603514 0.603514 0.603514 0.603515 0.603515 0.603515 0.603515 0.603515 0.603515 0.603516 0.603516 0.603516 0.603515 0.603515 0.603515 0.603515 0.603515 0.603515 0.603514 0.603514 0.603514 0.603513 0.603513 0.603513 0.603512 0.603512 0.603512 0.603511 0.603511 0.603511 0.60351 0.60351 0.60351 0.603509 0.603509 0.603509 0.603509 0.603509 0.603509 0.603508 0.603508 0.603508 0.603508 
0.662138 0.662138 0.662138 0.662138 0.662138 0.662138 0.662139 0.662139 0.662139 0.66214 0.66214 0.66214 0.662141 0.662141 0.662142 0.662142 0.662143 0.662143 0.662144 0.662145 0.662145 0.662146 0.662146 0.662147 0.662147 0.662148 0.662148 0.662148 0.662149 0.662149 0.662149 0.662149 0.662149 0.662149 0.662149 0.662149 0.662149 0.662149 0.662149 0.662148 0.662148 0.662148 0.662147 0.662147 0.662146 0.662146 0.662145 0.662145 0.662144 0.662144 0.662143 0.662142 0.662142 0.662141 0.662141 0.66214 0.66214 0.66214 0.662139 0.662139 0.662139 0.662138 
0.713653 0.713653 0.713652 0.713652 0.713652 0.713652 0.713652 0.713652 0.713652 0.713652 0.713653 0.713653 0.713653 0.713654 0.713654 0.713655 0.713656 0.713656 0.713657 0.713658 0.713658 0.713659 0.71366 0.713661 0.713661 0.713662 0.713663 0.713663 0.713664 0.713665 0.713665 0.713666 0.713666 0.713666 0.713667 0.713667 0.713667 0.713667 0.713667 0.713667 0.713667 0.713666 0.713666 0.713665 0.713665 0.713664 0.713664 0.713663 0.713663 0.713662 0.713661 0.71366 0.71366 0.713659 0.713658 0.713657 0.713657 0.713656 0.713655 0.713655 0.713654 0.713654 
0.75771 0.757709 0.757708 0.757708 0.757707 0.757707 0.757707 0.757706 0.757706 0.757706 0.757706 0.757706 0.757707 0.757707 0.757707 0.757708 0.757708 0.757709 0.75771 0.75771 0.757711 0.757712 0.757713 0.757714 0.757714 0.757715 0.757716 0.757717 0.757718 0.757719 0.757719 0.75772 0.757721 0.757721 0.757722 0.757722 0.757723 0.757723 0.757723 0.757723 0.757723 0.757723 0.757723 0.757723 0.757723 0.757722 0.757722 0.757721 0.757721 0.75772 0.757719 0.757719 0.757718 0.757717 0.757716 0.757715 0.757714 0.757713 0.757713 0.757712 0.757711 0.75771 
0.794048 0.794047 0.794046 0.794046 0.794045 0.794045 0.794044 0.794044 0.794043 0.794043 0.794043 0.794043 0.794043 0.794043 0.794043 0.794044 0.794044 0.794044 0.794045 0.794045 0.794046 0.794047 0.794047 0.794048 0.794049 0.79405 0.794051 0.794051 0.794052 0.794053 0.794054 0.794055 0.794055 0.794056 0.794057 0.794057 0.794058 0.794058 0.794058 0.794059 0.794059 0.794059 0.794059 0.794059 0.794059 0.794059 0.794059 0.794058 0.794058 0.794057 0.794057 0.794056 0.794055 0.794055 0.794054 0.794053 0.794052 0.794052 0.794051 0.79405 0.794049 0.794048 
0.822477 0.822477 0.822476 0.822476 0.822475 0.822475 0.822475 0.822474 0.822474 0.822474 0.822474 0.822474 0.822474 0.822474 0.822474 0.822474 0.822474 0.822475 0.822475 0.822475 0.822476 0.822476 0.822477 0.822477 0.822478 0.822478 0.822479 0.82248 0.82248 0.822481 0.822481 0.822482 0.822482 0.822483 0.822483 0.822484 0.822484 0.822485 0.822485 0.822485 0.822485 0.822485 0.822485 0.822485 0.822485 0.822485 0.822485 0.822485 0.822485 0.822484 0.822484 0.822483 0.822483 0.822482 0.822482 0.822481 0.822481 0.82248 0.82248 0.822479 0.822478 0.822478 
0.842867 0.842867 0.842867 0.842867 0.842866 0.842866 0.842866 0.842866 0.842867 0.842867 0.842867 0.842867 0.842867 0.842867 0.842867 0.842868 0.842868 0.842868 0.842868 0.842869 0.842869 0.842869 0.84287 0.84287 0.84287 0.84287 0.842871 0.842871 0.842871 0.842871 0.842872 0.842872 0.842872 0.842872 0.842872 0.842872 0.842872 0.842872 0.842872 0.842872 0.842872 0.842872 0.842872 0.842872 0.842871 0.842871 0.842871 0.842871 0.84287 0.84287 0.84287 0.84287 0.842869 0.842869 0.842869 0.842868 0.842868 0.842868 0.842868 0.842867 0.842867 0.842867 
0.855132 0.855132 0.855132 0.855133 0.855133 0.855134 0.855134 0.855134 0.855135 0.855135 0.855136 0.855136 0.855137 0.855137 0.855137 0.855138 0.855138 0.855138 0.855139 0.855139 0.855139 0.855139 0.855139 0.855139 0.855139 0.855139 0.855139 0.855139 0.855139 0.855138 0.855138 0.855138 0.855138 0.855137 0.855137 0.855136 0.855136 0.855135 0.855135 0.855135 0.855134 0.855134 0.855133 0.855133 0.855132 0.855132 0.855132 0.855131 0.855131 0.855131 0.855131 0.85513 0.85513 0.85513 0.85513 0.85513 0.85513 0.85513 0.855131 0.855131 0.855131 0.855131 
0.859225 0.859226 0.859227 0.859228 0.859229 0.85923 0.85923 0.859231 0.859232 0.859233 0.859234 0.859234 0.859235 0.859235 0.859236 0.859236 0.859237 0.859237 0.859237 0.859237 0.859237 0.859237 0.859237 0.859236 0.859236 0.859235 0.859235 0.859234 0.859234 0.859233 0.859232 0.859231 0.859231 0.85923 0.859229 0.859228 0.859227 0.859226 0.859226 0.859225 0.859224 0.859223 0.859223 0.859222 0.859221 0.859221 0.859221 0.85922 0.85922 0.85922 0.85922 0.85922 0.85922 0.85922 0.85922 0.859221 0.859221 0.859222 0.859222 0.859223 0.859224 0.859225 
0.855134 0.855135 0.855136 0.855138 0.855139 0.85514 0.855141 0.855142 0.855143 0.855144 0.855144 0.855145 0.855146 0.855146 0.855146 0.855147 0.855147 0.855147 0.855146 0.855146 0.855146 0.855145 0.855145 0.855144 0.855143 0.855142 0.855141 0.85514 0.855139 0.855138 0.855137 0.855136 0.855135 0.855133 0.855132 0.855131 0.85513 0.855129 0.855128 0.855127 0.855126 0.855125 0.855125 0.855124 0.855124 0.855123 0.855123 0.855123 0.855123 0.855123 0.855124 0.855124 0.855125 0.855125 0.855126 0.855127 0.855128 0.855129 0.85513 0.855131 0.855132 0.855133 
0.842874 0.842875 0.842876 0.842877 0.842878 0.842879 0.84288 0.842881 0.842882 0.842882 0.842883 0.842883 0.842883 0.842883 0.842883 0.842883 0.842882 0.842882 0.842881 0.84288 0.84288 0.842879 0.842878 0.842876 0.842875 0.842874 0.842873 0.842871 0.84287 0.842869 0.842867 0.842866 0.842865 0.842863 0.842862 0.842861 0.84286 0.842859 0.842858 0.842858 0.842857 0.842857 0.842856 0.842856 0.842856 0.842856 0.842857 0.842857 0.842857 0.842858 0.842859 0.84286 0.842861 0.842862 0.842863 0.842864 0.842865 0.842867 0.842868 0.84287 0.842871 0.842872 
0.82249 0.822491 0.822491 0.822492 0.822493 0.822493 0.822494 0.822494 0.822494 0.822494 0.822494 0.822494 0.822493 0.822493 0.822492 0.822491 0.82249 0.822489 0.822488 0.822487 0.822485 0.822484 0.822483 0.822481 0.82248 0.822479 0.822477 0.822476 0.822474 0.822473 0.822472 0.822471 0.82247 0.822469 0.822468 0.822468 0.822467 0.822467 0.822466 0.822466 0.822466 0.822466 0.822467 0.822467 0.822468 0.822469 0.822469 0.82247 0.822471 0.822473 0.822474 0.822475 0.822476 0.822478 0.822479 0.822481 0.822482 0.822483 0.822485 0.822486 0.822487 0.822489 
0.794065 0.794065 0.794065 0.794065 0.794065 0.794065 0.794065 0.794064 0.794064 0.794063 0.794062 0.794061 0.79406 0.794059 0.794058 0.794057 0.794056 0.794054 0.794053 0.794051 0.79405 0.794049 0.794047 0.794046 0.794045 0.794044 0.794043 0.794042 0.794041 0.79404 0.794039 0.794039 0.794039 0.794038 0.794038 0.794038 0.794038 0.794039 0.794039 0.79404 0.79404 0.794041 0.794042 0.794043 0.794044 0.794046 0.794047 0.794048 0.794049 0.794051 0.794052 0.794054 0.794055 0.794056 0.794058 0.794059 0.79406 0.794061 0.794062 0.794063 0.794064 0.794064 
0.757728 0.757727 0.757727 0.757726 0.757726 0.757725 0.757724 0.757723 0.757722 0.757721 0.75772 0.757718 0.757717 0.757716 0.757715 0.757713 0.757712 0.757711 0.75771 0.757709 0.757708 0.757707 0.757706 0.757705 0.757705 0.757704 0.757704 0.757703 0.757703 0.757703 0.757703 0.757704 0.757704 0.757704 0.757705 0.757706 0.757706 0.757707 0.757708 0.757709 0.75771 0.757712 0.757713 0.757714 0.757715 0.757717 0.757718 0.757719 0.75772 0.757721 0.757723 0.757724 0.757724 0.757725 0.757726 0.757727 0.757727 0.757728 0.757728 0.757728 0.757728 0.757728 
0.713668 0.713667 0.713666 0.713665 0.713664 0.713663 0.713662 0.713661 0.71366 0.713659 0.713658 0.713657 0.713656 0.713655 0.713654 0.713653 0.713652 0.713651 0.713651 0.71365 0.71365 0.71365 0.71365 0.71365 0.71365 0.71365 0.71365 0.71365 0.713651 0.713651 0.713652 0.713653 0.713654 0.713655 0.713656 0.713657 0.713658 0.713659 0.71366 0.713661 0.713662 0.713663 0.713664 0.713665 0.713666 0.713667 0.713668 0.713668 0.713669 0.71367 0.71367 0.71367 0.713671 0.713671 0.713671 0.713671 0.713671 0.71367 0.71367 0.71367 0.713669 0.713668 
0.662146 0.662145 0.662144 0.662144 0.662143 0.662142 0.662141 0.66214 0.66214 0.662139 0.662138 0.662138 0.662137 0.662137 0.662137 0.662136 0.662136 0.662136 0.662136 0.662136 0.662137 0.662137 0.662137 0.662138 0.662138 0.662139 0.662139 0.66214 0.662141 0.662142 0.662142 0.662143 0.662144 0.662145 0.662146 0.662147 0.662147 0.662148 0.662149 0.66215 0.66215 0.662151 0.662152 0.662152 0.662152 0.662153 0.662153 0.662153 0.662153 0.662153 0.662153 0.662153 0.662152 0.662152 0.662152 0.662151 0.662151 0.66215 0.662149 0.662149 0.662148 0.662147 
0.60351 0.60351 0.603509 0.603509 0.603508 0.603508 0.603508 0.603507 0.603507 0.603507 0.603507 0.603507 0.603507 0.603507 0.603507 0.603507 0.603507 0.603508 0.603508 0.603509 0.603509 0.603509 0.60351 0.603511 0.603511 0.603512 0.603512 0.603513 0.603513 0.603514 0.603515 0.603515 0.603516 0.603516 0.603517 0.603517 0.603518 0.603518 0.603518 0.603518 0.603519 0.603519 0.603519 0.603519 0.603519 0.603519 0.603518 0.603518 0.603518 0.603517 0.603517 0.603517 0.603516 0.603516 0.603515 0.603514 0.603514 0.603513 0.603513 0.603512 0.603511 0.603511 
0.538204 0.538203 0.538203 0.538203 0.538203 0.538203 0.538203 0.538203 0.538203 0.538203 0.538203 0.538204 0.538204 0.538204 0.538204 0.538205 0.538205 0.538205 0.538206 0.538206 0.538206 0.538207 0.538207 0.538207 0.538208 0.538208 0.538208 0.538209 0.538209 0.538209 0.53821 0.53821 0.53821 0.53821 0.53821 0.53821 0.53821 0.53821 0.53821 0.53821 0.53821 0.53821 0.53821 0.53821 0.538209 0.538209 0.538209 0.538208 0.538208 0.538208 0.538207 0.538207 0.538207 0.538206 0.538206 0.538206 0.538205 0.538205 0.538205 0.538204 0.538204 0.538204 
0.466776 0.466776 0.466776 0.466776 0.466777 0.466777 0.466777 0.466777 0.466777 0.466777 0.466777 0.466777 0.466778 0.466778 0.466778 0.466778 0.466778 0.466779 0.466779 0.466779 0.466779 0.466779 0.466779 0.46678 0.46678 0.46678 0.46678 0.46678 0.46678 0.46678 0.46678 0.46678 0.46678 0.46678 0.46678 0.46678 0.46678 0.46678 0.46678 0.46678 0.46678 0.466779 0.466779 0.466779 0.466779 0.466779 0.466778 0.466778 0.466778 0.466778 0.466778 0.466777 0.466777 0.466777 0.466777 0.466777 0.466777 0.466777 0.466777 0.466776 0.466776 0.466776 
0.389896 0.389896 0.389896 0.389896 0.389896 0.389896 0.389896 0.389896 0.389896 0.389896 0.389897 0.389897 0.389897 0.389897 0.389897 0.389897 0.389897 0.389897 0.389897 0.389897 0.389897 0.389897 0.389897 0.389897 0.389897 0.389897 0.389897 0.389897 0.389897 0.389897 0.389897 0.389897 0.389897 0.389897 0.389897 0.389897 0.389897 0.389897 0.389897 0.389897 0.389897 0.389897 0.389897 0.389897 0.389896 0.389896 0.389896 0.389896 0.389896 0.389896 0.389896 0.389896 0.389896 0.389896 0.389896 0.389896 0.389896 0.389896 0.389896 0.389896 0.389896 0.389896 
0.308349 0.308349 0.308349 0.308349 0.308349 0.308349 0.308349 0.308349 0.308349 0.308349 0.308349 0.308349 0.308349 0.308349 0.308349 0.308349 0.308349 0.308349 0.308349 0.308349 0.308349 0.308349 0.308349 0.308349 0.308349 0.308349 0.308349 0.308349 0.308349 0.308349 0.308349 0.308349 0.308349 0.308349 0.308349 0.308349 0.308349 0.308349 0.308349 0.308349 0.308349 0.308349 0.308349 0.308349 0.308349 0.308349 0.308349 0.308349 0.308349 0.308349 0.308349 0.308349 0.308349 0.308349 0.308349 0.308349 0.308349 0.308349 0.308349 0.308349 0.308349 0.308349 
0.223034 0.223034 0.223034 0.223034 0.223034 0.223034 0.223034 0.223034 0.223034 0.223034 0.223034 0.223034 0.223034 0.223034 0.223034 0.223034 0.223034 0.223034 0.223034 0.223034 0.223034 0.223034 0.223034 0.223034 0.223034 0.223034 0.223034 0.223034 0.223034 0.223034 0.223034 0.223034 0.223034 0.223034 0.223034 0.223034 0.223034 0.223034 0.223034 0.223034 0.223034 0.223034 0.223034 0.223034 0.223034 0.223034 0.223034 0.223034 0.223034 0.223034 0.223034 0.223034 0.223034 0.223034 0.223034 0.223034 0.223034 0.223034 0.223034 0.223034 0.223034 0.223034 
0.134951 0.134951 0.134951 0.134951 0.134951 0.134951 0.134951 0.134951 0.134951 0.134951 0.134951 0.134951 0.134951 0.134951 0.134951 0.134951 0.134951 0.134951 0.134951 0.134951 0.134951 0.134951 0.134951 0.134951 0.134951 0.134951 0.134951 0.134951 0.134951 0.134951 0.134951 0.134951 0.134951 0.134951 0.134951 0.134951 0.134951 0.134951 0.134951 0.134951 0.134951 0.134951 0.134951 0.134951 0.134951 0.134951 0.134951 0.134951 0.134951 0.134951 0.134951 0.134951 0.134951 0.134951 0.134951 0.134951 0.134951 0.134951 0.134951 0.134951 0.134951 0.134951 
0.0451737 0.0451737 0.0451737 0.0451737 0.0451737 0.0451737 0.0451737 0.0451737 0.0451737 0.0451737 0.0451737 0.0451737 0.0451737 0.0451737 0.0451737 0.0451737 0.0451737 0.0451737 0.0451737 0.0451737 0.0451737 0.0451737 0.0451737 0.0451737 0.0451737 0.0451737 0.0451738 0.0451738 0.0451738 0.0451738 0.0451738 0.0451738 0.0451738 0.0451738 0.0451739 0.0451739 0.0451739 0.0451739 0.0451739 0.0451739 0.0451739 0.0451739 0.0451739 0.0451739 0.0451739 0.0451739 0.0451739 0.0451739 0.0451739 0.0451739 0.0451739 0.0451739 0.0451739 0.0451739 0.0451738 0.0451738 0.0451738 0.0451738 0.0451738 0.0451738 0.0451738 0.0451737 
