0.0441092 0.0441092 0.0441092 0.0441092 0.0441092 0.0441092 0.0441092 0.0441092 0.0441092 0.0441092 0.0441092 0.0441092 0.0441093 0.0441093 0.0441093 0.0441093 0.0441093 0.0441093 0.0441093 0.0441093 0.0441093 0.0441093 0.0441093 0.0441093 0.0441093 0.0441094 0.0441094 0.0441094 0.0441094 0.0441094 0.0441094 0.0441094 0.0441094 0.0441093 0.0441093 0.0441093 0.0441093 0.0441093 0.0441093 0.0441093 0.0441093 0.0441093 0.0441093 0.0441093 0.0441093 0.0441093 0.0441092 0.0441092 0.0441092 0.0441092 0.0441092 0.0441092 0.0441092 0.0441092 0.0441092 0.0441092 0.0441092 0.0441092 0.0441092 0.0441092 0.0441092 0.0441092 
0.131787 0.131787 0.131787 0.131787 0.131787 0.131787 0.131787 0.131787 0.131787 0.131787 0.131787 0.131787 0.131787 0.131787 0.131787 0.131787 0.131787 0.131787 0.131787 0.131787 0.131787 0.131787 0.131787 0.131787 0.131787 0.131787 0.131787 0.131787 0.131787 0.131787 0.131787 0.131787 0.131787 0.131787 0.131787 0.131787 0.131787 0.131787 0.131787 0.131787 0.131787 0.131787 0.131787 0.131787 0.131787 0.131787 0.131787 0.131787 0.131787 0.131787 0.131787 0.131787 0.131787 0.131787 0.131787 0.131787 0.131787 0.131787 0.131787 0.131787 0.131787 0.131787 
0.217858 0.217858 0.217858 0.217858 0.217858 0.217858 0.217858 0.217858 0.217858 0.217858 0.217858 0.217858 0.217858 0.217858 0.217858 0.217858 0.217858 0.217858 0.217858 0.217858 0.217858 0.217858 0.217858 0.217858 0.217858 0.217858 0.217858 0.217858 0.217858 0.217858 0.217858 0.217858 0.217858 0.217858 0.217858 0.217858 0.217858 0.217858 0.217858 0.217858 0.217858 0.217858 0.217858 0.217858 0.217858 0.217858 0.217858 0.217858 0.217858 0.217858 0.217858 0.217858 0.217858 0.217858 0.217858 0.217858 0.217858 0.217858 0.217858 0.217858 0.217858 0.217858 
0.301297 0.301297 0.301297 0.301297 0.301297 0.301297 0.301297 0.301297 0.301297 0.301297 0.301297 0.301297 0.301297 0.301297 0.301297 0.301297 0.301297 0.301297 0.301297 0.301297 0.301297 0.301297 0.301297 0.301297 0.301297 0.301297 0.301297 0.301297 0.301297 0.301297 0.301297 0.301297 0.301297 0.301297 0.301297 0.301297 0.301297 0.301297 0.301297 0.301297 0.301297 0.301297 0.301297 0.301297 0.301297 0.301297 0.301297 0.301297 0.301297 0.301297 0.301297 0.301297 0.301297 0.301297 0.301297 0.301297 0.301297 0.301297 0.301297 0.301297 0.301297 0.301297 
0.381145 0.381145 0.381145 0.381145 0.381145 0.381145 0.381145 0.381145 0.381145 0.381145 0.381145 0.381145 0.381145 0.381145 0.381145 0.381145 0.381145 0.381145 0.381145 0.381145 0.381145 0.381145 0.381145 0.381145 0.381145 0.381145 0.381145 0.381145 0.381145 0.381145 0.381145 0.381145 0.381145 0.381145 0.381144 0.381144 0.381144 0.381144 0.381144 0.381144 0.381144 0.381144 0.381144 0.381144 0.381144 0.381144 0.381144 0.381144 0.381144 0.381144 0.381144 0.381144 0.381144 0.381144 0.381144 0.381144 0.381144 0.381144 0.381144 0.381144 0.381144 0.381145 
0.456528 0.456528 0.456528 0.456528 0.456528 0.456528 0.456528 0.456528 0.456528 0.456528 0.456528 0.456528 0.456528 0.456528 0.456528 0.456528 0.456528 0.456528 0.456528 0.456528 0.456528 0.456528 0.456528 0.456528 0.456528 0.456528 0.456528 0.456528 0.456528 0.456528 0.456528 0.456528 0.456528 0.456528 0.456528 0.456528 0.456528 0.456528 0.456528 0.456528 0.456528 0.456528 0.456528 0.456528 0.456528 0.456528 0.456528 0.456528 0.456528 0.456528 0.456528 0.456528 0.456528 0.456528 0.456528 0.456528 0.456528 0.456528 0.456528 0.456528 0.456528 0.456528 
0.526673 0.526673 0.526673 0.526673 0.526673 0.526673 0.526673 0.526673 0.526674 0.526674 0.526674 0.526674 0.526674 0.526674 0.526674 0.526674 0.526674 0.526674 0.526674 0.526673 0.526673 0.526673 0.526673 0.526673 0.526673 0.526673 0.526673 0.526673 0.526672 0.526672 0.526672 0.526672 0.526672 0.526672 0.526672 0.526672 0.526672 0.526671 0.526671 0.526671 0.526671 0.526671 0.526671 0.526671 0.526671 0.526671 0.526671 0.526671 0.526671 0.526671 0.526671 0.526671 0.526671 0.526672 0.526672 0.526672 0.526672 0.526672 0.526672 0.526672 0.526672 0.526673 
0.590908 0.590908 0.590909 0.590909 0.590909 0.590909 0.59091 0.59091 0.59091 0.59091 0.59091 0.590911 0.590911 0.590911 0.590911 0.590911 0.590911 0.590911 0.590911 0.590911 0.590911 0.590911 0.590911 0.590911 0.590911 0.59091 0.59091 0.59091 0.59091 0.59091 0.590909 0.590909 0.590909 0.590908 0.590908 0.590908 0.590908 0.590907 0.590907 0.590907 0.590907 0.590907 0.590906 0.590906 0.590906 0.590906 0.590906 0.590906 0.590906 0.590906 0.590906 0.590906 0.590906 0.590906 0.590906 0.590907 0.590907 0.590907 0.590907 0.590907 0.590908 0.590908 
0.648671 0.648671 0.648672 0.648672 0.648673 0.648673 0.648673 0.648674 0.648674 0.648675 0.648675 0.648675 0.648676 0.648676 0.648676 0.648677 0.648677 0.648677 0.648677 0.648677 0.648678 0.648678 0.648678 0.648678 0.648677 0.648677 0.648677 0.648677 0.648677 0.648677 0.648676 0.648676 0.648676 0.648675 0.648675 0.648674 0.648674 0.648674 0.648673 0.648673 0.648672 0.648672 0.648672 0.648671 0.648671 0.648671 0.64867 0.64867 0.64867 0.64867 0.64867 0.64867 0.648669 0.648669 0.648669 0.64867 0.64867 0.64867 0.64867 0.64867 0.648671 0.648671 
0.699502 0.699502 0.699503 0.699503 0.699503 0.699504 0.699504 0.699505 0.699505 0.699506 0.699507 0.699507 0.699508 0.699508 0.699509 0.699509 0.69951 0.69951 0.699511 0.699511 0.699511 0.699512 0.699512 0.699512 0.699512 0.699512 0.699512 0.699512 0.699512 0.699512 0.699512 0.699511 0.699511 0.699511 0.69951 0.69951 0.699509 0.699509 0.699508 0.699508 0.699507 0.699507 0.699506 0.699505 0.699505 0.699504 0.699504 0.699503 0.699503 0.699503 0.699502 0.699502 0.699502 0.699501 0.699501 0.699501 0.699501 0.699501 0.699501 0.699501 0.699501 0.699502 
0.743034 0.743035 0.743035 0.743035 0.743036 0.743036 0.743036 0.743037 0.743037 0.743038 0.743039 0.743039 0.74304 0.743041 0.743041 0.743042 0.743043 0.743043 0.743044 0.743044 0.743045 0.743045 0.743046 0.743046 0.743046 0.743047 0.743047 0.743047 0.743047 0.743047 0.743047 0.743047 0.743047 0.743047 0.743046 0.743046 0.743046 0.743045 0.743045 0.743044 0.743043 0.743043 0.743042 0.743042 0.743041 0.74304 0.74304 0.743039 0.743038 0.743038 0.743037 0.743037 0.743036 0.743036 0.743035 0.743035 0.743035 0.743034 0.743034 0.743034 0.743034 0.743034 
0.778986 0.778986 0.778986 0.778986 0.778986 0.778987 0.778987 0.778987 0.778988 0.778988 0.778989 0.778989 0.77899 0.778991 0.778991 0.778992 0.778993 0.778993 0.778994 0.778994 0.778995 0.778996 0.778996 0.778997 0.778997 0.778998 0.778998 0.778998 0.778998 0.778999 0.778999 0.778999 0.778999 0.778999 0.778998 0.778998 0.778998 0.778998 0.778997 0.778997 0.778996 0.778996 0.778995 0.778995 0.778994 0.778993 0.778993 0.778992 0.778991 0.778991 0.77899 0.77899 0.778989 0.778988 0.778988 0.778987 0.778987 0.778987 0.778986 0.778986 0.778986 0.778986 
0.807144 0.807144 0.807144 0.807145 0.807145 0.807145 0.807145 0.807145 0.807146 0.807146 0.807146 0.807147 0.807147 0.807148 0.807148 0.807149 0.807149 0.80715 0.80715 0.807151 0.807151 0.807152 0.807152 0.807152 0.807153 0.807153 0.807153 0.807154 0.807154 0.807154 0.807154 0.807154 0.807154 0.807154 0.807154 0.807154 0.807154 0.807154 0.807153 0.807153 0.807153 0.807152 0.807152 0.807152 0.807151 0.807151 0.80715 0.80715 0.807149 0.807149 0.807148 0.807148 0.807147 0.807147 0.807146 0.807146 0.807146 0.807145 0.807145 0.807145 0.807145 0.807145 
0.827358 0.827358 0.827358 0.827358 0.827358 0.827359 0.827359 0.827359 0.827359 0.827359 0.82736 0.82736 0.82736 0.82736 0.827361 0.827361 0.827361 0.827361 0.827362 0.827362 0.827362 0.827362 0.827362 0.827363 0.827363 0.827363 0.827363 0.827363 0.827363 0.827363 0.827363 0.827363 0.827363 0.827363 0.827363 0.827363 0.827363 0.827362 0.827362 0.827362 0.827362 0.827362 0.827361 0.827361 0.827361 0.827361 0.82736 0.82736 0.82736 0.82736 0.827359 0.827359 0.827359 0.827359 0.827359 0.827358 0.827358 0.827358 0.827358 0.827358 0.827358 0.827358 
0.839526 0.839526 0.839526 0.839526 0.839527 0.839527 0.839527 0.839527 0.839527 0.839527 0.839528 0.839528 0.839528 0.839528 0.839528 0.839528 0.839528 0.839528 0.839528 0.839527 0.839527 0.839527 0.839527 0.839527 0.839527 0.839526 0.839526 0.839526 0.839526 0.839526 0.839525 0.839525 0.839525 0.839525 0.839524 0.839524 0.839524 0.839524 0.839524 0.839523 0.839523 0.839523 0.839523 0.839523 0.839523 0.839523 0.839523 0.839523 0.839523 0.839523 0.839523 0.839523 0.839524 0.839524 0.839524 0.839524 0.839524 0.839525 0.839525 0.839525 0.839525 0.839525 
0.84359 0.84359 0.843591 0.843591 0.843591 0.843592 0.843592 0.843592 0.843592 0.843592 0.843592 0.843592 0.843592 0.843591 0.843591 0.843591 0.84359 0.84359 0.84359 0.843589 0.843589 0.843588 0.843588 0.843587 0.843586 0.843586 0.843585 0.843585 0.843584 0.843584 0.843583 0.843583 0.843583 0.843582 0.843582 0.843582 0.843581 0.843581 0.843581 0.843581 0.843581 0.843581 0.843581 0.843582 0.843582 0.843582 0.843582 0.843583 0.843583 0.843584 0.843584 0.843584 0.843585 0.843586 0.843586 0.843587 0.843587 0.843588 0.843588 0.843589 0.843589 0.84359 
0.839532 0.839533 0.839533 0.839533 0.839533 0.839534 0.839533 0.839533 0.839533 0.839533 0.839533 0.839532 0.839532 0.839531 0.839531 0.83953 0.839529 0.839529 0.839528 0.839527 0.839526 0.839526 0.839525 0.839524 0.839523 0.839522 0.839522 0.839521 0.83952 0.83952 0.839519 0.839519 0.839518 0.839518 0.839518 0.839518 0.839518 0.839518 0.839518 0.839518 0.839518 0.839518 0.839519 0.839519 0.83952 0.83952 0.839521 0.839522 0.839522 0.839523 0.839524 0.839525 0.839526 0.839526 0.839527 0.839528 0.839529 0.839529 0.83953 0.839531 0.839531 0.839532 
0.82737 0.82737 0.82737 0.82737 0.82737 0.82737 0.82737 0.827369 0.827369 0.827368 0.827368 0.827367 0.827366 0.827365 0.827364 0.827364 0.827363 0.827362 0.827361 0.82736 0.827359 0.827358 0.827357 0.827356 0.827355 0.827355 0.827354 0.827353 0.827353 0.827352 0.827352 0.827352 0.827351 0.827351 0.827351 0.827352 0.827352 0.827352 0.827352 0.827353 0.827354 0.827354 0.827355 0.827356 0.827357 0.827357 0.827358 0.827359 0.82736 0.827361 0.827362 0.827363 0.827364 0.827365 0.827366 0.827367 0.827367 0.827368 0.827369 0.827369 0.82737 0.82737 
0.80716 0.80716 0.807159 0.807159 0.807158 0.807158 0.807157 0.807156 0.807155 0.807155 0.807154 0.807153 0.807152 0.807151 0.80715 0.807149 0.807148 0.807147 0.807146 0.807145 0.807144 0.807143 0.807142 0.807142 0.807141 0.807141 0.80714 0.80714 0.80714 0.80714 0.80714 0.80714 0.80714 0.807141 0.807141 0.807142 0.807142 0.807143 0.807144 0.807144 0.807145 0.807146 0.807147 0.807148 0.807149 0.80715 0.807151 0.807152 0.807153 0.807154 0.807155 0.807156 0.807157 0.807157 0.807158 0.807159 0.807159 0.807159 0.80716 0.80716 0.80716 0.80716 
0.779001 0.779 0.778999 0.778998 0.778998 0.778997 0.778996 0.778995 0.778994 0.778993 0.778992 0.778991 0.77899 0.778989 0.778988 0.778987 0.778987 0.778986 0.778985 0.778985 0.778984 0.778984 0.778984 0.778983 0.778983 0.778983 0.778983 0.778984 0.778984 0.778984 0.778985 0.778985 0.778986 0.778987 0.778987 0.778988 0.778989 0.77899 0.778991 0.778992 0.778993 0.778994 0.778995 0.778996 0.778997 0.778998 0.778998 0.778999 0.779 0.779001 0.779001 0.779002 0.779002 0.779002 0.779002 0.779003 0.779003 0.779002 0.779002 0.779002 0.779002 0.779001 
0.743045 0.743044 0.743043 0.743042 0.743041 0.74304 0.743039 0.743039 0.743038 0.743037 0.743036 0.743036 0.743035 0.743034 0.743034 0.743034 0.743033 0.743033 0.743033 0.743033 0.743033 0.743033 0.743033 0.743033 0.743034 0.743034 0.743035 0.743035 0.743036 0.743037 0.743037 0.743038 0.743039 0.74304 0.743041 0.743042 0.743043 0.743043 0.743044 0.743045 0.743046 0.743047 0.743047 0.743048 0.743048 0.743049 0.743049 0.74305 0.74305 0.74305 0.74305 0.74305 0.74305 0.74305 0.743049 0.743049 0.743049 0.743048 0.743048 0.743047 0.743046 0.743045 
0.699506 0.699505 0.699504 0.699504 0.699503 0.699503 0.699502 0.699502 0.699501 0.699501 0.699501 0.6995 0.6995 0.6995 0.6995 0.6995 0.6995 0.6995 0.699501 0.699501 0.699502 0.699502 0.699503 0.699503 0.699504 0.699504 0.699505 0.699506 0.699507 0.699507 0.699508 0.699509 0.69951 0.69951 0.699511 0.699512 0.699512 0.699513 0.699513 0.699514 0.699514 0.699514 0.699514 0.699515 0.699515 0.699515 0.699515 0.699514 0.699514 0.699514 0.699514 0.699513 0.699513 0.699512 0.699512 0.699511 0.69951 0.69951 0.699509 0.699508 0.699507 0.699507 
0.64867 0.64867 0.64867 0.648669 0.648669 0.648669 0.648669 0.648669 0.648669 0.648669 0.648669 0.648669 0.648669 0.648669 0.64867 0.64867 0.648671 0.648671 0.648671 0.648672 0.648673 0.648673 0.648674 0.648674 0.648675 0.648675 0.648676 0.648676 0.648677 0.648677 0.648678 0.648678 0.648679 0.648679 0.648679 0.64868 0.64868 0.64868 0.64868 0.64868 0.64868 0.64868 0.64868 0.648679 0.648679 0.648679 0.648678 0.648678 0.648678 0.648677 0.648677 0.648676 0.648676 0.648675 0.648674 0.648674 0.648673 0.648673 0.648672 0.648672 0.648671 0.648671 
0.590905 0.590905 0.590905 0.590905 0.590905 0.590906 0.590906 0.590906 0.590906 0.590906 0.590907 0.590907 0.590907 0.590908 0.590908 0.590908 0.590909 0.590909 0.59091 0.59091 0.59091 0.590911 0.590911 0.590912 0.590912 0.590912 0.590912 0.590913 0.590913 0.590913 0.590913 0.590913 0.590913 0.590913 0.590913 0.590913 0.590913 0.590913 0.590913 0.590913 0.590912 0.590912 0.590912 0.590911 0.590911 0.590911 0.59091 0.59091 0.590909 0.590909 0.590909 0.590908 0.590908 0.590907 0.590907 0.590907 0.590906 0.590906 0.590906 0.590906 0.590906 0.590905 
0.526671 0.526671 0.526671 0.526671 0.526671 0.526672 0.526672 0.526672 0.526672 0.526673 0.526673 0.526673 0.526673 0.526674 0.526674 0.526674 0.526674 0.526674 0.526675 0.526675 0.526675 0.526675 0.526675 0.526675 0.526676 0.526676 0.526676 0.526676 0.526676 0.526676 0.526676 0.526675 0.526675 0.526675 0.526675 0.526675 0.526675 0.526674 0.526674 0.526674 0.526674 0.526673 0.526673 0.526673 0.526673 0.526672 0.526672 0.526672 0.526672 0.526672 0.526671 0.526671 0.526671 0.526671 0.526671 0.526671 0.526671 0.526671 0.526671 0.526671 0.526671 0.526671 
0.456528 0.456528 0.456528 0.456528 0.456528 0.456529 0.456529 0.456529 0.456529 0.456529 0.456529 0.456529 0.456529 0.45653 0.45653 0.45653 0.45653 0.45653 0.45653 0.45653 0.45653 0.45653 0.45653 0.45653 0.45653 0.45653 0.45653 0.45653 0.45653 0.45653 0.45653 0.456529 0.456529 0.456529 0.456529 0.456529 0.456529 0.456529 0.456529 0.456528 0.456528 0.456528 0.456528 0.456528 0.456528 0.456528 0.456528 0.456528 0.456527 0.456527 0.456527 0.456527 0.456527 0.456527 0.456527 0.456527 0.456527 0.456527 0.456528 0.456528 0.456528 0.456528 
0.381145 0.381145 0.381145 0.381145 0.381145 0.381145 0.381145 0.381145 0.381145 0.381145 0.381146 0.381146 0.381146 0.381146 0.381146 0.381146 0.381146 0.381146 0.381146 0.381146 0.381146 0.381146 0.381146 0.381146 0.381146 0.381145 0.381145 0.381145 0.381145 0.381145 0.381145 0.381145 0.381145 0.381145 0.381145 0.381145 0.381145 0.381145 0.381145 0.381145 0.381145 0.381145 0.381145 0.381145 0.381145 0.381145 0.381145 0.381145 0.381145 0.381145 0.381145 0.381145 0.381145 0.381145 0.381145 0.381145 0.381145 0.381145 0.381145 0.381145 0.381145 0.381145 
0.301297 0.301297 0.301297 0.301297 0.301297 0.301297 0.301297 0.301297 0.301297 0.301297 0.301297 0.301297 0.301297 0.301297 0.301297 0.301297 0.301297 0.301297 0.301297 0.301297 0.301297 0.301297 0.301297 0.301297 0.301297 0.301297 0.301297 0.301297 0.301297 0.301297 0.301297 0.301297 0.301297 0.301297 0.301297 0.301297 0.301297 0.301297 0.301297 0.301297 0.301297 0.301297 0.301297 0.301297 0.301297 0.301297 0.301297 0.301297 0.301297 0.301297 0.301297 0.301297 0.301297 0.301297 0.301297 0.301297 0.301297 0.301297 0.301297 0.301297 0.301297 0.301297 
0.217858 0.217858 0.217858 0.217858 0.217858 0.217858 0.217858 0.217858 0.217858 0.217858 0.217858 0.217858 0.217858 0.217858 0.217858 0.217858 0.217858 0.217858 0.217858 0.217858 0.217858 0.217858 0.217858 0.217858 0.217858 0.217858 0.217858 0.217858 0.217859 0.217859 0.217859 0.217859 0.217858 0.217858 0.217858 0.217858 0.217858 0.217858 0.217858 0.217858 0.217858 0.217858 0.217858 0.217858 0.217858 0.217858 0.217858 0.217858 0.217858 0.217858 0.217858 0.217858 0.217858 0.217858 0.217858 0.217858 0.217858 0.217858 0.217858 0.217858 0.217858 0.217858 
0.131787 0.131787 0.131787 0.131787 0.131787 0.131787 0.131787 0.131787 0.131787 0.131787 0.131787 0.131787 0.131787 0.131787 0.131787 0.131787 0.131787 0.131788 0.131788 0.131788 0.131788 0.131788 0.131788 0.131788 0.131788 0.131788 0.131788 0.131788 0.131788 0.131788 0.131788 0.131788 0.131788 0.131788 0.131788 0.131788 0.131788 0.131788 0.131788 0.131788 0.131788 0.131788 0.131788 0.131788 0.131788 0.131788 0.131787 0.131787 0.131787 0.131787 0.131787 0.131787 0.131787 0.131787 0.131787 0.131787 0.131787 0.131787 0.131787 0.131787 0.131787 0.131787 
0.0441092 0.0441092 0.0441092 0.0441092 0.0441092 0.0441093 0.0441093 0.0441093 0.0441093 0.0441093 0.0441093 0.0441093 0.0441093 0.0441093 0.0441093 0.0441093 0.0441093 0.0441093 0.0441093 0.0441093 0.0441094 0.0441094 0.0441094 0.0441094 0.0441094 0.0441094 0.0441094 0.0441094 0.0441094 0.0441094 0.0441094 0.0441094 0.0441094 0.0441094 0.0441094 0.0441094 0.0441094 0.0441094 0.0441094 0.0441094 0.0441094 0.0441094 0.0441094 0.0441094 0.0441094 0.0441094 0.0441094 0.0441093 0.0441093 0.0441093 0.0441093 0.0441093 0.0441093 0.0441093 0.0441093 0.0441093 0.0441093 0.0441093 0.0441093 0.0441093 0.0441093 0.0441092 
