0.0440122 0.0440122 0.0440122 0.0440122 0.0440122 0.0440122 0.0440122 0.0440122 0.0440122 0.0440122 0.0440122 0.0440123 0.0440123 0.0440123 0.0440123 0.0440123 0.0440123 0.0440123 0.0440123 0.0440123 0.0440123 0.0440123 0.0440123 0.0440124 0.0440124 0.0440124 0.0440124 0.0440124 0.0440124 0.0440124 0.0440124 0.0440124 0.0440124 0.0440124 0.0440124 0.0440124 0.0440124 0.0440124 0.0440124 0.0440124 0.0440124 0.0440124 0.0440124 0.0440124 0.0440123 0.0440123 0.0440123 0.0440123 0.0440123 0.0440123 0.0440123 0.0440123 0.0440123 0.0440123 0.0440123 0.0440123 0.0440123 0.0440122 0.0440122 0.0440122 0.0440122 0.0440122 
0.131499 0.131499 0.131499 0.131499 0.131499 0.131499 0.131499 0.131499 0.131499 0.131499 0.131499 0.131499 0.131499 0.131499 0.131499 0.131499 0.131499 0.131499 0.131499 0.131499 0.131499 0.131499 0.131499 0.131499 0.131499 0.131499 0.131499 0.131499 0.131499 0.131499 0.131499 0.131499 0.131499 0.131499 0.131499 0.131499 0.131499 0.131499 0.131499 0.131499 0.131499 0.131499 0.131499 0.131499 0.131499 0.131499 0.131499 0.131499 0.131499 0.131499 0.131499 0.131499 0.131499 0.131499 0.131499 0.131499 0.131499 0.131499 0.131499 0.131499 0.131499 0.131499 
0.217386 0.217386 0.217386 0.217386 0.217386 0.217386 0.217386 0.217386 0.217386 0.217386 0.217386 0.217386 0.217386 0.217386 0.217386 0.217386 0.217386 0.217386 0.217386 0.217386 0.217386 0.217386 0.217386 0.217386 0.217386 0.217386 0.217386 0.217386 0.217386 0.217386 0.217386 0.217386 0.217386 0.217386 0.217386 0.217386 0.217386 0.217386 0.217386 0.217386 0.217386 0.217386 0.217386 0.217386 0.217386 0.217386 0.217386 0.217386 0.217386 0.217386 0.217386 0.217386 0.217386 0.217386 0.217386 0.217386 0.217386 0.217386 0.217386 0.217386 0.217386 0.217386 
0.300652 0.300652 0.300652 0.300652 0.300652 0.300652 0.300652 0.300652 0.300652 0.300652 0.300652 0.300652 0.300652 0.300652 0.300652 0.300652 0.300652 0.300652 0.300652 0.300652 0.300652 0.300653 0.300653 0.300653 0.300653 0.300653 0.300653 0.300653 0.300653 0.300653 0.300653 0.300653 0.300653 0.300653 0.300653 0.300653 0.300653 0.300653 0.300653 0.300653 0.300653 0.300653 0.300653 0.300653 0.300653 0.300653 0.300652 0.300652 0.300652 0.300652 0.300652 0.300652 0.300652 0.300652 0.300652 0.300652 0.300652 0.300652 0.300652 0.300652 0.300652 0.300652 
0.380343 0.380343 0.380343 0.380343 0.380343 0.380343 0.380343 0.380343 0.380343 0.380343 0.380343 0.380343 0.380343 0.380343 0.380343 0.380343 0.380343 0.380343 0.380343 0.380343 0.380343 0.380343 0.380343 0.380343 0.380343 0.380343 0.380343 0.380343 0.380343 0.380343 0.380343 0.380343 0.380343 0.380343 0.380343 0.380343 0.380343 0.380343 0.380343 0.380343 0.380343 0.380343 0.380343 0.380343 0.380343 0.380343 0.380343 0.380343 0.380343 0.380343 0.380343 0.380343 0.380343 0.380343 0.380343 0.380343 0.380343 0.380343 0.380343 0.380343 0.380343 0.380343 
0.455588 0.455588 0.455588 0.455588 0.455588 0.455588 0.455588 0.455588 0.455588 0.455588 0.455588 0.455588 0.455588 0.455588 0.455588 0.455588 0.455588 0.455588 0.455588 0.455588 0.455588 0.455588 0.455588 0.455588 0.455588 0.455588 0.455588 0.455588 0.455588 0.455588 0.455588 0.455588 0.455588 0.455588 0.455587 0.455587 0.455587 0.455587 0.455587 0.455587 0.455587 0.455587 0.455587 0.455587 0.455587 0.455587 0.455587 0.455587 0.455587 0.455587 0.455587 0.455587 0.455587 0.455587 0.455587 0.455587 0.455587 0.455588 0.455588 0.455588 0.455588 0.455588 
0.525611 0.525612 0.525612 0.525612 0.525612 0.525612 0.525612 0.525612 0.525612 0.525613 0.525613 0.525613 0.525613 0.525613 0.525613 0.525613 0.525613 0.525613 0.525613 0.525613 0.525613 0.525613 0.525613 0.525613 0.525613 0.525613 0.525613 0.525613 0.525612 0.525612 0.525612 0.525612 0.525612 0.525612 0.525612 0.525612 0.525611 0.525611 0.525611 0.525611 0.525611 0.525611 0.525611 0.525611 0.525611 0.525611 0.525611 0.525611 0.525611 0.525611 0.525611 0.525611 0.525611 0.525611 0.525611 0.525611 0.525611 0.525611 0.525611 0.525611 0.525611 0.525611 
0.589745 0.589745 0.589745 0.589746 0.589746 0.589746 0.589746 0.589747 0.589747 0.589747 0.589747 0.589748 0.589748 0.589748 0.589748 0.589748 0.589749 0.589749 0.589749 0.589749 0.589749 0.589749 0.589749 0.589749 0.589749 0.589749 0.589749 0.589749 0.589749 0.589749 0.589748 0.589748 0.589748 0.589748 0.589748 0.589747 0.589747 0.589747 0.589747 0.589746 0.589746 0.589746 0.589746 0.589745 0.589745 0.589745 0.589745 0.589745 0.589744 0.589744 0.589744 0.589744 0.589744 0.589744 0.589744 0.589744 0.589744 0.589744 0.589744 0.589745 0.589745 0.589745 
0.647425 0.647425 0.647426 0.647426 0.647426 0.647426 0.647427 0.647427 0.647427 0.647428 0.647428 0.647429 0.647429 0.647429 0.64743 0.64743 0.647431 0.647431 0.647431 0.647432 0.647432 0.647432 0.647432 0.647432 0.647432 0.647433 0.647433 0.647433 0.647433 0.647432 0.647432 0.647432 0.647432 0.647432 0.647431 0.647431 0.647431 0.64743 0.64743 0.64743 0.647429 0.647429 0.647429 0.647428 0.647428 0.647427 0.647427 0.647427 0.647426 0.647426 0.647426 0.647425 0.647425 0.647425 0.647425 0.647425 0.647425 0.647425 0.647425 0.647425 0.647425 0.647425 
0.69819 0.69819 0.69819 0.698191 0.698191 0.698191 0.698191 0.698192 0.698192 0.698193 0.698193 0.698194 0.698194 0.698195 0.698195 0.698196 0.698196 0.698197 0.698197 0.698198 0.698198 0.698199 0.698199 0.6982 0.6982 0.6982 0.6982 0.698201 0.698201 0.698201 0.698201 0.698201 0.698201 0.698201 0.698201 0.6982 0.6982 0.6982 0.698199 0.698199 0.698198 0.698198 0.698197 0.698197 0.698196 0.698196 0.698195 0.698195 0.698194 0.698194 0.698193 0.698193 0.698192 0.698192 0.698192 0.698191 0.698191 0.698191 0.69819 0.69819 0.69819 0.69819 
0.741672 0.741672 0.741672 0.741672 0.741672 0.741672 0.741673 0.741673 0.741673 0.741674 0.741674 0.741674 0.741675 0.741675 0.741676 0.741677 0.741677 0.741678 0.741679 0.741679 0.74168 0.74168 0.741681 0.741682 0.741682 0.741683 0.741683 0.741684 0.741684 0.741684 0.741684 0.741685 0.741685 0.741685 0.741685 0.741685 0.741685 0.741684 0.741684 0.741684 0.741683 0.741683 0.741683 0.741682 0.741682 0.741681 0.74168 0.74168 0.741679 0.741678 0.741678 0.741677 0.741677 0.741676 0.741675 0.741675 0.741674 0.741674 0.741673 0.741673 0.741673 0.741673 
0.777586 0.777586 0.777586 0.777586 0.777586 0.777586 0.777586 0.777586 0.777586 0.777586 0.777586 0.777587 0.777587 0.777588 0.777588 0.777589 0.777589 0.77759 0.77759 0.777591 0.777592 0.777592 0.777593 0.777593 0.777594 0.777595 0.777595 0.777596 0.777596 0.777597 0.777597 0.777597 0.777598 0.777598 0.777598 0.777598 0.777598 0.777598 0.777598 0.777598 0.777597 0.777597 0.777597 0.777596 0.777596 0.777596 0.777595 0.777594 0.777594 0.777593 0.777593 0.777592 0.777591 0.777591 0.77759 0.77759 0.777589 0.777588 0.777588 0.777587 0.777587 0.777587 
0.805717 0.805717 0.805717 0.805717 0.805717 0.805717 0.805717 0.805717 0.805717 0.805717 0.805717 0.805717 0.805718 0.805718 0.805718 0.805719 0.805719 0.805719 0.80572 0.80572 0.805721 0.805721 0.805722 0.805722 0.805723 0.805723 0.805724 0.805724 0.805725 0.805725 0.805725 0.805726 0.805726 0.805726 0.805726 0.805726 0.805726 0.805726 0.805726 0.805726 0.805726 0.805726 0.805726 0.805725 0.805725 0.805725 0.805724 0.805724 0.805724 0.805723 0.805723 0.805722 0.805722 0.805721 0.805721 0.80572 0.80572 0.805719 0.805719 0.805718 0.805718 0.805718 
0.825912 0.825912 0.825912 0.825912 0.825912 0.825912 0.825912 0.825912 0.825912 0.825912 0.825912 0.825913 0.825913 0.825913 0.825913 0.825914 0.825914 0.825914 0.825914 0.825915 0.825915 0.825915 0.825915 0.825916 0.825916 0.825916 0.825916 0.825916 0.825917 0.825917 0.825917 0.825917 0.825917 0.825917 0.825917 0.825917 0.825917 0.825917 0.825917 0.825917 0.825917 0.825917 0.825916 0.825916 0.825916 0.825916 0.825915 0.825915 0.825915 0.825915 0.825914 0.825914 0.825914 0.825914 0.825913 0.825913 0.825913 0.825913 0.825913 0.825912 0.825912 0.825912 
0.838068 0.838068 0.838069 0.838069 0.838069 0.838069 0.838069 0.83807 0.83807 0.83807 0.83807 0.83807 0.838071 0.838071 0.838071 0.838071 0.838071 0.838071 0.838071 0.838071 0.838071 0.838071 0.838071 0.838071 0.838071 0.838071 0.838071 0.83807 0.83807 0.83807 0.83807 0.83807 0.838069 0.838069 0.838069 0.838069 0.838069 0.838068 0.838068 0.838068 0.838068 0.838068 0.838067 0.838067 0.838067 0.838067 0.838067 0.838067 0.838067 0.838067 0.838067 0.838067 0.838067 0.838067 0.838067 0.838067 0.838067 0.838067 0.838067 0.838068 0.838068 0.838068 
0.842128 0.842128 0.842129 0.842129 0.84213 0.84213 0.842131 0.842131 0.842131 0.842131 0.842132 0.842132 0.842132 0.842132 0.842132 0.842132 0.842132 0.842131 0.842131 0.842131 0.842131 0.84213 0.84213 0.842129 0.842129 0.842129 0.842128 0.842128 0.842127 0.842127 0.842126 0.842126 0.842125 0.842125 0.842124 0.842124 0.842123 0.842123 0.842123 0.842122 0.842122 0.842122 0.842122 0.842122 0.842122 0.842122 0.842122 0.842122 0.842122 0.842122 0.842122 0.842123 0.842123 0.842124 0.842124 0.842124 0.842125 0.842125 0.842126 0.842126 0.842127 0.842127 
0.838073 0.838074 0.838074 0.838075 0.838075 0.838076 0.838076 0.838076 0.838077 0.838077 0.838077 0.838077 0.838077 0.838076 0.838076 0.838076 0.838076 0.838075 0.838075 0.838074 0.838073 0.838073 0.838072 0.838071 0.83807 0.83807 0.838069 0.838068 0.838067 0.838067 0.838066 0.838065 0.838065 0.838064 0.838063 0.838063 0.838062 0.838062 0.838062 0.838062 0.838061 0.838061 0.838061 0.838062 0.838062 0.838062 0.838062 0.838063 0.838063 0.838064 0.838064 0.838065 0.838066 0.838066 0.838067 0.838068 0.838069 0.838069 0.83807 0.838071 0.838072 0.838072 
0.825922 0.825922 0.825923 0.825923 0.825924 0.825924 0.825924 0.825924 0.825924 0.825924 0.825924 0.825923 0.825923 0.825922 0.825922 0.825921 0.825921 0.82592 0.825919 0.825918 0.825917 0.825916 0.825915 0.825914 0.825913 0.825913 0.825912 0.825911 0.82591 0.825909 0.825909 0.825908 0.825907 0.825907 0.825906 0.825906 0.825906 0.825906 0.825906 0.825906 0.825906 0.825906 0.825906 0.825907 0.825907 0.825908 0.825908 0.825909 0.82591 0.825911 0.825912 0.825913 0.825913 0.825914 0.825915 0.825916 0.825917 0.825918 0.825919 0.82592 0.825921 0.825921 
0.805731 0.805732 0.805732 0.805732 0.805732 0.805732 0.805731 0.805731 0.805731 0.80573 0.805729 0.805729 0.805728 0.805727 0.805726 0.805725 0.805725 0.805724 0.805723 0.805722 0.805721 0.80572 0.805719 0.805718 0.805717 0.805716 0.805715 0.805715 0.805714 0.805714 0.805713 0.805713 0.805713 0.805712 0.805712 0.805712 0.805712 0.805713 0.805713 0.805713 0.805714 0.805715 0.805715 0.805716 0.805717 0.805718 0.805719 0.80572 0.80572 0.805721 0.805722 0.805723 0.805724 0.805725 0.805726 0.805727 0.805728 0.805729 0.805729 0.80573 0.80573 0.805731 
0.777602 0.777601 0.777601 0.777601 0.7776 0.7776 0.777599 0.777598 0.777598 0.777597 0.777596 0.777595 0.777594 0.777593 0.777592 0.777591 0.77759 0.77759 0.777589 0.777588 0.777587 0.777586 0.777586 0.777585 0.777584 0.777584 0.777584 0.777583 0.777583 0.777583 0.777583 0.777583 0.777583 0.777584 0.777584 0.777585 0.777585 0.777586 0.777586 0.777587 0.777588 0.777589 0.77759 0.777591 0.777592 0.777593 0.777594 0.777594 0.777595 0.777596 0.777597 0.777598 0.777599 0.777599 0.7776 0.7776 0.777601 0.777601 0.777602 0.777602 0.777602 0.777602 
0.741686 0.741685 0.741684 0.741684 0.741683 0.741682 0.741681 0.741681 0.74168 0.741679 0.741678 0.741677 0.741676 0.741676 0.741675 0.741674 0.741673 0.741673 0.741672 0.741672 0.741672 0.741671 0.741671 0.741671 0.741671 0.741671 0.741671 0.741671 0.741671 0.741672 0.741672 0.741673 0.741673 0.741674 0.741675 0.741675 0.741676 0.741677 0.741678 0.741679 0.74168 0.74168 0.741681 0.741682 0.741683 0.741684 0.741684 0.741685 0.741686 0.741686 0.741687 0.741687 0.741687 0.741687 0.741688 0.741688 0.741688 0.741687 0.741687 0.741687 0.741687 0.741686 
0.698198 0.698198 0.698197 0.698196 0.698196 0.698195 0.698194 0.698193 0.698193 0.698192 0.698192 0.698191 0.698191 0.69819 0.69819 0.69819 0.698189 0.698189 0.698189 0.698189 0.698189 0.698189 0.69819 0.69819 0.69819 0.698191 0.698191 0.698192 0.698192 0.698193 0.698194 0.698194 0.698195 0.698196 0.698196 0.698197 0.698198 0.698199 0.698199 0.6982 0.6982 0.698201 0.698201 0.698202 0.698202 0.698203 0.698203 0.698203 0.698203 0.698203 0.698203 0.698203 0.698203 0.698203 0.698203 0.698202 0.698202 0.698201 0.698201 0.6982 0.6982 0.698199 
0.647428 0.647427 0.647427 0.647426 0.647426 0.647425 0.647425 0.647425 0.647425 0.647424 0.647424 0.647424 0.647424 0.647424 0.647424 0.647424 0.647424 0.647424 0.647425 0.647425 0.647425 0.647426 0.647426 0.647427 0.647427 0.647428 0.647428 0.647429 0.647429 0.64743 0.647431 0.647431 0.647432 0.647432 0.647433 0.647433 0.647433 0.647434 0.647434 0.647434 0.647435 0.647435 0.647435 0.647435 0.647435 0.647435 0.647435 0.647435 0.647434 0.647434 0.647434 0.647433 0.647433 0.647433 0.647432 0.647432 0.647431 0.647431 0.64743 0.647429 0.647429 0.647428 
0.589744 0.589744 0.589744 0.589744 0.589744 0.589744 0.589744 0.589744 0.589744 0.589744 0.589744 0.589744 0.589744 0.589744 0.589745 0.589745 0.589745 0.589745 0.589746 0.589746 0.589747 0.589747 0.589747 0.589748 0.589748 0.589749 0.589749 0.589749 0.58975 0.58975 0.58975 0.58975 0.589751 0.589751 0.589751 0.589751 0.589751 0.589751 0.589751 0.589751 0.589751 0.589751 0.589751 0.589751 0.58975 0.58975 0.58975 0.58975 0.589749 0.589749 0.589749 0.589748 0.589748 0.589747 0.589747 0.589747 0.589746 0.589746 0.589746 0.589745 0.589745 0.589745 
0.52561 0.52561 0.52561 0.52561 0.52561 0.52561 0.52561 0.525611 0.525611 0.525611 0.525611 0.525611 0.525611 0.525612 0.525612 0.525612 0.525612 0.525613 0.525613 0.525613 0.525613 0.525614 0.525614 0.525614 0.525614 0.525614 0.525615 0.525615 0.525615 0.525615 0.525615 0.525615 0.525615 0.525615 0.525615 0.525615 0.525615 0.525615 0.525614 0.525614 0.525614 0.525614 0.525614 0.525614 0.525613 0.525613 0.525613 0.525613 0.525612 0.525612 0.525612 0.525612 0.525611 0.525611 0.525611 0.525611 0.525611 0.52561 0.52561 0.52561 0.52561 0.52561 
0.455587 0.455587 0.455587 0.455587 0.455588 0.455588 0.455588 0.455588 0.455588 0.455588 0.455588 0.455588 0.455588 0.455589 0.455589 0.455589 0.455589 0.455589 0.455589 0.455589 0.455589 0.455589 0.45559 0.45559 0.45559 0.45559 0.45559 0.45559 0.45559 0.45559 0.45559 0.455589 0.455589 0.455589 0.455589 0.455589 0.455589 0.455589 0.455589 0.455589 0.455589 0.455588 0.455588 0.455588 0.455588 0.455588 0.455588 0.455588 0.455588 0.455587 0.455587 0.455587 0.455587 0.455587 0.455587 0.455587 0.455587 0.455587 0.455587 0.455587 0.455587 0.455587 
0.380344 0.380344 0.380344 0.380344 0.380344 0.380344 0.380344 0.380344 0.380344 0.380344 0.380344 0.380344 0.380344 0.380344 0.380344 0.380344 0.380344 0.380344 0.380344 0.380344 0.380345 0.380345 0.380345 0.380345 0.380344 0.380344 0.380344 0.380344 0.380344 0.380344 0.380344 0.380344 0.380344 0.380344 0.380344 0.380344 0.380344 0.380344 0.380344 0.380344 0.380344 0.380344 0.380344 0.380344 0.380344 0.380344 0.380344 0.380344 0.380343 0.380343 0.380343 0.380343 0.380343 0.380343 0.380343 0.380343 0.380343 0.380343 0.380344 0.380344 0.380344 0.380344 
0.300653 0.300653 0.300653 0.300653 0.300653 0.300653 0.300653 0.300653 0.300653 0.300653 0.300653 0.300653 0.300653 0.300653 0.300653 0.300653 0.300653 0.300653 0.300653 0.300653 0.300653 0.300653 0.300653 0.300653 0.300653 0.300653 0.300653 0.300653 0.300653 0.300653 0.300653 0.300653 0.300653 0.300653 0.300653 0.300653 0.300653 0.300653 0.300653 0.300653 0.300653 0.300653 0.300653 0.300653 0.300653 0.300653 0.300653 0.300653 0.300653 0.300653 0.300653 0.300653 0.300653 0.300653 0.300653 0.300653 0.300653 0.300653 0.300653 0.300653 0.300653 0.300653 
0.217386 0.217386 0.217386 0.217386 0.217386 0.217386 0.217386 0.217386 0.217386 0.217386 0.217386 0.217386 0.217386 0.217386 0.217386 0.217386 0.217386 0.217386 0.217386 0.217386 0.217386 0.217386 0.217386 0.217386 0.217386 0.217386 0.217386 0.217386 0.217386 0.217386 0.217386 0.217386 0.217386 0.217386 0.217386 0.217386 0.217386 0.217386 0.217386 0.217386 0.217386 0.217386 0.217386 0.217386 0.217386 0.217386 0.217386 0.217386 0.217386 0.217386 0.217386 0.217386 0.217386 0.217386 0.217386 0.217386 0.217386 0.217386 0.217386 0.217386 0.217386 0.217386 
0.131499 0.131499 0.131499 0.131499 0.131499 0.131499 0.131499 0.131499 0.131499 0.131499 0.131499 0.131499 0.131499 0.131499 0.131499 0.131499 0.131499 0.131499 0.131499 0.131499 0.131499 0.131499 0.131499 0.131499 0.131499 0.131499 0.131499 0.131499 0.131499 0.131499 0.131499 0.131499 0.131499 0.131499 0.131499 0.131499 0.131499 0.131499 0.131499 0.131499 0.131499 0.131499 0.131499 0.131499 0.131499 0.131499 0.131499 0.131499 0.131499 0.131499 0.131499 0.131499 0.131499 0.131499 0.131499 0.131499 0.131499 0.131499 0.131499 0.131499 0.131499 0.131499 
0.0440123 0.0440123 0.0440123 0.0440123 0.0440123 0.0440123 0.0440123 0.0440123 0.0440123 0.0440123 0.0440123 0.0440123 0.0440123 0.0440123 0.0440123 0.0440123 0.0440123 0.0440123 0.0440123 0.0440124 0.0440124 0.0440124 0.0440124 0.0440124 0.0440124 0.0440124 0.0440124 0.0440124 0.0440124 0.0440124 0.0440124 0.0440124 0.0440124 0.0440125 0.0440125 0.0440125 0.0440125 0.0440125 0.0440125 0.0440125 0.0440125 0.0440125 0.0440125 0.0440125 0.0440124 0.0440124 0.0440124 0.0440124 0.0440124 0.0440124 0.0440124 0.0440124 0.0440124 0.0440124 0.0440124 0.0440124 0.0440124 0.0440123 0.0440123 0.0440123 0.0440123 0.0440123 
