0.0429439 0.0429439 0.0429439 0.0429439 0.0429439 0.0429439 0.0429439 0.0429439 0.0429439 0.0429439 0.0429439 0.0429439 0.0429439 0.0429439 0.0429439 0.0429439 0.042944 0.042944 0.042944 0.042944 0.042944 0.042944 0.042944 0.042944 0.042944 0.042944 0.042944 0.042944 0.042944 0.042944 0.042944 0.042944 0.042944 0.042944 0.0429439 0.0429439 0.0429439 0.0429439 0.0429439 0.0429439 0.0429439 0.0429439 0.0429439 0.0429439 0.0429439 0.0429439 0.0429439 0.0429439 0.0429439 0.0429439 0.0429439 0.0429439 0.0429439 0.0429439 0.0429439 0.0429439 0.0429439 0.0429439 0.0429439 0.0429439 0.0429439 0.0429439 
0.12832 0.12832 0.12832 0.12832 0.12832 0.12832 0.12832 0.12832 0.12832 0.12832 0.12832 0.12832 0.12832 0.128321 0.128321 0.128321 0.128321 0.128321 0.128321 0.128321 0.128321 0.128321 0.128321 0.128321 0.128321 0.128321 0.128321 0.128321 0.128321 0.128321 0.128321 0.12832 0.12832 0.12832 0.12832 0.12832 0.12832 0.12832 0.12832 0.12832 0.12832 0.12832 0.12832 0.12832 0.12832 0.12832 0.12832 0.12832 0.12832 0.12832 0.12832 0.12832 0.12832 0.12832 0.12832 0.12832 0.12832 0.12832 0.12832 0.12832 0.12832 0.12832 
0.212175 0.212175 0.212175 0.212175 0.212175 0.212175 0.212175 0.212175 0.212175 0.212175 0.212175 0.212175 0.212175 0.212175 0.212175 0.212175 0.212175 0.212175 0.212175 0.212175 0.212175 0.212175 0.212175 0.212175 0.212175 0.212175 0.212175 0.212175 0.212175 0.212175 0.212175 0.212175 0.212175 0.212175 0.212175 0.212175 0.212175 0.212175 0.212175 0.212175 0.212175 0.212175 0.212175 0.212175 0.212175 0.212175 0.212175 0.212175 0.212175 0.212175 0.212175 0.212175 0.212175 0.212175 0.212175 0.212175 0.212175 0.212175 0.212175 0.212175 0.212175 0.212175 
0.293533 0.293533 0.293533 0.293533 0.293533 0.293533 0.293533 0.293533 0.293533 0.293533 0.293533 0.293533 0.293533 0.293533 0.293533 0.293533 0.293533 0.293533 0.293533 0.293533 0.293533 0.293533 0.293533 0.293533 0.293533 0.293533 0.293533 0.293533 0.293533 0.293533 0.293533 0.293533 0.293533 0.293533 0.293533 0.293533 0.293533 0.293533 0.293533 0.293533 0.293533 0.293533 0.293533 0.293533 0.293533 0.293533 0.293533 0.293533 0.293533 0.293533 0.293533 0.293533 0.293533 0.293533 0.293533 0.293533 0.293533 0.293533 0.293533 0.293533 0.293533 0.293533 
0.371476 0.371476 0.371476 0.371476 0.371476 0.371476 0.371476 0.371476 0.371476 0.371476 0.371476 0.371476 0.371476 0.371476 0.371476 0.371476 0.371476 0.371476 0.371476 0.371476 0.371476 0.371476 0.371476 0.371476 0.371476 0.371476 0.371476 0.371476 0.371476 0.371476 0.371476 0.371476 0.371476 0.371476 0.371476 0.371476 0.371476 0.371476 0.371476 0.371476 0.371476 0.371476 0.371476 0.371476 0.371476 0.371476 0.371476 0.371476 0.371476 0.371476 0.371476 0.371476 0.371476 0.371476 0.371476 0.371476 0.371476 0.371476 0.371476 0.371476 0.371476 0.371476 
0.445159 0.445159 0.445159 0.445159 0.445159 0.445159 0.445159 0.445159 0.445159 0.445159 0.445159 0.445159 0.445159 0.445159 0.445159 0.445159 0.445159 0.445159 0.445159 0.445159 0.445159 0.445159 0.445159 0.445159 0.445159 0.445159 0.445159 0.445159 0.445159 0.445159 0.445159 0.445159 0.445159 0.445159 0.445159 0.445159 0.445159 0.445159 0.445159 0.445159 0.445159 0.445159 0.445159 0.445159 0.445159 0.445159 0.445159 0.445159 0.445159 0.445159 0.445159 0.445159 0.445159 0.445159 0.445159 0.445159 0.445159 0.445159 0.445159 0.445159 0.445159 0.445159 
0.513823 0.513823 0.513823 0.513824 0.513824 0.513824 0.513824 0.513824 0.513824 0.513824 0.513824 0.513824 0.513824 0.513824 0.513824 0.513823 0.513823 0.513823 0.513823 0.513823 0.513823 0.513823 0.513823 0.513823 0.513823 0.513823 0.513823 0.513823 0.513822 0.513822 0.513822 0.513822 0.513822 0.513822 0.513822 0.513822 0.513822 0.513822 0.513822 0.513822 0.513822 0.513822 0.513822 0.513822 0.513822 0.513822 0.513822 0.513822 0.513822 0.513822 0.513822 0.513822 0.513823 0.513823 0.513823 0.513823 0.513823 0.513823 0.513823 0.513823 0.513823 0.513823 
0.576803 0.576803 0.576803 0.576803 0.576803 0.576803 0.576804 0.576804 0.576804 0.576804 0.576804 0.576804 0.576804 0.576804 0.576804 0.576804 0.576804 0.576804 0.576804 0.576804 0.576804 0.576803 0.576803 0.576803 0.576803 0.576803 0.576803 0.576803 0.576802 0.576802 0.576802 0.576802 0.576802 0.576801 0.576801 0.576801 0.576801 0.576801 0.576801 0.576801 0.576801 0.576801 0.576801 0.576801 0.576801 0.576801 0.576801 0.576801 0.576801 0.576801 0.576801 0.576801 0.576801 0.576801 0.576801 0.576801 0.576802 0.576802 0.576802 0.576802 0.576802 0.576803 
0.633527 0.633527 0.633528 0.633528 0.633528 0.633529 0.633529 0.633529 0.633529 0.63353 0.63353 0.63353 0.63353 0.63353 0.63353 0.63353 0.633531 0.633531 0.633531 0.633531 0.63353 0.63353 0.63353 0.63353 0.63353 0.63353 0.63353 0.633529 0.633529 0.633529 0.633529 0.633528 0.633528 0.633528 0.633527 0.633527 0.633527 0.633527 0.633526 0.633526 0.633526 0.633526 0.633525 0.633525 0.633525 0.633525 0.633525 0.633525 0.633525 0.633525 0.633525 0.633525 0.633525 0.633525 0.633525 0.633526 0.633526 0.633526 0.633526 0.633526 0.633527 0.633527 
0.683521 0.683522 0.683522 0.683522 0.683523 0.683523 0.683524 0.683524 0.683524 0.683525 0.683525 0.683525 0.683526 0.683526 0.683526 0.683527 0.683527 0.683527 0.683527 0.683527 0.683527 0.683527 0.683527 0.683527 0.683527 0.683527 0.683527 0.683527 0.683527 0.683526 0.683526 0.683526 0.683525 0.683525 0.683525 0.683524 0.683524 0.683523 0.683523 0.683523 0.683522 0.683522 0.683521 0.683521 0.683521 0.683521 0.68352 0.68352 0.68352 0.68352 0.68352 0.68352 0.68352 0.68352 0.68352 0.68352 0.68352 0.68352 0.68352 0.68352 0.683521 0.683521 
0.726399 0.726399 0.726399 0.7264 0.7264 0.726401 0.726401 0.726402 0.726402 0.726402 0.726403 0.726403 0.726404 0.726404 0.726405 0.726405 0.726406 0.726406 0.726406 0.726406 0.726407 0.726407 0.726407 0.726407 0.726407 0.726407 0.726407 0.726407 0.726407 0.726407 0.726407 0.726406 0.726406 0.726406 0.726405 0.726405 0.726404 0.726404 0.726403 0.726403 0.726403 0.726402 0.726402 0.726401 0.726401 0.7264 0.7264 0.726399 0.726399 0.726399 0.726399 0.726398 0.726398 0.726398 0.726398 0.726398 0.726398 0.726398 0.726398 0.726398 0.726398 0.726399 
0.761854 0.761854 0.761855 0.761855 0.761855 0.761856 0.761856 0.761856 0.761857 0.761857 0.761858 0.761858 0.761859 0.761859 0.76186 0.76186 0.761861 0.761861 0.761861 0.761862 0.761862 0.761862 0.761863 0.761863 0.761863 0.761863 0.761863 0.761863 0.761863 0.761863 0.761863 0.761863 0.761863 0.761863 0.761862 0.761862 0.761862 0.761861 0.761861 0.76186 0.76186 0.761859 0.761859 0.761858 0.761858 0.761857 0.761857 0.761857 0.761856 0.761856 0.761855 0.761855 0.761855 0.761854 0.761854 0.761854 0.761854 0.761854 0.761854 0.761854 0.761854 0.761854 
0.789654 0.789654 0.789654 0.789654 0.789654 0.789655 0.789655 0.789655 0.789656 0.789656 0.789656 0.789657 0.789657 0.789657 0.789658 0.789658 0.789659 0.789659 0.789659 0.78966 0.78966 0.78966 0.789661 0.789661 0.789661 0.789661 0.789661 0.789661 0.789661 0.789661 0.789661 0.789661 0.789661 0.789661 0.789661 0.789661 0.78966 0.78966 0.78966 0.789659 0.789659 0.789659 0.789658 0.789658 0.789658 0.789657 0.789657 0.789656 0.789656 0.789656 0.789655 0.789655 0.789655 0.789654 0.789654 0.789654 0.789654 0.789654 0.789654 0.789654 0.789654 0.789654 
0.809626 0.809626 0.809626 0.809627 0.809627 0.809627 0.809627 0.809627 0.809627 0.809628 0.809628 0.809628 0.809628 0.809628 0.809629 0.809629 0.809629 0.809629 0.80963 0.80963 0.80963 0.80963 0.80963 0.80963 0.80963 0.80963 0.809631 0.809631 0.809631 0.809631 0.809631 0.80963 0.80963 0.80963 0.80963 0.80963 0.80963 0.80963 0.809629 0.809629 0.809629 0.809629 0.809629 0.809628 0.809628 0.809628 0.809628 0.809627 0.809627 0.809627 0.809627 0.809627 0.809627 0.809626 0.809626 0.809626 0.809626 0.809626 0.809626 0.809626 0.809626 0.809626 
0.821656 0.821656 0.821656 0.821656 0.821656 0.821656 0.821656 0.821656 0.821656 0.821656 0.821656 0.821656 0.821656 0.821656 0.821656 0.821656 0.821656 0.821656 0.821656 0.821656 0.821656 0.821656 0.821656 0.821656 0.821656 0.821656 0.821656 0.821656 0.821655 0.821655 0.821655 0.821655 0.821655 0.821655 0.821655 0.821655 0.821655 0.821655 0.821654 0.821654 0.821654 0.821654 0.821654 0.821654 0.821654 0.821654 0.821654 0.821654 0.821654 0.821654 0.821654 0.821654 0.821655 0.821655 0.821655 0.821655 0.821655 0.821655 0.821655 0.821655 0.821655 0.821655 
0.825674 0.825675 0.825675 0.825675 0.825675 0.825675 0.825675 0.825675 0.825675 0.825674 0.825674 0.825674 0.825674 0.825674 0.825673 0.825673 0.825673 0.825673 0.825672 0.825672 0.825672 0.825671 0.825671 0.825671 0.82567 0.82567 0.82567 0.82567 0.825669 0.825669 0.825669 0.825669 0.825669 0.825669 0.825669 0.825669 0.825669 0.825669 0.825669 0.825669 0.825669 0.825669 0.825669 0.825669 0.82567 0.82567 0.82567 0.82567 0.825671 0.825671 0.825671 0.825672 0.825672 0.825672 0.825673 0.825673 0.825673 0.825673 0.825674 0.825674 0.825674 0.825674 
0.821661 0.821661 0.821661 0.821661 0.821661 0.82166 0.82166 0.82166 0.82166 0.821659 0.821659 0.821659 0.821658 0.821658 0.821657 0.821657 0.821656 0.821656 0.821655 0.821655 0.821654 0.821654 0.821653 0.821653 0.821652 0.821652 0.821651 0.821651 0.821651 0.821651 0.821651 0.82165 0.82165 0.82165 0.82165 0.82165 0.821651 0.821651 0.821651 0.821651 0.821652 0.821652 0.821652 0.821653 0.821653 0.821654 0.821654 0.821655 0.821655 0.821656 0.821656 0.821657 0.821657 0.821658 0.821658 0.821659 0.821659 0.82166 0.82166 0.82166 0.82166 0.82166 
0.809635 0.809635 0.809635 0.809635 0.809634 0.809634 0.809633 0.809633 0.809633 0.809632 0.809631 0.809631 0.80963 0.80963 0.809629 0.809628 0.809628 0.809627 0.809626 0.809626 0.809625 0.809625 0.809624 0.809624 0.809623 0.809623 0.809623 0.809622 0.809622 0.809622 0.809622 0.809622 0.809622 0.809623 0.809623 0.809623 0.809623 0.809624 0.809624 0.809625 0.809625 0.809626 0.809627 0.809627 0.809628 0.809628 0.809629 0.80963 0.80963 0.809631 0.809632 0.809632 0.809633 0.809633 0.809634 0.809634 0.809634 0.809635 0.809635 0.809635 0.809635 0.809635 
0.789664 0.789664 0.789663 0.789663 0.789662 0.789662 0.789661 0.78966 0.78966 0.789659 0.789658 0.789658 0.789657 0.789656 0.789656 0.789655 0.789654 0.789654 0.789653 0.789653 0.789652 0.789652 0.789652 0.789651 0.789651 0.789651 0.789651 0.789651 0.789651 0.789651 0.789652 0.789652 0.789652 0.789653 0.789653 0.789654 0.789654 0.789655 0.789655 0.789656 0.789657 0.789657 0.789658 0.789659 0.78966 0.78966 0.789661 0.789661 0.789662 0.789663 0.789663 0.789664 0.789664 0.789664 0.789664 0.789665 0.789665 0.789665 0.789665 0.789665 0.789665 0.789664 
0.761863 0.761862 0.761862 0.761861 0.761861 0.76186 0.761859 0.761859 0.761858 0.761857 0.761857 0.761856 0.761856 0.761855 0.761855 0.761854 0.761854 0.761853 0.761853 0.761853 0.761853 0.761853 0.761853 0.761853 0.761853 0.761853 0.761853 0.761853 0.761854 0.761854 0.761855 0.761855 0.761856 0.761856 0.761857 0.761858 0.761858 0.761859 0.76186 0.76186 0.761861 0.761862 0.761862 0.761863 0.761863 0.761864 0.761864 0.761865 0.761865 0.761865 0.761865 0.761866 0.761866 0.761866 0.761866 0.761866 0.761865 0.761865 0.761865 0.761864 0.761864 0.761864 
0.726404 0.726403 0.726403 0.726402 0.726402 0.726401 0.7264 0.7264 0.726399 0.726399 0.726399 0.726398 0.726398 0.726398 0.726398 0.726397 0.726397 0.726397 0.726397 0.726398 0.726398 0.726398 0.726398 0.726399 0.726399 0.726399 0.7264 0.7264 0.726401 0.726401 0.726402 0.726402 0.726403 0.726404 0.726404 0.726405 0.726405 0.726406 0.726406 0.726407 0.726407 0.726408 0.726408 0.726408 0.726409 0.726409 0.726409 0.726409 0.726409 0.726409 0.726409 0.726409 0.726408 0.726408 0.726408 0.726407 0.726407 0.726407 0.726406 0.726406 0.726405 0.726404 
0.683522 0.683522 0.683521 0.683521 0.683521 0.68352 0.68352 0.68352 0.68352 0.68352 0.683519 0.683519 0.683519 0.68352 0.68352 0.68352 0.68352 0.68352 0.683521 0.683521 0.683521 0.683522 0.683522 0.683523 0.683523 0.683523 0.683524 0.683524 0.683525 0.683525 0.683526 0.683526 0.683527 0.683527 0.683527 0.683528 0.683528 0.683528 0.683529 0.683529 0.683529 0.683529 0.683529 0.683529 0.683529 0.683529 0.683529 0.683528 0.683528 0.683528 0.683528 0.683527 0.683527 0.683526 0.683526 0.683525 0.683525 0.683524 0.683524 0.683524 0.683523 0.683523 
0.633525 0.633525 0.633525 0.633525 0.633525 0.633525 0.633525 0.633525 0.633525 0.633525 0.633525 0.633525 0.633526 0.633526 0.633526 0.633526 0.633527 0.633527 0.633527 0.633528 0.633528 0.633529 0.633529 0.633529 0.63353 0.63353 0.63353 0.633531 0.633531 0.633531 0.633531 0.633532 0.633532 0.633532 0.633532 0.633532 0.633532 0.633532 0.633532 0.633532 0.633532 0.633532 0.633532 0.633531 0.633531 0.633531 0.63353 0.63353 0.63353 0.633529 0.633529 0.633529 0.633528 0.633528 0.633528 0.633527 0.633527 0.633527 0.633526 0.633526 0.633526 0.633525 
0.5768 0.5768 0.5768 0.576801 0.576801 0.576801 0.576801 0.576801 0.576801 0.576802 0.576802 0.576802 0.576802 0.576803 0.576803 0.576803 0.576803 0.576804 0.576804 0.576804 0.576804 0.576805 0.576805 0.576805 0.576805 0.576805 0.576805 0.576805 0.576806 0.576806 0.576806 0.576806 0.576806 0.576805 0.576805 0.576805 0.576805 0.576805 0.576805 0.576805 0.576804 0.576804 0.576804 0.576804 0.576803 0.576803 0.576803 0.576803 0.576802 0.576802 0.576802 0.576802 0.576801 0.576801 0.576801 0.576801 0.576801 0.576801 0.576801 0.5768 0.5768 0.5768 
0.513822 0.513822 0.513822 0.513823 0.513823 0.513823 0.513823 0.513823 0.513823 0.513823 0.513824 0.513824 0.513824 0.513824 0.513824 0.513824 0.513825 0.513825 0.513825 0.513825 0.513825 0.513825 0.513825 0.513825 0.513825 0.513825 0.513825 0.513825 0.513825 0.513825 0.513825 0.513825 0.513825 0.513825 0.513824 0.513824 0.513824 0.513824 0.513824 0.513824 0.513823 0.513823 0.513823 0.513823 0.513823 0.513823 0.513823 0.513822 0.513822 0.513822 0.513822 0.513822 0.513822 0.513822 0.513822 0.513822 0.513822 0.513822 0.513822 0.513822 0.513822 0.513822 
0.445159 0.445159 0.445159 0.44516 0.44516 0.44516 0.44516 0.44516 0.44516 0.44516 0.44516 0.44516 0.44516 0.44516 0.44516 0.44516 0.44516 0.44516 0.44516 0.44516 0.44516 0.44516 0.44516 0.44516 0.44516 0.44516 0.44516 0.44516 0.44516 0.44516 0.44516 0.44516 0.44516 0.44516 0.44516 0.445159 0.445159 0.445159 0.445159 0.445159 0.445159 0.445159 0.445159 0.445159 0.445159 0.445159 0.445159 0.445159 0.445159 0.445159 0.445159 0.445159 0.445159 0.445159 0.445159 0.445159 0.445159 0.445159 0.445159 0.445159 0.445159 0.445159 
0.371477 0.371477 0.371477 0.371477 0.371477 0.371477 0.371477 0.371477 0.371477 0.371477 0.371477 0.371477 0.371477 0.371477 0.371477 0.371477 0.371477 0.371477 0.371477 0.371477 0.371477 0.371477 0.371477 0.371477 0.371477 0.371477 0.371477 0.371477 0.371477 0.371477 0.371477 0.371477 0.371477 0.371477 0.371476 0.371476 0.371476 0.371476 0.371476 0.371476 0.371476 0.371476 0.371476 0.371476 0.371476 0.371476 0.371476 0.371476 0.371476 0.371476 0.371476 0.371476 0.371476 0.371476 0.371476 0.371476 0.371476 0.371477 0.371477 0.371477 0.371477 0.371477 
0.293534 0.293534 0.293534 0.293534 0.293534 0.293534 0.293534 0.293534 0.293534 0.293534 0.293534 0.293534 0.293534 0.293534 0.293534 0.293534 0.293534 0.293534 0.293534 0.293534 0.293534 0.293534 0.293534 0.293534 0.293534 0.293534 0.293534 0.293534 0.293534 0.293534 0.293534 0.293534 0.293534 0.293534 0.293534 0.293534 0.293534 0.293534 0.293534 0.293534 0.293534 0.293534 0.293534 0.293534 0.293534 0.293534 0.293534 0.293534 0.293534 0.293534 0.293534 0.293534 0.293534 0.293534 0.293534 0.293534 0.293534 0.293534 0.293534 0.293534 0.293534 0.293534 
0.212175 0.212175 0.212175 0.212175 0.212175 0.212175 0.212175 0.212175 0.212176 0.212176 0.212176 0.212176 0.212176 0.212176 0.212176 0.212176 0.212176 0.212176 0.212176 0.212176 0.212176 0.212176 0.212176 0.212176 0.212176 0.212176 0.212176 0.212176 0.212176 0.212176 0.212176 0.212176 0.212176 0.212176 0.212176 0.212176 0.212176 0.212176 0.212176 0.212176 0.212176 0.212176 0.212176 0.212176 0.212175 0.212175 0.212175 0.212175 0.212175 0.212175 0.212175 0.212175 0.212175 0.212175 0.212175 0.212175 0.212175 0.212175 0.212175 0.212175 0.212175 0.212175 
0.128321 0.128321 0.128321 0.128321 0.128321 0.128321 0.128321 0.128321 0.128321 0.128321 0.128321 0.128321 0.128321 0.128321 0.128321 0.128321 0.128321 0.128321 0.128321 0.128321 0.128321 0.128321 0.128321 0.128321 0.128321 0.128321 0.128321 0.128321 0.128321 0.128321 0.128321 0.128321 0.128321 0.128321 0.128321 0.128321 0.128321 0.128321 0.128321 0.128321 0.128321 0.128321 0.128321 0.128321 0.128321 0.128321 0.128321 0.128321 0.128321 0.128321 0.128321 0.128321 0.128321 0.128321 0.128321 0.128321 0.128321 0.128321 0.128321 0.128321 0.128321 0.128321 
0.0429439 0.0429439 0.0429439 0.0429439 0.0429439 0.0429439 0.0429439 0.0429439 0.0429439 0.042944 0.042944 0.042944 0.042944 0.042944 0.042944 0.042944 0.042944 0.042944 0.042944 0.042944 0.042944 0.042944 0.042944 0.042944 0.042944 0.042944 0.042944 0.042944 0.042944 0.042944 0.042944 0.042944 0.042944 0.042944 0.042944 0.042944 0.042944 0.042944 0.042944 0.042944 0.042944 0.042944 0.042944 0.042944 0.042944 0.042944 0.042944 0.042944 0.042944 0.042944 0.042944 0.0429439 0.0429439 0.0429439 0.0429439 0.0429439 0.0429439 0.0429439 0.0429439 0.0429439 0.0429439 0.0429439 
