0.0428827 0.0428827 0.0428827 0.0428827 0.0428827 0.0428827 0.0428827 0.0428827 0.0428827 0.0428827 0.0428827 0.0428827 0.0428827 0.0428827 0.0428827 0.0428827 0.0428827 0.0428827 0.0428827 0.0428827 0.0428828 0.0428828 0.0428828 0.0428828 0.0428828 0.0428828 0.0428828 0.0428828 0.0428828 0.0428828 0.0428828 0.0428828 0.0428828 0.0428828 0.0428828 0.0428828 0.0428827 0.0428827 0.0428827 0.0428827 0.0428827 0.0428827 0.0428827 0.0428827 0.0428827 0.0428827 0.0428827 0.0428827 0.0428827 0.0428827 0.0428827 0.0428827 0.0428827 0.0428827 0.0428827 0.0428827 0.0428827 0.0428827 0.0428827 0.0428827 0.0428827 0.0428827 
0.128138 0.128138 0.128138 0.128138 0.128138 0.128138 0.128138 0.128138 0.128138 0.128138 0.128138 0.128138 0.128138 0.128138 0.128138 0.128138 0.128138 0.128138 0.128138 0.128138 0.128138 0.128138 0.128138 0.128138 0.128138 0.128138 0.128138 0.128138 0.128138 0.128138 0.128138 0.128138 0.128138 0.128138 0.128138 0.128138 0.128138 0.128138 0.128138 0.128138 0.128138 0.128138 0.128138 0.128138 0.128138 0.128138 0.128138 0.128138 0.128138 0.128138 0.128138 0.128138 0.128138 0.128138 0.128138 0.128138 0.128138 0.128138 0.128138 0.128138 0.128138 0.128138 
0.211876 0.211876 0.211876 0.211876 0.211876 0.211876 0.211876 0.211876 0.211876 0.211876 0.211876 0.211876 0.211876 0.211876 0.211876 0.211876 0.211876 0.211876 0.211876 0.211876 0.211876 0.211876 0.211876 0.211876 0.211876 0.211876 0.211876 0.211876 0.211876 0.211876 0.211876 0.211876 0.211876 0.211876 0.211876 0.211876 0.211876 0.211876 0.211876 0.211876 0.211876 0.211876 0.211876 0.211876 0.211876 0.211876 0.211876 0.211876 0.211876 0.211876 0.211876 0.211876 0.211876 0.211876 0.211876 0.211876 0.211876 0.211876 0.211876 0.211876 0.211876 0.211876 
0.293124 0.293124 0.293124 0.293124 0.293124 0.293124 0.293124 0.293124 0.293124 0.293124 0.293124 0.293124 0.293124 0.293124 0.293124 0.293124 0.293124 0.293124 0.293124 0.293124 0.293124 0.293124 0.293124 0.293124 0.293124 0.293125 0.293125 0.293125 0.293125 0.293125 0.293125 0.293125 0.293124 0.293124 0.293124 0.293124 0.293124 0.293124 0.293124 0.293124 0.293124 0.293124 0.293124 0.293124 0.293124 0.293124 0.293124 0.293124 0.293124 0.293124 0.293124 0.293124 0.293124 0.293124 0.293124 0.293124 0.293124 0.293124 0.293124 0.293124 0.293124 0.293124 
0.370966 0.370966 0.370966 0.370966 0.370966 0.370966 0.370966 0.370966 0.370966 0.370966 0.370966 0.370966 0.370966 0.370966 0.370966 0.370966 0.370966 0.370966 0.370966 0.370966 0.370966 0.370966 0.370966 0.370966 0.370966 0.370966 0.370966 0.370966 0.370966 0.370966 0.370966 0.370966 0.370966 0.370966 0.370966 0.370966 0.370966 0.370966 0.370966 0.370966 0.370966 0.370966 0.370966 0.370966 0.370966 0.370966 0.370966 0.370966 0.370966 0.370966 0.370966 0.370966 0.370966 0.370966 0.370966 0.370966 0.370966 0.370966 0.370966 0.370966 0.370966 0.370966 
0.444558 0.444558 0.444558 0.444558 0.444558 0.444558 0.444558 0.444558 0.444558 0.444558 0.444558 0.444558 0.444558 0.444558 0.444558 0.444558 0.444558 0.444558 0.444558 0.444558 0.444558 0.444558 0.444558 0.444558 0.444558 0.444558 0.444558 0.444558 0.444558 0.444558 0.444558 0.444558 0.444558 0.444558 0.444558 0.444558 0.444558 0.444558 0.444558 0.444558 0.444558 0.444558 0.444558 0.444558 0.444558 0.444558 0.444558 0.444558 0.444558 0.444558 0.444558 0.444558 0.444558 0.444558 0.444558 0.444558 0.444558 0.444558 0.444558 0.444558 0.444558 0.444558 
0.513142 0.513142 0.513143 0.513143 0.513143 0.513143 0.513143 0.513143 0.513143 0.513143 0.513143 0.513143 0.513143 0.513143 0.513143 0.513143 0.513143 0.513143 0.513143 0.513143 0.513143 0.513143 0.513143 0.513142 0.513142 0.513142 0.513142 0.513142 0.513142 0.513142 0.513142 0.513142 0.513142 0.513142 0.513142 0.513141 0.513141 0.513141 0.513141 0.513141 0.513141 0.513141 0.513141 0.513141 0.513141 0.513141 0.513141 0.513141 0.513141 0.513141 0.513141 0.513142 0.513142 0.513142 0.513142 0.513142 0.513142 0.513142 0.513142 0.513142 0.513142 0.513142 
0.576053 0.576053 0.576054 0.576054 0.576054 0.576054 0.576054 0.576054 0.576054 0.576055 0.576055 0.576055 0.576055 0.576055 0.576055 0.576055 0.576055 0.576055 0.576055 0.576055 0.576055 0.576055 0.576055 0.576055 0.576054 0.576054 0.576054 0.576054 0.576054 0.576054 0.576054 0.576053 0.576053 0.576053 0.576053 0.576053 0.576053 0.576052 0.576052 0.576052 0.576052 0.576052 0.576052 0.576052 0.576052 0.576052 0.576052 0.576052 0.576052 0.576052 0.576052 0.576052 0.576052 0.576052 0.576052 0.576052 0.576052 0.576052 0.576053 0.576053 0.576053 0.576053 
0.63272 0.632721 0.632721 0.632721 0.632721 0.632722 0.632722 0.632722 0.632723 0.632723 0.632723 0.632723 0.632723 0.632724 0.632724 0.632724 0.632724 0.632724 0.632724 0.632724 0.632724 0.632724 0.632724 0.632724 0.632724 0.632724 0.632724 0.632724 0.632724 0.632723 0.632723 0.632723 0.632723 0.632722 0.632722 0.632722 0.632722 0.632721 0.632721 0.632721 0.632721 0.63272 0.63272 0.63272 0.63272 0.632719 0.632719 0.632719 0.632719 0.632719 0.632719 0.632719 0.632719 0.632719 0.632719 0.632719 0.632719 0.632719 0.63272 0.63272 0.63272 0.63272 
0.682668 0.682668 0.682669 0.682669 0.682669 0.68267 0.68267 0.68267 0.682671 0.682671 0.682671 0.682672 0.682672 0.682673 0.682673 0.682673 0.682674 0.682674 0.682674 0.682674 0.682674 0.682675 0.682675 0.682675 0.682675 0.682675 0.682675 0.682675 0.682675 0.682674 0.682674 0.682674 0.682674 0.682673 0.682673 0.682673 0.682672 0.682672 0.682672 0.682671 0.682671 0.682671 0.68267 0.68267 0.682669 0.682669 0.682669 0.682668 0.682668 0.682668 0.682668 0.682668 0.682667 0.682667 0.682667 0.682667 0.682667 0.682667 0.682667 0.682667 0.682668 0.682668 
0.725509 0.725509 0.725509 0.72551 0.72551 0.72551 0.725511 0.725511 0.725511 0.725512 0.725512 0.725513 0.725513 0.725514 0.725514 0.725515 0.725515 0.725515 0.725516 0.725516 0.725517 0.725517 0.725517 0.725517 0.725518 0.725518 0.725518 0.725518 0.725518 0.725518 0.725518 0.725518 0.725517 0.725517 0.725517 0.725517 0.725516 0.725516 0.725516 0.725515 0.725515 0.725514 0.725514 0.725513 0.725513 0.725512 0.725512 0.725511 0.725511 0.725511 0.72551 0.72551 0.72551 0.725509 0.725509 0.725509 0.725509 0.725509 0.725509 0.725509 0.725509 0.725509 
0.760936 0.760937 0.760937 0.760937 0.760937 0.760937 0.760938 0.760938 0.760938 0.760939 0.760939 0.760939 0.76094 0.76094 0.760941 0.760941 0.760942 0.760942 0.760943 0.760943 0.760944 0.760944 0.760944 0.760945 0.760945 0.760945 0.760945 0.760946 0.760946 0.760946 0.760946 0.760946 0.760946 0.760946 0.760946 0.760945 0.760945 0.760945 0.760944 0.760944 0.760944 0.760943 0.760943 0.760942 0.760942 0.760941 0.760941 0.760941 0.76094 0.76094 0.760939 0.760939 0.760938 0.760938 0.760938 0.760937 0.760937 0.760937 0.760937 0.760937 0.760936 0.760936 
0.788716 0.788716 0.788716 0.788716 0.788716 0.788716 0.788716 0.788716 0.788717 0.788717 0.788717 0.788718 0.788718 0.788718 0.788719 0.788719 0.788719 0.78872 0.78872 0.788721 0.788721 0.788721 0.788722 0.788722 0.788722 0.788723 0.788723 0.788723 0.788723 0.788723 0.788723 0.788723 0.788723 0.788723 0.788723 0.788723 0.788723 0.788723 0.788723 0.788722 0.788722 0.788722 0.788721 0.788721 0.788721 0.78872 0.78872 0.78872 0.788719 0.788719 0.788718 0.788718 0.788718 0.788717 0.788717 0.788717 0.788717 0.788716 0.788716 0.788716 0.788716 0.788716 
0.808674 0.808674 0.808674 0.808674 0.808674 0.808675 0.808675 0.808675 0.808675 0.808675 0.808675 0.808675 0.808676 0.808676 0.808676 0.808676 0.808677 0.808677 0.808677 0.808677 0.808677 0.808678 0.808678 0.808678 0.808678 0.808678 0.808678 0.808679 0.808679 0.808679 0.808679 0.808679 0.808679 0.808679 0.808679 0.808679 0.808678 0.808678 0.808678 0.808678 0.808678 0.808678 0.808677 0.808677 0.808677 0.808677 0.808677 0.808676 0.808676 0.808676 0.808676 0.808675 0.808675 0.808675 0.808675 0.808675 0.808675 0.808674 0.808674 0.808674 0.808674 0.808674 
0.820695 0.820695 0.820695 0.820696 0.820696 0.820696 0.820696 0.820696 0.820696 0.820696 0.820696 0.820696 0.820696 0.820696 0.820696 0.820696 0.820696 0.820696 0.820696 0.820696 0.820696 0.820696 0.820696 0.820696 0.820696 0.820696 0.820696 0.820696 0.820696 0.820696 0.820696 0.820696 0.820695 0.820695 0.820695 0.820695 0.820695 0.820695 0.820695 0.820695 0.820695 0.820695 0.820695 0.820694 0.820694 0.820694 0.820694 0.820694 0.820694 0.820694 0.820694 0.820694 0.820694 0.820694 0.820695 0.820695 0.820695 0.820695 0.820695 0.820695 0.820695 0.820695 
0.824711 0.824711 0.824712 0.824712 0.824712 0.824712 0.824712 0.824712 0.824712 0.824712 0.824712 0.824712 0.824712 0.824712 0.824712 0.824711 0.824711 0.824711 0.824711 0.82471 0.82471 0.82471 0.824709 0.824709 0.824709 0.824709 0.824708 0.824708 0.824708 0.824707 0.824707 0.824707 0.824707 0.824707 0.824706 0.824706 0.824706 0.824706 0.824706 0.824706 0.824706 0.824706 0.824706 0.824706 0.824707 0.824707 0.824707 0.824707 0.824707 0.824708 0.824708 0.824708 0.824708 0.824709 0.824709 0.824709 0.82471 0.82471 0.82471 0.824711 0.824711 0.824711 
0.8207 0.8207 0.8207 0.820701 0.820701 0.820701 0.820701 0.8207 0.8207 0.8207 0.8207 0.8207 0.820699 0.820699 0.820699 0.820698 0.820698 0.820697 0.820697 0.820696 0.820696 0.820695 0.820695 0.820694 0.820694 0.820693 0.820693 0.820692 0.820692 0.820692 0.820691 0.820691 0.820691 0.820691 0.820691 0.820691 0.820691 0.820691 0.820691 0.820691 0.820691 0.820691 0.820691 0.820692 0.820692 0.820693 0.820693 0.820693 0.820694 0.820694 0.820695 0.820695 0.820696 0.820696 0.820697 0.820697 0.820698 0.820698 0.820699 0.820699 0.820699 0.8207 
0.808683 0.808683 0.808683 0.808683 0.808683 0.808683 0.808683 0.808682 0.808682 0.808682 0.808681 0.808681 0.80868 0.80868 0.808679 0.808678 0.808678 0.808677 0.808676 0.808676 0.808675 0.808675 0.808674 0.808673 0.808673 0.808672 0.808672 0.808672 0.808671 0.808671 0.808671 0.808671 0.80867 0.80867 0.80867 0.808671 0.808671 0.808671 0.808671 0.808672 0.808672 0.808672 0.808673 0.808673 0.808674 0.808675 0.808675 0.808676 0.808676 0.808677 0.808678 0.808678 0.808679 0.80868 0.80868 0.808681 0.808681 0.808682 0.808682 0.808682 0.808683 0.808683 
0.788727 0.788726 0.788726 0.788726 0.788726 0.788725 0.788725 0.788724 0.788724 0.788723 0.788723 0.788722 0.788721 0.788721 0.78872 0.788719 0.788719 0.788718 0.788717 0.788717 0.788716 0.788716 0.788715 0.788715 0.788714 0.788714 0.788714 0.788713 0.788713 0.788713 0.788713 0.788713 0.788713 0.788714 0.788714 0.788714 0.788715 0.788715 0.788716 0.788716 0.788717 0.788717 0.788718 0.788719 0.788719 0.78872 0.788721 0.788721 0.788722 0.788723 0.788723 0.788724 0.788724 0.788725 0.788725 0.788726 0.788726 0.788726 0.788727 0.788727 0.788727 0.788727 
0.760947 0.760947 0.760946 0.760946 0.760945 0.760945 0.760944 0.760943 0.760943 0.760942 0.760941 0.760941 0.76094 0.760939 0.760939 0.760938 0.760938 0.760937 0.760937 0.760936 0.760936 0.760936 0.760936 0.760935 0.760935 0.760935 0.760935 0.760935 0.760936 0.760936 0.760936 0.760936 0.760937 0.760937 0.760938 0.760938 0.760939 0.76094 0.76094 0.760941 0.760941 0.760942 0.760943 0.760943 0.760944 0.760945 0.760945 0.760946 0.760946 0.760947 0.760947 0.760947 0.760948 0.760948 0.760948 0.760948 0.760948 0.760948 0.760948 0.760948 0.760948 0.760947 
0.725516 0.725516 0.725515 0.725515 0.725514 0.725514 0.725513 0.725512 0.725512 0.725511 0.725511 0.72551 0.72551 0.72551 0.725509 0.725509 0.725509 0.725508 0.725508 0.725508 0.725508 0.725508 0.725508 0.725508 0.725509 0.725509 0.725509 0.72551 0.72551 0.72551 0.725511 0.725511 0.725512 0.725513 0.725513 0.725514 0.725514 0.725515 0.725515 0.725516 0.725516 0.725517 0.725517 0.725518 0.725518 0.725519 0.725519 0.725519 0.725519 0.725519 0.72552 0.72552 0.72552 0.725519 0.725519 0.725519 0.725519 0.725519 0.725518 0.725518 0.725517 0.725517 
0.682671 0.682671 0.68267 0.68267 0.682669 0.682669 0.682669 0.682668 0.682668 0.682668 0.682667 0.682667 0.682667 0.682667 0.682667 0.682667 0.682667 0.682667 0.682667 0.682668 0.682668 0.682668 0.682668 0.682669 0.682669 0.68267 0.68267 0.68267 0.682671 0.682671 0.682672 0.682672 0.682673 0.682673 0.682674 0.682674 0.682674 0.682675 0.682675 0.682675 0.682676 0.682676 0.682676 0.682676 0.682676 0.682676 0.682676 0.682676 0.682676 0.682676 0.682676 0.682676 0.682675 0.682675 0.682675 0.682674 0.682674 0.682673 0.682673 0.682673 0.682672 0.682672 
0.63272 0.63272 0.63272 0.632719 0.632719 0.632719 0.632719 0.632719 0.632719 0.632719 0.632719 0.632719 0.632719 0.632719 0.632719 0.63272 0.63272 0.63272 0.63272 0.632721 0.632721 0.632721 0.632722 0.632722 0.632722 0.632723 0.632723 0.632724 0.632724 0.632724 0.632724 0.632725 0.632725 0.632725 0.632725 0.632726 0.632726 0.632726 0.632726 0.632726 0.632726 0.632726 0.632726 0.632726 0.632726 0.632725 0.632725 0.632725 0.632725 0.632724 0.632724 0.632724 0.632723 0.632723 0.632723 0.632722 0.632722 0.632722 0.632721 0.632721 0.632721 0.63272 
0.576052 0.576051 0.576051 0.576051 0.576051 0.576052 0.576052 0.576052 0.576052 0.576052 0.576052 0.576052 0.576053 0.576053 0.576053 0.576053 0.576053 0.576054 0.576054 0.576054 0.576055 0.576055 0.576055 0.576055 0.576055 0.576056 0.576056 0.576056 0.576056 0.576056 0.576056 0.576056 0.576056 0.576057 0.576057 0.576056 0.576056 0.576056 0.576056 0.576056 0.576056 0.576056 0.576056 0.576055 0.576055 0.576055 0.576055 0.576054 0.576054 0.576054 0.576054 0.576053 0.576053 0.576053 0.576053 0.576053 0.576052 0.576052 0.576052 0.576052 0.576052 0.576052 
0.513141 0.513141 0.513141 0.513142 0.513142 0.513142 0.513142 0.513142 0.513142 0.513142 0.513142 0.513143 0.513143 0.513143 0.513143 0.513143 0.513143 0.513144 0.513144 0.513144 0.513144 0.513144 0.513144 0.513144 0.513144 0.513144 0.513144 0.513144 0.513144 0.513144 0.513144 0.513144 0.513144 0.513144 0.513144 0.513144 0.513144 0.513144 0.513144 0.513143 0.513143 0.513143 0.513143 0.513143 0.513143 0.513142 0.513142 0.513142 0.513142 0.513142 0.513142 0.513142 0.513142 0.513141 0.513141 0.513141 0.513141 0.513141 0.513141 0.513141 0.513141 0.513141 
0.444558 0.444558 0.444558 0.444558 0.444558 0.444558 0.444559 0.444559 0.444559 0.444559 0.444559 0.444559 0.444559 0.444559 0.444559 0.444559 0.444559 0.444559 0.444559 0.444559 0.444559 0.444559 0.444559 0.444559 0.444559 0.444559 0.444559 0.444559 0.444559 0.444559 0.444559 0.444559 0.444559 0.444559 0.444559 0.444559 0.444559 0.444559 0.444559 0.444558 0.444558 0.444558 0.444558 0.444558 0.444558 0.444558 0.444558 0.444558 0.444558 0.444558 0.444558 0.444558 0.444558 0.444558 0.444558 0.444558 0.444558 0.444558 0.444558 0.444558 0.444558 0.444558 
0.370967 0.370967 0.370967 0.370967 0.370967 0.370967 0.370967 0.370967 0.370967 0.370967 0.370967 0.370967 0.370967 0.370967 0.370967 0.370967 0.370967 0.370967 0.370967 0.370967 0.370967 0.370967 0.370967 0.370967 0.370967 0.370967 0.370967 0.370967 0.370967 0.370967 0.370967 0.370967 0.370967 0.370967 0.370967 0.370967 0.370966 0.370966 0.370966 0.370966 0.370966 0.370966 0.370966 0.370966 0.370966 0.370966 0.370966 0.370966 0.370966 0.370966 0.370966 0.370966 0.370966 0.370966 0.370966 0.370966 0.370966 0.370966 0.370966 0.370966 0.370966 0.370967 
0.293125 0.293125 0.293125 0.293125 0.293125 0.293125 0.293125 0.293125 0.293125 0.293125 0.293125 0.293125 0.293125 0.293125 0.293125 0.293125 0.293125 0.293125 0.293125 0.293125 0.293125 0.293125 0.293125 0.293125 0.293125 0.293125 0.293125 0.293125 0.293125 0.293125 0.293125 0.293125 0.293125 0.293125 0.293125 0.293125 0.293125 0.293125 0.293125 0.293125 0.293125 0.293125 0.293125 0.293125 0.293125 0.293125 0.293125 0.293125 0.293125 0.293125 0.293125 0.293125 0.293125 0.293125 0.293125 0.293125 0.293125 0.293125 0.293125 0.293125 0.293125 0.293125 
0.211877 0.211877 0.211877 0.211877 0.211877 0.211877 0.211877 0.211877 0.211877 0.211877 0.211877 0.211877 0.211877 0.211877 0.211877 0.211877 0.211877 0.211877 0.211877 0.211877 0.211877 0.211877 0.211877 0.211877 0.211877 0.211877 0.211877 0.211877 0.211877 0.211877 0.211877 0.211877 0.211877 0.211877 0.211877 0.211877 0.211877 0.211877 0.211877 0.211877 0.211877 0.211877 0.211877 0.211877 0.211877 0.211877 0.211877 0.211877 0.211877 0.211877 0.211877 0.211877 0.211877 0.211877 0.211877 0.211877 0.211877 0.211877 0.211877 0.211877 0.211877 0.211877 
0.128138 0.128138 0.128138 0.128138 0.128138 0.128138 0.128138 0.128138 0.128138 0.128138 0.128138 0.128138 0.128138 0.128138 0.128138 0.128138 0.128138 0.128138 0.128138 0.128139 0.128139 0.128139 0.128139 0.128139 0.128139 0.128139 0.128139 0.128139 0.128139 0.128139 0.128139 0.128139 0.128139 0.128139 0.128139 0.128139 0.128139 0.128139 0.128139 0.128139 0.128139 0.128139 0.128139 0.128138 0.128138 0.128138 0.128138 0.128138 0.128138 0.128138 0.128138 0.128138 0.128138 0.128138 0.128138 0.128138 0.128138 0.128138 0.128138 0.128138 0.128138 0.128138 
0.0428827 0.0428827 0.0428827 0.0428827 0.0428827 0.0428827 0.0428827 0.0428827 0.0428827 0.0428827 0.0428827 0.0428827 0.0428827 0.0428828 0.0428828 0.0428828 0.0428828 0.0428828 0.0428828 0.0428828 0.0428828 0.0428828 0.0428828 0.0428828 0.0428828 0.0428828 0.0428828 0.0428828 0.0428828 0.0428828 0.0428828 0.0428828 0.0428828 0.0428828 0.0428828 0.0428828 0.0428828 0.0428828 0.0428828 0.0428828 0.0428828 0.0428828 0.0428828 0.0428828 0.0428828 0.0428828 0.0428828 0.0428828 0.0428828 0.0428828 0.0428828 0.0428828 0.0428828 0.0428828 0.0428827 0.0428827 0.0428827 0.0428827 0.0428827 0.0428827 0.0428827 0.0428827 
