0.0426396 0.0426396 0.0426396 0.0426396 0.0426396 0.0426396 0.0426396 0.0426396 0.0426396 0.0426396 0.0426396 0.0426396 0.0426396 0.0426396 0.0426396 0.0426396 0.0426396 0.0426396 0.0426396 0.0426396 0.0426396 0.0426396 0.0426396 0.0426396 0.0426396 0.0426396 0.0426396 0.0426396 0.0426396 0.0426396 0.0426396 0.0426396 0.0426397 0.0426397 0.0426397 0.0426397 0.0426397 0.0426397 0.0426397 0.0426397 0.0426397 0.0426397 0.0426397 0.0426397 0.0426397 0.0426397 0.0426397 0.0426397 0.0426397 0.0426396 0.0426396 0.0426396 0.0426396 0.0426396 0.0426396 0.0426396 0.0426396 0.0426396 0.0426396 0.0426396 0.0426396 0.0426396 
0.127415 0.127415 0.127415 0.127415 0.127415 0.127415 0.127415 0.127415 0.127415 0.127415 0.127415 0.127415 0.127415 0.127415 0.127415 0.127415 0.127415 0.127415 0.127415 0.127415 0.127415 0.127415 0.127415 0.127415 0.127415 0.127415 0.127415 0.127415 0.127415 0.127415 0.127415 0.127415 0.127415 0.127415 0.127415 0.127415 0.127415 0.127415 0.127415 0.127415 0.127415 0.127415 0.127415 0.127415 0.127415 0.127415 0.127415 0.127415 0.127415 0.127415 0.127415 0.127415 0.127415 0.127415 0.127415 0.127415 0.127415 0.127415 0.127415 0.127415 0.127415 0.127415 
0.210689 0.210689 0.210689 0.210689 0.210689 0.210689 0.210689 0.210689 0.210689 0.210689 0.210689 0.210689 0.210689 0.210689 0.210689 0.210689 0.210689 0.210689 0.210689 0.210689 0.210689 0.210689 0.210689 0.210689 0.210689 0.210689 0.210689 0.210689 0.210689 0.210689 0.210689 0.210689 0.210689 0.210689 0.210689 0.210689 0.210689 0.210689 0.210689 0.210689 0.210689 0.210689 0.210689 0.210689 0.210689 0.210689 0.210689 0.210689 0.210689 0.210689 0.210689 0.210689 0.210689 0.210689 0.210689 0.210689 0.210689 0.210689 0.210689 0.210689 0.210689 0.210689 
0.291499 0.291499 0.291499 0.291499 0.291499 0.291499 0.291499 0.291499 0.291499 0.291499 0.291499 0.291499 0.291499 0.291499 0.291499 0.291499 0.291499 0.291499 0.291499 0.291499 0.291499 0.291499 0.291499 0.291499 0.291499 0.291499 0.291499 0.291499 0.291499 0.291499 0.291499 0.291499 0.291499 0.291499 0.2915 0.2915 0.2915 0.2915 0.2915 0.2915 0.2915 0.2915 0.2915 0.2915 0.2915 0.2915 0.291499 0.291499 0.291499 0.291499 0.291499 0.291499 0.291499 0.291499 0.291499 0.291499 0.291499 0.291499 0.291499 0.291499 0.291499 0.291499 
0.368938 0.368938 0.368938 0.368938 0.368938 0.368938 0.368938 0.368938 0.368938 0.368938 0.368938 0.368938 0.368938 0.368938 0.368938 0.368938 0.368938 0.368938 0.368938 0.368938 0.368938 0.368938 0.368938 0.368938 0.368938 0.368938 0.368938 0.368938 0.368938 0.368938 0.368938 0.368938 0.368938 0.368938 0.368938 0.368938 0.368938 0.368938 0.368938 0.368938 0.368938 0.368938 0.368938 0.368938 0.368938 0.368938 0.368938 0.368938 0.368938 0.368938 0.368938 0.368938 0.368938 0.368938 0.368938 0.368938 0.368938 0.368938 0.368938 0.368938 0.368938 0.368938 
0.442167 0.442167 0.442167 0.442167 0.442167 0.442167 0.442167 0.442168 0.442168 0.442168 0.442168 0.442168 0.442168 0.442168 0.442168 0.442168 0.442168 0.442168 0.442168 0.442168 0.442168 0.442168 0.442168 0.442168 0.442168 0.442168 0.442168 0.442168 0.442168 0.442168 0.442168 0.442168 0.442168 0.442167 0.442167 0.442167 0.442167 0.442167 0.442167 0.442167 0.442167 0.442167 0.442167 0.442167 0.442167 0.442167 0.442167 0.442167 0.442167 0.442167 0.442167 0.442167 0.442167 0.442167 0.442167 0.442167 0.442167 0.442167 0.442167 0.442167 0.442167 0.442167 
0.510432 0.510432 0.510432 0.510432 0.510433 0.510433 0.510433 0.510433 0.510433 0.510433 0.510433 0.510433 0.510433 0.510433 0.510433 0.510433 0.510433 0.510434 0.510434 0.510434 0.510434 0.510434 0.510434 0.510434 0.510434 0.510434 0.510434 0.510434 0.510434 0.510434 0.510434 0.510434 0.510433 0.510433 0.510433 0.510433 0.510433 0.510433 0.510433 0.510433 0.510433 0.510433 0.510433 0.510433 0.510433 0.510432 0.510432 0.510432 0.510432 0.510432 0.510432 0.510432 0.510432 0.510432 0.510432 0.510432 0.510432 0.510432 0.510432 0.510432 0.510432 0.510432 
0.573069 0.573069 0.573069 0.573069 0.573069 0.57307 0.57307 0.57307 0.57307 0.57307 0.57307 0.57307 0.573071 0.573071 0.573071 0.573071 0.573071 0.573071 0.573071 0.573072 0.573072 0.573072 0.573072 0.573072 0.573072 0.573072 0.573072 0.573072 0.573072 0.573072 0.573072 0.573072 0.573072 0.573072 0.573072 0.573072 0.573072 0.573072 0.573072 0.573071 0.573071 0.573071 0.573071 0.573071 0.573071 0.57307 0.57307 0.57307 0.57307 0.57307 0.57307 0.57307 0.57307 0.573069 0.573069 0.573069 0.573069 0.573069 0.573069 0.573069 0.573069 0.573069 
0.629508 0.629508 0.629508 0.629508 0.629508 0.629508 0.629508 0.629508 0.629508 0.629508 0.629508 0.629509 0.629509 0.629509 0.629509 0.62951 0.62951 0.62951 0.62951 0.629511 0.629511 0.629511 0.629511 0.629512 0.629512 0.629512 0.629512 0.629512 0.629512 0.629513 0.629513 0.629513 0.629513 0.629513 0.629513 0.629513 0.629513 0.629512 0.629512 0.629512 0.629512 0.629512 0.629512 0.629511 0.629511 0.629511 0.629511 0.62951 0.62951 0.62951 0.62951 0.629509 0.629509 0.629509 0.629509 0.629508 0.629508 0.629508 0.629508 0.629508 0.629508 0.629508 
0.67927 0.679269 0.679269 0.679269 0.679269 0.679269 0.679269 0.679269 0.679269 0.679269 0.679269 0.67927 0.67927 0.67927 0.67927 0.67927 0.679271 0.679271 0.679271 0.679272 0.679272 0.679273 0.679273 0.679273 0.679274 0.679274 0.679274 0.679275 0.679275 0.679275 0.679275 0.679276 0.679276 0.679276 0.679276 0.679276 0.679276 0.679276 0.679276 0.679276 0.679276 0.679276 0.679276 0.679275 0.679275 0.679275 0.679275 0.679274 0.679274 0.679274 0.679273 0.679273 0.679273 0.679272 0.679272 0.679272 0.679271 0.679271 0.679271 0.67927 0.67927 0.67927 
0.721964 0.721964 0.721963 0.721963 0.721963 0.721963 0.721962 0.721962 0.721962 0.721962 0.721962 0.721962 0.721962 0.721963 0.721963 0.721963 0.721963 0.721964 0.721964 0.721964 0.721965 0.721965 0.721965 0.721966 0.721966 0.721967 0.721967 0.721968 0.721968 0.721968 0.721969 0.721969 0.721969 0.72197 0.72197 0.72197 0.72197 0.721971 0.721971 0.721971 0.721971 0.721971 0.721971 0.721971 0.72197 0.72197 0.72197 0.72197 0.721969 0.721969 0.721969 0.721968 0.721968 0.721968 0.721967 0.721967 0.721966 0.721966 0.721965 0.721965 0.721965 0.721964 
0.757279 0.757279 0.757278 0.757278 0.757278 0.757277 0.757277 0.757277 0.757277 0.757276 0.757276 0.757276 0.757276 0.757276 0.757276 0.757276 0.757277 0.757277 0.757277 0.757277 0.757278 0.757278 0.757278 0.757279 0.757279 0.75728 0.75728 0.757281 0.757281 0.757281 0.757282 0.757282 0.757283 0.757283 0.757283 0.757284 0.757284 0.757284 0.757285 0.757285 0.757285 0.757285 0.757285 0.757285 0.757285 0.757285 0.757285 0.757285 0.757284 0.757284 0.757284 0.757284 0.757283 0.757283 0.757282 0.757282 0.757282 0.757281 0.757281 0.75728 0.75728 0.757279 
0.784975 0.784975 0.784974 0.784974 0.784974 0.784973 0.784973 0.784973 0.784973 0.784972 0.784972 0.784972 0.784972 0.784972 0.784972 0.784972 0.784972 0.784972 0.784972 0.784973 0.784973 0.784973 0.784973 0.784974 0.784974 0.784974 0.784975 0.784975 0.784975 0.784976 0.784976 0.784977 0.784977 0.784977 0.784978 0.784978 0.784978 0.784978 0.784979 0.784979 0.784979 0.784979 0.784979 0.784979 0.784979 0.784979 0.784979 0.784979 0.784979 0.784979 0.784979 0.784979 0.784978 0.784978 0.784978 0.784977 0.784977 0.784977 0.784976 0.784976 0.784976 0.784975 
0.804875 0.804875 0.804875 0.804875 0.804875 0.804875 0.804874 0.804874 0.804874 0.804874 0.804874 0.804874 0.804874 0.804874 0.804874 0.804874 0.804874 0.804874 0.804874 0.804874 0.804874 0.804875 0.804875 0.804875 0.804875 0.804875 0.804876 0.804876 0.804876 0.804876 0.804876 0.804877 0.804877 0.804877 0.804877 0.804877 0.804878 0.804878 0.804878 0.804878 0.804878 0.804878 0.804878 0.804878 0.804878 0.804878 0.804878 0.804878 0.804878 0.804878 0.804878 0.804878 0.804877 0.804877 0.804877 0.804877 0.804877 0.804877 0.804876 0.804876 0.804876 0.804876 
0.816861 0.816861 0.816861 0.816861 0.816862 0.816862 0.816862 0.816862 0.816862 0.816862 0.816862 0.816862 0.816862 0.816862 0.816862 0.816862 0.816862 0.816863 0.816863 0.816863 0.816863 0.816863 0.816863 0.816863 0.816863 0.816863 0.816863 0.816863 0.816863 0.816863 0.816863 0.816863 0.816863 0.816863 0.816863 0.816863 0.816863 0.816863 0.816863 0.816863 0.816863 0.816863 0.816863 0.816863 0.816862 0.816862 0.816862 0.816862 0.816862 0.816862 0.816862 0.816862 0.816862 0.816862 0.816862 0.816862 0.816862 0.816861 0.816861 0.816861 0.816861 0.816861 
0.820864 0.820864 0.820865 0.820865 0.820865 0.820865 0.820866 0.820866 0.820866 0.820867 0.820867 0.820867 0.820867 0.820867 0.820868 0.820868 0.820868 0.820868 0.820868 0.820868 0.820868 0.820868 0.820868 0.820868 0.820868 0.820868 0.820868 0.820867 0.820867 0.820867 0.820867 0.820867 0.820866 0.820866 0.820866 0.820865 0.820865 0.820865 0.820865 0.820864 0.820864 0.820864 0.820864 0.820863 0.820863 0.820863 0.820863 0.820863 0.820863 0.820863 0.820863 0.820863 0.820863 0.820863 0.820863 0.820863 0.820863 0.820863 0.820863 0.820863 0.820864 0.820864 
0.816862 0.816862 0.816863 0.816863 0.816863 0.816864 0.816864 0.816865 0.816865 0.816866 0.816866 0.816866 0.816866 0.816867 0.816867 0.816867 0.816867 0.816867 0.816867 0.816867 0.816867 0.816867 0.816867 0.816866 0.816866 0.816866 0.816865 0.816865 0.816865 0.816864 0.816864 0.816863 0.816863 0.816862 0.816862 0.816861 0.816861 0.816861 0.81686 0.81686 0.816859 0.816859 0.816859 0.816858 0.816858 0.816858 0.816858 0.816858 0.816858 0.816858 0.816858 0.816858 0.816858 0.816858 0.816859 0.816859 0.816859 0.81686 0.81686 0.81686 0.816861 0.816861 
0.804877 0.804878 0.804878 0.804879 0.804879 0.80488 0.80488 0.804881 0.804881 0.804881 0.804882 0.804882 0.804882 0.804882 0.804882 0.804882 0.804882 0.804882 0.804882 0.804882 0.804881 0.804881 0.804881 0.80488 0.80488 0.804879 0.804879 0.804878 0.804878 0.804877 0.804876 0.804876 0.804875 0.804875 0.804874 0.804874 0.804873 0.804873 0.804872 0.804872 0.804871 0.804871 0.804871 0.804871 0.804871 0.804871 0.804871 0.804871 0.804871 0.804871 0.804871 0.804871 0.804872 0.804872 0.804873 0.804873 0.804874 0.804874 0.804875 0.804875 0.804876 0.804876 
0.784979 0.784979 0.78498 0.78498 0.784981 0.784981 0.784982 0.784982 0.784982 0.784982 0.784982 0.784982 0.784982 0.784982 0.784982 0.784982 0.784982 0.784981 0.784981 0.78498 0.78498 0.784979 0.784979 0.784978 0.784978 0.784977 0.784976 0.784976 0.784975 0.784975 0.784974 0.784973 0.784973 0.784972 0.784972 0.784971 0.784971 0.784971 0.78497 0.78497 0.78497 0.78497 0.78497 0.78497 0.78497 0.78497 0.78497 0.784971 0.784971 0.784971 0.784972 0.784972 0.784973 0.784973 0.784974 0.784975 0.784975 0.784976 0.784977 0.784977 0.784978 0.784978 
0.757286 0.757286 0.757286 0.757287 0.757287 0.757287 0.757287 0.757287 0.757287 0.757287 0.757287 0.757287 0.757286 0.757286 0.757286 0.757285 0.757285 0.757284 0.757284 0.757283 0.757282 0.757282 0.757281 0.757281 0.75728 0.757279 0.757279 0.757278 0.757278 0.757277 0.757277 0.757277 0.757276 0.757276 0.757276 0.757275 0.757275 0.757275 0.757275 0.757275 0.757275 0.757276 0.757276 0.757276 0.757276 0.757277 0.757277 0.757278 0.757278 0.757279 0.757279 0.75728 0.757281 0.757281 0.757282 0.757282 0.757283 0.757284 0.757284 0.757285 0.757285 0.757285 
0.721972 0.721972 0.721972 0.721972 0.721972 0.721972 0.721972 0.721972 0.721971 0.721971 0.721971 0.72197 0.72197 0.721969 0.721969 0.721968 0.721968 0.721967 0.721967 0.721966 0.721966 0.721965 0.721965 0.721964 0.721964 0.721963 0.721963 0.721963 0.721962 0.721962 0.721962 0.721962 0.721962 0.721962 0.721962 0.721962 0.721962 0.721962 0.721963 0.721963 0.721963 0.721964 0.721964 0.721965 0.721965 0.721966 0.721966 0.721967 0.721967 0.721968 0.721968 0.721969 0.721969 0.72197 0.72197 0.721971 0.721971 0.721971 0.721972 0.721972 0.721972 0.721972 
0.679277 0.679277 0.679277 0.679277 0.679276 0.679276 0.679276 0.679275 0.679275 0.679274 0.679274 0.679273 0.679273 0.679273 0.679272 0.679272 0.679271 0.679271 0.679271 0.67927 0.67927 0.67927 0.679269 0.679269 0.679269 0.679269 0.679269 0.679269 0.679269 0.679269 0.679269 0.679269 0.67927 0.67927 0.67927 0.67927 0.679271 0.679271 0.679271 0.679272 0.679272 0.679273 0.679273 0.679273 0.679274 0.679274 0.679275 0.679275 0.679276 0.679276 0.679276 0.679277 0.679277 0.679277 0.679277 0.679277 0.679277 0.679278 0.679278 0.679278 0.679277 0.679277 
0.629513 0.629512 0.629512 0.629512 0.629511 0.629511 0.629511 0.62951 0.62951 0.62951 0.629509 0.629509 0.629509 0.629509 0.629508 0.629508 0.629508 0.629508 0.629508 0.629508 0.629508 0.629508 0.629508 0.629508 0.629508 0.629508 0.629508 0.629508 0.629508 0.629509 0.629509 0.629509 0.629509 0.62951 0.62951 0.62951 0.629511 0.629511 0.629511 0.629512 0.629512 0.629512 0.629513 0.629513 0.629513 0.629513 0.629514 0.629514 0.629514 0.629514 0.629514 0.629514 0.629514 0.629514 0.629514 0.629514 0.629514 0.629514 0.629514 0.629513 0.629513 0.629513 
0.573071 0.573071 0.573071 0.573071 0.57307 0.57307 0.57307 0.57307 0.57307 0.573069 0.573069 0.573069 0.573069 0.573069 0.573069 0.573069 0.573069 0.573069 0.573069 0.573069 0.573069 0.573069 0.57307 0.57307 0.57307 0.57307 0.57307 0.573071 0.573071 0.573071 0.573071 0.573071 0.573072 0.573072 0.573072 0.573072 0.573073 0.573073 0.573073 0.573073 0.573073 0.573073 0.573073 0.573074 0.573074 0.573074 0.573074 0.573074 0.573074 0.573074 0.573074 0.573073 0.573073 0.573073 0.573073 0.573073 0.573073 0.573072 0.573072 0.573072 0.573072 0.573072 
0.510433 0.510433 0.510432 0.510432 0.510432 0.510432 0.510432 0.510432 0.510432 0.510432 0.510432 0.510432 0.510432 0.510432 0.510432 0.510432 0.510432 0.510433 0.510433 0.510433 0.510433 0.510433 0.510433 0.510433 0.510433 0.510434 0.510434 0.510434 0.510434 0.510434 0.510434 0.510434 0.510435 0.510435 0.510435 0.510435 0.510435 0.510435 0.510435 0.510435 0.510435 0.510435 0.510435 0.510435 0.510435 0.510435 0.510435 0.510435 0.510435 0.510434 0.510434 0.510434 0.510434 0.510434 0.510434 0.510434 0.510434 0.510433 0.510433 0.510433 0.510433 0.510433 
0.442167 0.442167 0.442167 0.442167 0.442167 0.442167 0.442167 0.442167 0.442167 0.442167 0.442167 0.442167 0.442168 0.442168 0.442168 0.442168 0.442168 0.442168 0.442168 0.442168 0.442168 0.442168 0.442168 0.442168 0.442168 0.442168 0.442169 0.442169 0.442169 0.442169 0.442169 0.442169 0.442169 0.442169 0.442169 0.442169 0.442169 0.442169 0.442169 0.442169 0.442169 0.442169 0.442169 0.442169 0.442168 0.442168 0.442168 0.442168 0.442168 0.442168 0.442168 0.442168 0.442168 0.442168 0.442168 0.442168 0.442168 0.442168 0.442167 0.442167 0.442167 0.442167 
0.368938 0.368938 0.368938 0.368938 0.368938 0.368938 0.368938 0.368938 0.368938 0.368938 0.368938 0.368939 0.368939 0.368939 0.368939 0.368939 0.368939 0.368939 0.368939 0.368939 0.368939 0.368939 0.368939 0.368939 0.368939 0.368939 0.368939 0.368939 0.368939 0.368939 0.368939 0.368939 0.368939 0.368939 0.368939 0.368939 0.368939 0.368939 0.368939 0.368939 0.368939 0.368939 0.368939 0.368939 0.368939 0.368939 0.368939 0.368939 0.368939 0.368939 0.368938 0.368938 0.368938 0.368938 0.368938 0.368938 0.368938 0.368938 0.368938 0.368938 0.368938 0.368938 
0.2915 0.2915 0.2915 0.2915 0.2915 0.2915 0.2915 0.2915 0.2915 0.2915 0.2915 0.2915 0.2915 0.2915 0.2915 0.2915 0.2915 0.2915 0.2915 0.2915 0.2915 0.2915 0.2915 0.2915 0.2915 0.2915 0.2915 0.2915 0.2915 0.2915 0.2915 0.2915 0.2915 0.2915 0.2915 0.2915 0.2915 0.2915 0.2915 0.2915 0.2915 0.2915 0.2915 0.2915 0.2915 0.2915 0.2915 0.2915 0.2915 0.2915 0.2915 0.2915 0.2915 0.2915 0.2915 0.2915 0.2915 0.2915 0.2915 0.2915 0.2915 0.2915 
0.210689 0.210689 0.210689 0.210689 0.210689 0.210689 0.210689 0.210689 0.210689 0.210689 0.210689 0.210689 0.210689 0.210689 0.210689 0.210689 0.210689 0.210689 0.210689 0.210689 0.210689 0.210689 0.210689 0.210689 0.210689 0.210689 0.210689 0.210689 0.210689 0.210689 0.210689 0.210689 0.210689 0.210689 0.210689 0.210689 0.210689 0.210689 0.210689 0.210689 0.210689 0.210689 0.210689 0.210689 0.210689 0.210689 0.210689 0.210689 0.210689 0.210689 0.210689 0.210689 0.210689 0.210689 0.210689 0.210689 0.210689 0.210689 0.210689 0.210689 0.210689 0.210689 
0.127415 0.127415 0.127415 0.127415 0.127415 0.127415 0.127415 0.127415 0.127415 0.127415 0.127415 0.127415 0.127415 0.127415 0.127415 0.127415 0.127415 0.127415 0.127415 0.127415 0.127415 0.127415 0.127415 0.127415 0.127415 0.127415 0.127415 0.127415 0.127415 0.127415 0.127415 0.127415 0.127415 0.127415 0.127415 0.127415 0.127415 0.127415 0.127415 0.127415 0.127415 0.127415 0.127415 0.127415 0.127415 0.127415 0.127415 0.127415 0.127415 0.127415 0.127415 0.127415 0.127415 0.127415 0.127415 0.127415 0.127415 0.127415 0.127415 0.127415 0.127415 0.127415 
0.0426397 0.0426397 0.0426397 0.0426397 0.0426397 0.0426396 0.0426396 0.0426396 0.0426396 0.0426396 0.0426396 0.0426396 0.0426396 0.0426396 0.0426396 0.0426396 0.0426396 0.0426396 0.0426396 0.0426396 0.0426396 0.0426396 0.0426396 0.0426396 0.0426397 0.0426397 0.0426397 0.0426397 0.0426397 0.0426397 0.0426397 0.0426397 0.0426397 0.0426397 0.0426397 0.0426397 0.0426397 0.0426397 0.0426397 0.0426397 0.0426397 0.0426397 0.0426397 0.0426397 0.0426397 0.0426397 0.0426397 0.0426397 0.0426397 0.0426397 0.0426397 0.0426397 0.0426397 0.0426397 0.0426397 0.0426397 0.0426397 0.0426397 0.0426397 0.0426397 0.0426397 0.0426397 
