0.0424591 0.0424591 0.0424591 0.0424591 0.042459 0.042459 0.042459 0.042459 0.042459 0.042459 0.042459 0.042459 0.042459 0.042459 0.042459 0.042459 0.042459 0.042459 0.042459 0.042459 0.042459 0.042459 0.042459 0.042459 0.042459 0.042459 0.042459 0.042459 0.042459 0.042459 0.042459 0.042459 0.042459 0.0424591 0.0424591 0.0424591 0.0424591 0.0424591 0.0424591 0.0424591 0.0424591 0.0424591 0.0424591 0.0424591 0.0424591 0.0424591 0.0424591 0.0424591 0.0424591 0.0424591 0.0424591 0.0424591 0.0424591 0.0424591 0.0424591 0.0424591 0.0424591 0.0424591 0.0424591 0.0424591 0.0424591 0.0424591 
0.126877 0.126877 0.126877 0.126877 0.126877 0.126877 0.126877 0.126877 0.126877 0.126877 0.126877 0.126877 0.126877 0.126877 0.126877 0.126877 0.126877 0.126877 0.126877 0.126877 0.126877 0.126877 0.126877 0.126877 0.126877 0.126877 0.126877 0.126877 0.126877 0.126877 0.126877 0.126877 0.126877 0.126877 0.126877 0.126877 0.126877 0.126877 0.126877 0.126877 0.126877 0.126877 0.126877 0.126877 0.126877 0.126877 0.126877 0.126877 0.126877 0.126877 0.126877 0.126877 0.126877 0.126877 0.126877 0.126877 0.126877 0.126877 0.126877 0.126877 0.126877 0.126877 
0.209806 0.209806 0.209806 0.209806 0.209806 0.209806 0.209806 0.209806 0.209806 0.209806 0.209806 0.209806 0.209806 0.209806 0.209806 0.209806 0.209806 0.209806 0.209806 0.209806 0.209806 0.209806 0.209806 0.209806 0.209806 0.209806 0.209806 0.209806 0.209806 0.209806 0.209806 0.209806 0.209806 0.209806 0.209806 0.209806 0.209806 0.209806 0.209806 0.209806 0.209806 0.209806 0.209806 0.209806 0.209806 0.209806 0.209806 0.209806 0.209806 0.209806 0.209806 0.209806 0.209806 0.209806 0.209806 0.209806 0.209806 0.209806 0.209806 0.209806 0.209806 0.209806 
0.290291 0.290291 0.290291 0.290291 0.290291 0.290291 0.290291 0.290291 0.290291 0.290291 0.290291 0.290291 0.290291 0.290291 0.290291 0.290291 0.290291 0.290291 0.290291 0.290291 0.290291 0.290291 0.290291 0.290291 0.290291 0.290291 0.290291 0.290291 0.290291 0.290291 0.290291 0.290291 0.290291 0.290291 0.290291 0.290291 0.290291 0.290291 0.290291 0.290291 0.290291 0.290291 0.290291 0.290291 0.290291 0.290291 0.290291 0.290291 0.290291 0.290291 0.290291 0.290291 0.290291 0.290291 0.290291 0.290291 0.290291 0.290291 0.290291 0.290291 0.290291 0.290291 
0.36743 0.36743 0.36743 0.36743 0.36743 0.36743 0.36743 0.36743 0.36743 0.36743 0.36743 0.36743 0.36743 0.36743 0.36743 0.36743 0.36743 0.36743 0.36743 0.36743 0.36743 0.36743 0.36743 0.36743 0.36743 0.36743 0.36743 0.36743 0.36743 0.36743 0.36743 0.36743 0.36743 0.36743 0.36743 0.36743 0.36743 0.36743 0.36743 0.36743 0.36743 0.36743 0.36743 0.36743 0.36743 0.36743 0.36743 0.36743 0.36743 0.36743 0.36743 0.36743 0.36743 0.36743 0.36743 0.36743 0.36743 0.36743 0.36743 0.36743 0.36743 0.36743 
0.440388 0.440388 0.440388 0.440388 0.440388 0.440388 0.440388 0.440388 0.440388 0.440388 0.440388 0.440388 0.440388 0.440388 0.440388 0.440388 0.440388 0.440388 0.440388 0.440388 0.440388 0.440388 0.440388 0.440388 0.440388 0.440388 0.440388 0.440388 0.440388 0.440388 0.440388 0.440388 0.440388 0.440388 0.440388 0.440388 0.440388 0.440388 0.440388 0.440388 0.440388 0.440388 0.440388 0.440388 0.440388 0.440388 0.440388 0.440388 0.440388 0.440388 0.440388 0.440388 0.440388 0.440388 0.440388 0.440388 0.440388 0.440388 0.440388 0.440388 0.440388 0.440388 
0.508414 0.508414 0.508414 0.508414 0.508414 0.508414 0.508414 0.508414 0.508415 0.508415 0.508415 0.508415 0.508415 0.508415 0.508415 0.508415 0.508415 0.508415 0.508415 0.508415 0.508415 0.508415 0.508415 0.508416 0.508416 0.508416 0.508416 0.508416 0.508416 0.508416 0.508416 0.508416 0.508416 0.508416 0.508416 0.508416 0.508416 0.508416 0.508416 0.508416 0.508416 0.508416 0.508416 0.508416 0.508415 0.508415 0.508415 0.508415 0.508415 0.508415 0.508415 0.508415 0.508415 0.508415 0.508415 0.508415 0.508415 0.508415 0.508415 0.508414 0.508414 0.508414 
0.570846 0.570846 0.570846 0.570846 0.570846 0.570846 0.570846 0.570846 0.570846 0.570846 0.570846 0.570846 0.570846 0.570846 0.570847 0.570847 0.570847 0.570847 0.570847 0.570847 0.570847 0.570847 0.570848 0.570848 0.570848 0.570848 0.570848 0.570848 0.570848 0.570849 0.570849 0.570849 0.570849 0.570849 0.570849 0.570849 0.570849 0.570849 0.570849 0.570849 0.570849 0.570849 0.570849 0.570849 0.570849 0.570849 0.570849 0.570848 0.570848 0.570848 0.570848 0.570848 0.570848 0.570848 0.570847 0.570847 0.570847 0.570847 0.570847 0.570847 0.570847 0.570847 
0.627114 0.627113 0.627113 0.627113 0.627113 0.627113 0.627113 0.627112 0.627112 0.627112 0.627112 0.627112 0.627112 0.627112 0.627112 0.627112 0.627113 0.627113 0.627113 0.627113 0.627113 0.627113 0.627114 0.627114 0.627114 0.627114 0.627115 0.627115 0.627115 0.627115 0.627115 0.627116 0.627116 0.627116 0.627116 0.627116 0.627117 0.627117 0.627117 0.627117 0.627117 0.627117 0.627117 0.627117 0.627117 0.627117 0.627117 0.627117 0.627117 0.627116 0.627116 0.627116 0.627116 0.627116 0.627115 0.627115 0.627115 0.627115 0.627114 0.627114 0.627114 0.627114 
0.676736 0.676735 0.676735 0.676735 0.676734 0.676734 0.676734 0.676733 0.676733 0.676733 0.676733 0.676733 0.676733 0.676733 0.676732 0.676732 0.676732 0.676733 0.676733 0.676733 0.676733 0.676733 0.676733 0.676734 0.676734 0.676734 0.676734 0.676735 0.676735 0.676735 0.676736 0.676736 0.676736 0.676737 0.676737 0.676737 0.676738 0.676738 0.676738 0.676738 0.676739 0.676739 0.676739 0.676739 0.676739 0.676739 0.676739 0.676739 0.676739 0.676739 0.676739 0.676739 0.676739 0.676738 0.676738 0.676738 0.676738 0.676737 0.676737 0.676737 0.676736 0.676736 
0.719318 0.719318 0.719318 0.719317 0.719317 0.719316 0.719316 0.719316 0.719315 0.719315 0.719315 0.719314 0.719314 0.719314 0.719314 0.719313 0.719313 0.719313 0.719313 0.719313 0.719313 0.719313 0.719314 0.719314 0.719314 0.719314 0.719314 0.719315 0.719315 0.719315 0.719316 0.719316 0.719317 0.719317 0.719317 0.719318 0.719318 0.719319 0.719319 0.719319 0.71932 0.71932 0.71932 0.719321 0.719321 0.719321 0.719321 0.719321 0.719321 0.719321 0.719321 0.719321 0.719321 0.719321 0.719321 0.719321 0.71932 0.71932 0.71932 0.71932 0.719319 0.719319 
0.754547 0.754547 0.754546 0.754546 0.754545 0.754545 0.754545 0.754544 0.754544 0.754543 0.754543 0.754543 0.754542 0.754542 0.754542 0.754541 0.754541 0.754541 0.754541 0.754541 0.754541 0.754541 0.754541 0.754541 0.754541 0.754541 0.754541 0.754541 0.754542 0.754542 0.754542 0.754543 0.754543 0.754543 0.754544 0.754544 0.754545 0.754545 0.754546 0.754546 0.754546 0.754547 0.754547 0.754547 0.754548 0.754548 0.754548 0.754549 0.754549 0.754549 0.754549 0.754549 0.754549 0.754549 0.754549 0.754549 0.754549 0.754549 0.754548 0.754548 0.754548 0.754547 
0.782179 0.782178 0.782178 0.782178 0.782177 0.782177 0.782177 0.782176 0.782176 0.782176 0.782175 0.782175 0.782175 0.782174 0.782174 0.782174 0.782174 0.782173 0.782173 0.782173 0.782173 0.782173 0.782173 0.782173 0.782173 0.782173 0.782173 0.782173 0.782173 0.782174 0.782174 0.782174 0.782174 0.782175 0.782175 0.782175 0.782176 0.782176 0.782176 0.782177 0.782177 0.782177 0.782178 0.782178 0.782178 0.782179 0.782179 0.782179 0.782179 0.782179 0.78218 0.78218 0.78218 0.78218 0.78218 0.78218 0.78218 0.78218 0.782179 0.782179 0.782179 0.782179 
0.802035 0.802034 0.802034 0.802034 0.802034 0.802034 0.802033 0.802033 0.802033 0.802033 0.802033 0.802032 0.802032 0.802032 0.802032 0.802032 0.802032 0.802032 0.802031 0.802031 0.802031 0.802031 0.802031 0.802031 0.802031 0.802031 0.802031 0.802031 0.802032 0.802032 0.802032 0.802032 0.802032 0.802032 0.802033 0.802033 0.802033 0.802033 0.802033 0.802034 0.802034 0.802034 0.802034 0.802034 0.802035 0.802035 0.802035 0.802035 0.802035 0.802035 0.802035 0.802035 0.802035 0.802035 0.802035 0.802035 0.802035 0.802035 0.802035 0.802035 0.802035 0.802035 
0.813994 0.813994 0.813994 0.813994 0.813994 0.813994 0.813994 0.813994 0.813994 0.813994 0.813994 0.813994 0.813994 0.813994 0.813994 0.813994 0.813994 0.813994 0.813994 0.813994 0.813994 0.813994 0.813994 0.813994 0.813994 0.813995 0.813995 0.813995 0.813995 0.813995 0.813995 0.813995 0.813995 0.813995 0.813995 0.813995 0.813995 0.813995 0.813995 0.813995 0.813995 0.813995 0.813995 0.813995 0.813995 0.813995 0.813995 0.813995 0.813995 0.813995 0.813995 0.813995 0.813995 0.813995 0.813995 0.813995 0.813994 0.813994 0.813994 0.813994 0.813994 0.813994 
0.817987 0.817987 0.817987 0.817987 0.817987 0.817987 0.817988 0.817988 0.817988 0.817988 0.817988 0.817989 0.817989 0.817989 0.817989 0.81799 0.81799 0.81799 0.81799 0.817991 0.817991 0.817991 0.817991 0.817991 0.817991 0.817992 0.817992 0.817992 0.817992 0.817992 0.817992 0.817992 0.817992 0.817992 0.817991 0.817991 0.817991 0.817991 0.817991 0.817991 0.81799 0.81799 0.81799 0.81799 0.817989 0.817989 0.817989 0.817989 0.817988 0.817988 0.817988 0.817988 0.817988 0.817987 0.817987 0.817987 0.817987 0.817987 0.817987 0.817987 0.817987 0.817987 
0.813991 0.813991 0.813991 0.813991 0.813992 0.813992 0.813993 0.813993 0.813993 0.813994 0.813994 0.813995 0.813995 0.813995 0.813996 0.813996 0.813997 0.813997 0.813997 0.813998 0.813998 0.813998 0.813998 0.813999 0.813999 0.813999 0.813999 0.813999 0.813999 0.813999 0.813999 0.813999 0.813998 0.813998 0.813998 0.813997 0.813997 0.813997 0.813996 0.813996 0.813996 0.813995 0.813995 0.813994 0.813994 0.813993 0.813993 0.813993 0.813992 0.813992 0.813992 0.813991 0.813991 0.813991 0.813991 0.81399 0.81399 0.81399 0.81399 0.81399 0.81399 0.813991 
0.80203 0.80203 0.80203 0.802031 0.802031 0.802032 0.802032 0.802033 0.802033 0.802034 0.802035 0.802035 0.802036 0.802036 0.802037 0.802037 0.802037 0.802038 0.802038 0.802038 0.802039 0.802039 0.802039 0.802039 0.802039 0.802039 0.802039 0.802039 0.802039 0.802038 0.802038 0.802038 0.802037 0.802037 0.802036 0.802036 0.802035 0.802035 0.802034 0.802034 0.802033 0.802033 0.802032 0.802032 0.802031 0.802031 0.80203 0.80203 0.802029 0.802029 0.802029 0.802029 0.802028 0.802028 0.802028 0.802028 0.802028 0.802028 0.802028 0.802029 0.802029 0.802029 
0.782174 0.782175 0.782175 0.782176 0.782176 0.782177 0.782177 0.782178 0.782179 0.782179 0.78218 0.78218 0.782181 0.782181 0.782181 0.782182 0.782182 0.782182 0.782182 0.782183 0.782183 0.782183 0.782182 0.782182 0.782182 0.782182 0.782182 0.782181 0.782181 0.78218 0.78218 0.782179 0.782179 0.782178 0.782178 0.782177 0.782177 0.782176 0.782175 0.782175 0.782174 0.782174 0.782173 0.782173 0.782172 0.782172 0.782172 0.782171 0.782171 0.782171 0.782171 0.782171 0.782171 0.782171 0.782171 0.782171 0.782172 0.782172 0.782172 0.782173 0.782173 0.782173 
0.754545 0.754546 0.754546 0.754547 0.754547 0.754548 0.754548 0.754549 0.754549 0.75455 0.75455 0.75455 0.754551 0.754551 0.754551 0.754551 0.754551 0.754551 0.754551 0.754551 0.754551 0.75455 0.75455 0.75455 0.754549 0.754549 0.754548 0.754548 0.754547 0.754547 0.754546 0.754546 0.754545 0.754545 0.754544 0.754543 0.754543 0.754542 0.754542 0.754542 0.754541 0.754541 0.754541 0.75454 0.75454 0.75454 0.75454 0.75454 0.75454 0.75454 0.75454 0.75454 0.754541 0.754541 0.754541 0.754542 0.754542 0.754542 0.754543 0.754543 0.754544 0.754545 
0.71932 0.719321 0.719321 0.719321 0.719322 0.719322 0.719322 0.719322 0.719323 0.719323 0.719323 0.719323 0.719323 0.719323 0.719323 0.719322 0.719322 0.719322 0.719322 0.719321 0.719321 0.719321 0.71932 0.71932 0.719319 0.719319 0.719318 0.719318 0.719317 0.719317 0.719316 0.719316 0.719315 0.719315 0.719315 0.719314 0.719314 0.719314 0.719313 0.719313 0.719313 0.719313 0.719313 0.719313 0.719313 0.719313 0.719313 0.719314 0.719314 0.719314 0.719315 0.719315 0.719315 0.719316 0.719316 0.719317 0.719317 0.719318 0.719318 0.719319 0.719319 0.71932 
0.67674 0.67674 0.67674 0.67674 0.67674 0.676741 0.676741 0.67674 0.67674 0.67674 0.67674 0.67674 0.67674 0.676739 0.676739 0.676739 0.676738 0.676738 0.676738 0.676737 0.676737 0.676736 0.676736 0.676736 0.676735 0.676735 0.676735 0.676734 0.676734 0.676734 0.676733 0.676733 0.676733 0.676733 0.676733 0.676733 0.676732 0.676732 0.676733 0.676733 0.676733 0.676733 0.676733 0.676733 0.676734 0.676734 0.676734 0.676735 0.676735 0.676735 0.676736 0.676736 0.676737 0.676737 0.676737 0.676738 0.676738 0.676738 0.676739 0.676739 0.676739 0.67674 
0.627118 0.627118 0.627118 0.627118 0.627118 0.627118 0.627118 0.627118 0.627117 0.627117 0.627117 0.627117 0.627116 0.627116 0.627116 0.627115 0.627115 0.627115 0.627114 0.627114 0.627114 0.627114 0.627113 0.627113 0.627113 0.627113 0.627113 0.627112 0.627112 0.627112 0.627112 0.627112 0.627112 0.627112 0.627112 0.627113 0.627113 0.627113 0.627113 0.627113 0.627114 0.627114 0.627114 0.627114 0.627115 0.627115 0.627115 0.627116 0.627116 0.627116 0.627117 0.627117 0.627117 0.627117 0.627118 0.627118 0.627118 0.627118 0.627118 0.627118 0.627118 0.627118 
0.57085 0.57085 0.57085 0.57085 0.570849 0.570849 0.570849 0.570849 0.570849 0.570848 0.570848 0.570848 0.570848 0.570847 0.570847 0.570847 0.570847 0.570847 0.570847 0.570846 0.570846 0.570846 0.570846 0.570846 0.570846 0.570846 0.570846 0.570846 0.570846 0.570846 0.570846 0.570847 0.570847 0.570847 0.570847 0.570847 0.570847 0.570848 0.570848 0.570848 0.570848 0.570849 0.570849 0.570849 0.570849 0.570849 0.57085 0.57085 0.57085 0.57085 0.57085 0.57085 0.57085 0.57085 0.57085 0.57085 0.57085 0.57085 0.57085 0.57085 0.57085 0.57085 
0.508416 0.508416 0.508416 0.508416 0.508416 0.508416 0.508415 0.508415 0.508415 0.508415 0.508415 0.508415 0.508415 0.508415 0.508415 0.508415 0.508414 0.508414 0.508414 0.508414 0.508414 0.508414 0.508414 0.508415 0.508415 0.508415 0.508415 0.508415 0.508415 0.508415 0.508415 0.508415 0.508415 0.508416 0.508416 0.508416 0.508416 0.508416 0.508416 0.508416 0.508417 0.508417 0.508417 0.508417 0.508417 0.508417 0.508417 0.508417 0.508417 0.508417 0.508417 0.508417 0.508417 0.508417 0.508417 0.508417 0.508417 0.508417 0.508417 0.508417 0.508416 0.508416 
0.440389 0.440389 0.440388 0.440388 0.440388 0.440388 0.440388 0.440388 0.440388 0.440388 0.440388 0.440388 0.440388 0.440388 0.440388 0.440388 0.440388 0.440388 0.440388 0.440388 0.440388 0.440388 0.440388 0.440388 0.440388 0.440389 0.440389 0.440389 0.440389 0.440389 0.440389 0.440389 0.440389 0.440389 0.440389 0.440389 0.440389 0.440389 0.440389 0.440389 0.440389 0.44039 0.44039 0.44039 0.44039 0.44039 0.44039 0.44039 0.440389 0.440389 0.440389 0.440389 0.440389 0.440389 0.440389 0.440389 0.440389 0.440389 0.440389 0.440389 0.440389 0.440389 
0.36743 0.36743 0.36743 0.36743 0.36743 0.36743 0.36743 0.36743 0.36743 0.36743 0.36743 0.36743 0.36743 0.36743 0.36743 0.36743 0.36743 0.36743 0.36743 0.36743 0.36743 0.36743 0.36743 0.36743 0.36743 0.36743 0.36743 0.36743 0.36743 0.36743 0.36743 0.36743 0.36743 0.36743 0.367431 0.367431 0.367431 0.367431 0.367431 0.367431 0.367431 0.367431 0.367431 0.367431 0.367431 0.367431 0.36743 0.36743 0.36743 0.36743 0.36743 0.36743 0.36743 0.36743 0.36743 0.36743 0.36743 0.36743 0.36743 0.36743 0.36743 0.36743 
0.290292 0.290292 0.290292 0.290292 0.290292 0.290292 0.290292 0.290292 0.290292 0.290292 0.290292 0.290292 0.290292 0.290292 0.290292 0.290292 0.290292 0.290292 0.290292 0.290292 0.290292 0.290292 0.290292 0.290292 0.290292 0.290292 0.290292 0.290292 0.290292 0.290292 0.290292 0.290292 0.290292 0.290292 0.290292 0.290292 0.290292 0.290292 0.290292 0.290292 0.290292 0.290292 0.290292 0.290292 0.290292 0.290292 0.290292 0.290292 0.290292 0.290292 0.290292 0.290292 0.290292 0.290292 0.290292 0.290292 0.290292 0.290292 0.290292 0.290292 0.290292 0.290292 
0.209807 0.209807 0.209807 0.209807 0.209807 0.209807 0.209807 0.209807 0.209807 0.209807 0.209807 0.209807 0.209807 0.209807 0.209807 0.209807 0.209807 0.209807 0.209807 0.209807 0.209807 0.209807 0.209807 0.209807 0.209807 0.209807 0.209807 0.209807 0.209807 0.209807 0.209807 0.209807 0.209807 0.209807 0.209807 0.209807 0.209807 0.209807 0.209807 0.209807 0.209807 0.209807 0.209807 0.209807 0.209807 0.209807 0.209807 0.209807 0.209807 0.209807 0.209807 0.209807 0.209807 0.209807 0.209807 0.209807 0.209807 0.209807 0.209807 0.209807 0.209807 0.209807 
0.126877 0.126877 0.126877 0.126877 0.126877 0.126877 0.126877 0.126877 0.126877 0.126877 0.126877 0.126877 0.126877 0.126877 0.126877 0.126877 0.126877 0.126877 0.126877 0.126877 0.126877 0.126877 0.126877 0.126877 0.126877 0.126877 0.126877 0.126877 0.126877 0.126877 0.126877 0.126877 0.126877 0.126877 0.126877 0.126877 0.126877 0.126877 0.126877 0.126877 0.126877 0.126877 0.126877 0.126877 0.126877 0.126877 0.126877 0.126877 0.126877 0.126877 0.126877 0.126877 0.126877 0.126877 0.126877 0.126877 0.126877 0.126877 0.126877 0.126877 0.126877 0.126877 
0.0424592 0.0424591 0.0424591 0.0424591 0.0424591 0.0424591 0.0424591 0.0424591 0.0424591 0.0424591 0.0424591 0.0424591 0.0424591 0.0424591 0.0424591 0.0424591 0.0424591 0.0424591 0.0424591 0.0424591 0.0424591 0.0424591 0.0424591 0.0424591 0.0424591 0.0424591 0.0424591 0.0424591 0.0424591 0.0424591 0.0424591 0.0424591 0.0424591 0.0424591 0.0424591 0.0424591 0.0424591 0.0424591 0.0424591 0.0424591 0.0424591 0.0424591 0.0424591 0.0424591 0.0424591 0.0424591 0.0424591 0.0424591 0.0424592 0.0424592 0.0424592 0.0424592 0.0424592 0.0424592 0.0424592 0.0424592 0.0424592 0.0424592 0.0424592 0.0424592 0.0424592 0.0424592 
