0.0421023 0.0421023 0.0421023 0.0421023 0.0421023 0.0421023 0.0421023 0.0421023 0.0421023 0.0421023 0.0421023 0.0421023 0.0421023 0.0421023 0.0421023 0.0421023 0.0421023 0.0421023 0.0421023 0.0421023 0.0421023 0.0421023 0.0421023 0.0421023 0.0421023 0.0421023 0.0421023 0.0421023 0.0421023 0.0421023 0.0421023 0.0421023 0.0421023 0.0421023 0.0421023 0.0421023 0.0421023 0.0421023 0.0421023 0.0421023 0.0421023 0.0421023 0.0421023 0.0421023 0.0421023 0.0421023 0.0421023 0.0421023 0.0421023 0.0421023 0.0421023 0.0421023 0.0421023 0.0421023 0.0421023 0.0421023 0.0421023 0.0421023 0.0421023 0.0421023 0.0421023 0.0421023 
0.125815 0.125815 0.125815 0.125815 0.125815 0.125815 0.125815 0.125815 0.125815 0.125815 0.125815 0.125815 0.125815 0.125815 0.125815 0.125815 0.125815 0.125815 0.125815 0.125815 0.125815 0.125815 0.125815 0.125815 0.125815 0.125815 0.125815 0.125815 0.125815 0.125815 0.125815 0.125815 0.125815 0.125815 0.125815 0.125815 0.125815 0.125815 0.125815 0.125815 0.125815 0.125815 0.125815 0.125815 0.125815 0.125815 0.125815 0.125815 0.125815 0.125815 0.125815 0.125815 0.125815 0.125815 0.125815 0.125815 0.125815 0.125815 0.125815 0.125815 0.125815 0.125815 
0.208062 0.208062 0.208062 0.208062 0.208062 0.208062 0.208062 0.208062 0.208062 0.208062 0.208062 0.208062 0.208062 0.208062 0.208062 0.208062 0.208062 0.208062 0.208062 0.208062 0.208062 0.208062 0.208062 0.208062 0.208062 0.208062 0.208062 0.208062 0.208062 0.208062 0.208062 0.208062 0.208062 0.208062 0.208062 0.208062 0.208062 0.208062 0.208062 0.208062 0.208062 0.208062 0.208062 0.208062 0.208062 0.208062 0.208062 0.208062 0.208062 0.208062 0.208062 0.208062 0.208062 0.208062 0.208062 0.208062 0.208062 0.208062 0.208062 0.208062 0.208062 0.208062 
0.287902 0.287902 0.287902 0.287902 0.287902 0.287902 0.287902 0.287902 0.287902 0.287902 0.287902 0.287902 0.287902 0.287902 0.287902 0.287902 0.287902 0.287902 0.287902 0.287902 0.287902 0.287902 0.287902 0.287902 0.287902 0.287902 0.287902 0.287902 0.287902 0.287902 0.287902 0.287902 0.287902 0.287902 0.287902 0.287902 0.287902 0.287902 0.287902 0.287902 0.287902 0.287902 0.287902 0.287902 0.287902 0.287902 0.287902 0.287902 0.287902 0.287902 0.287902 0.287902 0.287902 0.287902 0.287902 0.287902 0.287902 0.287902 0.287902 0.287902 0.287902 0.287902 
0.364444 0.364444 0.364444 0.364444 0.364444 0.364444 0.364444 0.364444 0.364444 0.364444 0.364444 0.364444 0.364444 0.364444 0.364444 0.364444 0.364444 0.364444 0.364444 0.364444 0.364444 0.364444 0.364444 0.364444 0.364444 0.364444 0.364444 0.364444 0.364444 0.364444 0.364444 0.364444 0.364444 0.364444 0.364444 0.364444 0.364444 0.364444 0.364444 0.364444 0.364444 0.364444 0.364444 0.364444 0.364444 0.364444 0.364444 0.364444 0.364444 0.364444 0.364444 0.364444 0.364444 0.364444 0.364444 0.364444 0.364444 0.364444 0.364444 0.364444 0.364444 0.364444 
0.436864 0.436864 0.436864 0.436864 0.436864 0.436864 0.436864 0.436864 0.436864 0.436864 0.436864 0.436864 0.436864 0.436864 0.436864 0.436864 0.436864 0.436864 0.436864 0.436864 0.436864 0.436864 0.436864 0.436864 0.436864 0.436864 0.436864 0.436864 0.436864 0.436864 0.436864 0.436864 0.436864 0.436864 0.436864 0.436864 0.436864 0.436864 0.436864 0.436864 0.436864 0.436864 0.436864 0.436864 0.436864 0.436864 0.436864 0.436864 0.436864 0.436864 0.436864 0.436864 0.436864 0.436864 0.436864 0.436864 0.436864 0.436864 0.436864 0.436864 0.436864 0.436864 
0.504415 0.504415 0.504415 0.504415 0.504415 0.504415 0.504415 0.504415 0.504415 0.504415 0.504415 0.504415 0.504415 0.504415 0.504414 0.504414 0.504414 0.504414 0.504414 0.504414 0.504414 0.504414 0.504414 0.504414 0.504414 0.504414 0.504414 0.504414 0.504415 0.504415 0.504415 0.504415 0.504415 0.504415 0.504415 0.504415 0.504415 0.504415 0.504415 0.504415 0.504415 0.504415 0.504415 0.504415 0.504415 0.504416 0.504416 0.504416 0.504416 0.504416 0.504416 0.504416 0.504416 0.504416 0.504416 0.504416 0.504416 0.504416 0.504416 0.504415 0.504415 0.504415 
0.566438 0.566438 0.566437 0.566437 0.566437 0.566437 0.566437 0.566437 0.566437 0.566437 0.566436 0.566436 0.566436 0.566436 0.566436 0.566436 0.566436 0.566436 0.566436 0.566435 0.566435 0.566435 0.566435 0.566435 0.566435 0.566435 0.566435 0.566435 0.566435 0.566435 0.566435 0.566435 0.566436 0.566436 0.566436 0.566436 0.566436 0.566436 0.566436 0.566436 0.566437 0.566437 0.566437 0.566437 0.566437 0.566437 0.566437 0.566437 0.566437 0.566438 0.566438 0.566438 0.566438 0.566438 0.566438 0.566438 0.566438 0.566438 0.566438 0.566438 0.566438 0.566438 
0.622359 0.622359 0.622359 0.622359 0.622359 0.622359 0.622359 0.622358 0.622358 0.622358 0.622358 0.622358 0.622357 0.622357 0.622357 0.622357 0.622357 0.622356 0.622356 0.622356 0.622356 0.622356 0.622355 0.622355 0.622355 0.622355 0.622355 0.622355 0.622355 0.622355 0.622355 0.622355 0.622355 0.622355 0.622355 0.622355 0.622355 0.622356 0.622356 0.622356 0.622356 0.622356 0.622356 0.622357 0.622357 0.622357 0.622357 0.622358 0.622358 0.622358 0.622358 0.622358 0.622358 0.622359 0.622359 0.622359 0.622359 0.622359 0.622359 0.622359 0.622359 0.622359 
0.671696 0.671696 0.671696 0.671696 0.671696 0.671696 0.671696 0.671696 0.671696 0.671696 0.671695 0.671695 0.671695 0.671695 0.671694 0.671694 0.671694 0.671694 0.671693 0.671693 0.671693 0.671692 0.671692 0.671692 0.671691 0.671691 0.671691 0.671691 0.671691 0.671691 0.67169 0.67169 0.67169 0.67169 0.67169 0.67169 0.67169 0.67169 0.671691 0.671691 0.671691 0.671691 0.671691 0.671692 0.671692 0.671692 0.671692 0.671693 0.671693 0.671693 0.671694 0.671694 0.671694 0.671695 0.671695 0.671695 0.671695 0.671696 0.671696 0.671696 0.671696 0.671696 
0.71405 0.71405 0.71405 0.71405 0.71405 0.71405 0.71405 0.71405 0.71405 0.71405 0.71405 0.71405 0.71405 0.71405 0.714049 0.714049 0.714049 0.714048 0.714048 0.714048 0.714047 0.714047 0.714047 0.714046 0.714046 0.714045 0.714045 0.714045 0.714045 0.714044 0.714044 0.714044 0.714044 0.714043 0.714043 0.714043 0.714043 0.714043 0.714043 0.714043 0.714043 0.714044 0.714044 0.714044 0.714044 0.714044 0.714045 0.714045 0.714045 0.714046 0.714046 0.714046 0.714047 0.714047 0.714048 0.714048 0.714048 0.714049 0.714049 0.714049 0.714049 0.71405 
0.749101 0.749101 0.749101 0.749101 0.749102 0.749102 0.749102 0.749102 0.749102 0.749102 0.749102 0.749102 0.749102 0.749102 0.749101 0.749101 0.749101 0.749101 0.7491 0.7491 0.7491 0.749099 0.749099 0.749099 0.749098 0.749098 0.749097 0.749097 0.749097 0.749096 0.749096 0.749096 0.749095 0.749095 0.749095 0.749095 0.749095 0.749094 0.749094 0.749094 0.749094 0.749094 0.749095 0.749095 0.749095 0.749095 0.749095 0.749095 0.749096 0.749096 0.749096 0.749097 0.749097 0.749097 0.749098 0.749098 0.749099 0.749099 0.749099 0.7491 0.7491 0.7491 
0.776601 0.776602 0.776602 0.776602 0.776602 0.776602 0.776603 0.776603 0.776603 0.776603 0.776603 0.776603 0.776603 0.776603 0.776603 0.776602 0.776602 0.776602 0.776602 0.776602 0.776601 0.776601 0.776601 0.7766 0.7766 0.7766 0.776599 0.776599 0.776599 0.776599 0.776598 0.776598 0.776598 0.776597 0.776597 0.776597 0.776597 0.776597 0.776597 0.776596 0.776596 0.776596 0.776596 0.776596 0.776596 0.776597 0.776597 0.776597 0.776597 0.776597 0.776598 0.776598 0.776598 0.776598 0.776599 0.776599 0.776599 0.7766 0.7766 0.7766 0.776601 0.776601 
0.796369 0.796369 0.796369 0.796369 0.796369 0.796369 0.79637 0.79637 0.79637 0.79637 0.79637 0.79637 0.79637 0.79637 0.79637 0.79637 0.796369 0.796369 0.796369 0.796369 0.796369 0.796369 0.796368 0.796368 0.796368 0.796368 0.796368 0.796368 0.796367 0.796367 0.796367 0.796367 0.796367 0.796366 0.796366 0.796366 0.796366 0.796366 0.796366 0.796366 0.796366 0.796366 0.796366 0.796366 0.796366 0.796366 0.796366 0.796366 0.796366 0.796366 0.796367 0.796367 0.796367 0.796367 0.796367 0.796367 0.796368 0.796368 0.796368 0.796368 0.796368 0.796369 
0.808278 0.808278 0.808278 0.808278 0.808278 0.808278 0.808278 0.808278 0.808278 0.808278 0.808278 0.808278 0.808277 0.808277 0.808277 0.808277 0.808277 0.808277 0.808277 0.808277 0.808277 0.808277 0.808277 0.808277 0.808277 0.808277 0.808277 0.808277 0.808277 0.808277 0.808277 0.808277 0.808277 0.808277 0.808277 0.808277 0.808277 0.808277 0.808277 0.808277 0.808277 0.808277 0.808277 0.808277 0.808277 0.808277 0.808277 0.808277 0.808278 0.808278 0.808278 0.808278 0.808278 0.808278 0.808278 0.808278 0.808278 0.808278 0.808278 0.808278 0.808278 0.808278 
0.812255 0.812255 0.812255 0.812255 0.812255 0.812254 0.812254 0.812254 0.812254 0.812254 0.812254 0.812253 0.812253 0.812253 0.812253 0.812253 0.812253 0.812253 0.812253 0.812253 0.812253 0.812253 0.812253 0.812254 0.812254 0.812254 0.812254 0.812254 0.812254 0.812255 0.812255 0.812255 0.812255 0.812255 0.812256 0.812256 0.812256 0.812256 0.812256 0.812257 0.812257 0.812257 0.812257 0.812257 0.812257 0.812257 0.812257 0.812257 0.812257 0.812257 0.812257 0.812257 0.812257 0.812257 0.812257 0.812257 0.812257 0.812256 0.812256 0.812256 0.812256 0.812256 
0.808277 0.808277 0.808276 0.808276 0.808276 0.808275 0.808275 0.808275 0.808274 0.808274 0.808274 0.808274 0.808274 0.808274 0.808274 0.808274 0.808274 0.808274 0.808274 0.808274 0.808274 0.808275 0.808275 0.808275 0.808275 0.808276 0.808276 0.808277 0.808277 0.808277 0.808278 0.808278 0.808278 0.808279 0.808279 0.808279 0.80828 0.80828 0.80828 0.808281 0.808281 0.808281 0.808281 0.808281 0.808281 0.808281 0.808281 0.808281 0.808281 0.808281 0.808281 0.808281 0.80828 0.80828 0.80828 0.808279 0.808279 0.808279 0.808278 0.808278 0.808278 0.808277 
0.796366 0.796366 0.796365 0.796365 0.796365 0.796364 0.796364 0.796364 0.796364 0.796363 0.796363 0.796363 0.796363 0.796363 0.796363 0.796364 0.796364 0.796364 0.796364 0.796365 0.796365 0.796365 0.796366 0.796366 0.796367 0.796367 0.796368 0.796368 0.796369 0.796369 0.79637 0.79637 0.79637 0.796371 0.796371 0.796372 0.796372 0.796372 0.796372 0.796373 0.796373 0.796373 0.796373 0.796373 0.796373 0.796373 0.796373 0.796372 0.796372 0.796372 0.796372 0.796371 0.796371 0.79637 0.79637 0.796369 0.796369 0.796368 0.796368 0.796368 0.796367 0.796367 
0.776596 0.776596 0.776596 0.776595 0.776595 0.776595 0.776595 0.776595 0.776595 0.776595 0.776595 0.776595 0.776595 0.776595 0.776596 0.776596 0.776596 0.776597 0.776597 0.776598 0.776598 0.776599 0.776599 0.7766 0.7766 0.776601 0.776601 0.776602 0.776602 0.776603 0.776603 0.776604 0.776604 0.776604 0.776605 0.776605 0.776605 0.776605 0.776605 0.776605 0.776605 0.776605 0.776605 0.776605 0.776605 0.776604 0.776604 0.776604 0.776603 0.776603 0.776602 0.776602 0.776601 0.776601 0.7766 0.7766 0.776599 0.776599 0.776598 0.776598 0.776597 0.776597 
0.749094 0.749094 0.749094 0.749094 0.749094 0.749094 0.749094 0.749094 0.749094 0.749094 0.749095 0.749095 0.749095 0.749096 0.749096 0.749097 0.749097 0.749098 0.749098 0.749099 0.749099 0.7491 0.7491 0.749101 0.749101 0.749101 0.749102 0.749102 0.749103 0.749103 0.749103 0.749103 0.749103 0.749104 0.749104 0.749104 0.749104 0.749104 0.749103 0.749103 0.749103 0.749103 0.749102 0.749102 0.749102 0.749101 0.749101 0.7491 0.7491 0.749099 0.749099 0.749098 0.749098 0.749097 0.749097 0.749096 0.749096 0.749096 0.749095 0.749095 0.749095 0.749094 
0.714043 0.714043 0.714043 0.714043 0.714044 0.714044 0.714044 0.714044 0.714045 0.714045 0.714046 0.714046 0.714046 0.714047 0.714047 0.714048 0.714048 0.714049 0.714049 0.714049 0.71405 0.71405 0.71405 0.714051 0.714051 0.714051 0.714051 0.714052 0.714052 0.714052 0.714052 0.714052 0.714052 0.714052 0.714051 0.714051 0.714051 0.714051 0.71405 0.71405 0.71405 0.714049 0.714049 0.714048 0.714048 0.714048 0.714047 0.714047 0.714046 0.714046 0.714045 0.714045 0.714045 0.714044 0.714044 0.714044 0.714044 0.714043 0.714043 0.714043 0.714043 0.714043 
0.671691 0.671691 0.671692 0.671692 0.671692 0.671693 0.671693 0.671693 0.671694 0.671694 0.671694 0.671695 0.671695 0.671695 0.671696 0.671696 0.671696 0.671697 0.671697 0.671697 0.671697 0.671697 0.671697 0.671697 0.671697 0.671697 0.671697 0.671697 0.671697 0.671697 0.671697 0.671697 0.671696 0.671696 0.671696 0.671696 0.671695 0.671695 0.671695 0.671694 0.671694 0.671694 0.671693 0.671693 0.671692 0.671692 0.671692 0.671692 0.671691 0.671691 0.671691 0.671691 0.671691 0.67169 0.67169 0.67169 0.67169 0.67169 0.671691 0.671691 0.671691 0.671691 
0.622357 0.622357 0.622357 0.622358 0.622358 0.622358 0.622359 0.622359 0.622359 0.622359 0.622359 0.62236 0.62236 0.62236 0.62236 0.62236 0.62236 0.62236 0.62236 0.62236 0.62236 0.62236 0.62236 0.62236 0.62236 0.62236 0.62236 0.622359 0.622359 0.622359 0.622359 0.622359 0.622358 0.622358 0.622358 0.622357 0.622357 0.622357 0.622357 0.622356 0.622356 0.622356 0.622356 0.622356 0.622355 0.622355 0.622355 0.622355 0.622355 0.622355 0.622355 0.622355 0.622355 0.622355 0.622355 0.622355 0.622356 0.622356 0.622356 0.622356 0.622356 0.622357 
0.566438 0.566438 0.566438 0.566438 0.566438 0.566439 0.566439 0.566439 0.566439 0.566439 0.566439 0.566439 0.566439 0.566439 0.566439 0.566439 0.566439 0.566439 0.566439 0.566439 0.566439 0.566438 0.566438 0.566438 0.566438 0.566438 0.566438 0.566437 0.566437 0.566437 0.566437 0.566437 0.566436 0.566436 0.566436 0.566436 0.566436 0.566436 0.566436 0.566436 0.566435 0.566435 0.566435 0.566435 0.566435 0.566435 0.566435 0.566435 0.566436 0.566436 0.566436 0.566436 0.566436 0.566436 0.566436 0.566436 0.566437 0.566437 0.566437 0.566437 0.566437 0.566438 
0.504417 0.504417 0.504417 0.504417 0.504417 0.504417 0.504417 0.504417 0.504417 0.504417 0.504417 0.504417 0.504417 0.504417 0.504417 0.504416 0.504416 0.504416 0.504416 0.504416 0.504416 0.504416 0.504416 0.504416 0.504415 0.504415 0.504415 0.504415 0.504415 0.504415 0.504415 0.504415 0.504415 0.504415 0.504415 0.504414 0.504414 0.504414 0.504414 0.504414 0.504414 0.504415 0.504415 0.504415 0.504415 0.504415 0.504415 0.504415 0.504415 0.504415 0.504415 0.504415 0.504416 0.504416 0.504416 0.504416 0.504416 0.504416 0.504416 0.504416 0.504416 0.504417 
0.436865 0.436865 0.436865 0.436865 0.436865 0.436865 0.436865 0.436865 0.436865 0.436865 0.436865 0.436865 0.436865 0.436865 0.436865 0.436865 0.436865 0.436865 0.436865 0.436864 0.436864 0.436864 0.436864 0.436864 0.436864 0.436864 0.436864 0.436864 0.436864 0.436864 0.436864 0.436864 0.436864 0.436864 0.436864 0.436864 0.436864 0.436864 0.436864 0.436864 0.436864 0.436864 0.436864 0.436864 0.436864 0.436864 0.436865 0.436865 0.436865 0.436865 0.436865 0.436865 0.436865 0.436865 0.436865 0.436865 0.436865 0.436865 0.436865 0.436865 0.436865 0.436865 
0.364445 0.364445 0.364445 0.364445 0.364445 0.364445 0.364445 0.364445 0.364445 0.364445 0.364445 0.364445 0.364445 0.364445 0.364445 0.364445 0.364445 0.364445 0.364445 0.364445 0.364445 0.364445 0.364445 0.364445 0.364445 0.364444 0.364444 0.364444 0.364444 0.364444 0.364444 0.364445 0.364445 0.364445 0.364445 0.364445 0.364445 0.364445 0.364445 0.364445 0.364445 0.364445 0.364445 0.364445 0.364445 0.364445 0.364445 0.364445 0.364445 0.364445 0.364445 0.364445 0.364445 0.364445 0.364445 0.364445 0.364445 0.364445 0.364445 0.364445 0.364445 0.364445 
0.287903 0.287903 0.287903 0.287903 0.287903 0.287903 0.287903 0.287903 0.287902 0.287902 0.287902 0.287902 0.287902 0.287902 0.287902 0.287902 0.287902 0.287902 0.287902 0.287902 0.287902 0.287902 0.287902 0.287902 0.287902 0.287902 0.287902 0.287902 0.287902 0.287902 0.287902 0.287902 0.287902 0.287902 0.287902 0.287902 0.287902 0.287902 0.287902 0.287902 0.287902 0.287902 0.287902 0.287902 0.287902 0.287903 0.287903 0.287903 0.287903 0.287903 0.287903 0.287903 0.287903 0.287903 0.287903 0.287903 0.287903 0.287903 0.287903 0.287903 0.287903 0.287903 
0.208062 0.208062 0.208062 0.208062 0.208062 0.208062 0.208062 0.208062 0.208062 0.208062 0.208062 0.208062 0.208062 0.208062 0.208062 0.208062 0.208062 0.208062 0.208062 0.208062 0.208062 0.208062 0.208062 0.208062 0.208062 0.208062 0.208062 0.208062 0.208062 0.208062 0.208062 0.208062 0.208062 0.208062 0.208062 0.208062 0.208062 0.208062 0.208062 0.208062 0.208062 0.208062 0.208062 0.208062 0.208062 0.208062 0.208062 0.208062 0.208062 0.208062 0.208062 0.208062 0.208062 0.208062 0.208062 0.208062 0.208062 0.208062 0.208062 0.208062 0.208062 0.208062 
0.125815 0.125815 0.125815 0.125815 0.125815 0.125815 0.125815 0.125815 0.125815 0.125815 0.125815 0.125815 0.125815 0.125815 0.125815 0.125815 0.125815 0.125815 0.125815 0.125815 0.125815 0.125815 0.125815 0.125815 0.125815 0.125815 0.125815 0.125815 0.125815 0.125815 0.125815 0.125815 0.125815 0.125815 0.125815 0.125815 0.125815 0.125815 0.125815 0.125815 0.125815 0.125815 0.125815 0.125815 0.125815 0.125815 0.125815 0.125815 0.125815 0.125815 0.125815 0.125815 0.125815 0.125815 0.125815 0.125815 0.125815 0.125815 0.125815 0.125815 0.125815 0.125815 
0.0421024 0.0421024 0.0421024 0.0421024 0.0421024 0.0421024 0.0421024 0.0421024 0.0421024 0.0421024 0.0421024 0.0421024 0.0421024 0.0421024 0.0421024 0.0421024 0.0421024 0.0421024 0.0421024 0.0421024 0.0421024 0.0421024 0.0421024 0.0421024 0.0421024 0.0421024 0.0421024 0.0421024 0.0421024 0.0421024 0.0421023 0.0421023 0.0421023 0.0421023 0.0421023 0.0421023 0.0421023 0.0421023 0.0421023 0.0421023 0.0421023 0.0421023 0.0421023 0.0421023 0.0421023 0.0421023 0.0421023 0.0421023 0.0421023 0.0421023 0.0421023 0.0421023 0.0421023 0.0421023 0.0421023 0.0421023 0.0421024 0.0421024 0.0421024 0.0421024 0.0421024 0.0421024 
