0.0418384 0.0418384 0.0418384 0.0418384 0.0418384 0.0418384 0.0418384 0.0418384 0.0418384 0.0418384 0.0418384 0.0418384 0.0418385 0.0418385 0.0418385 0.0418385 0.0418385 0.0418385 0.0418385 0.0418385 0.0418385 0.0418385 0.0418385 0.0418385 0.0418385 0.0418385 0.0418385 0.0418385 0.0418384 0.0418384 0.0418384 0.0418384 0.0418384 0.0418384 0.0418384 0.0418384 0.0418384 0.0418384 0.0418384 0.0418384 0.0418384 0.0418384 0.0418384 0.0418384 0.0418384 0.0418384 0.0418384 0.0418384 0.0418384 0.0418384 0.0418384 0.0418384 0.0418384 0.0418384 0.0418384 0.0418384 0.0418384 0.0418384 0.0418384 0.0418384 0.0418384 0.0418384 
0.125029 0.125029 0.125029 0.125029 0.125029 0.125029 0.125029 0.125029 0.125029 0.125029 0.125029 0.125029 0.125029 0.125029 0.125029 0.125029 0.125029 0.125029 0.125029 0.125029 0.125029 0.125029 0.125029 0.125029 0.125029 0.125029 0.125029 0.125029 0.125029 0.125029 0.125029 0.125029 0.125029 0.125029 0.125029 0.125029 0.125029 0.125029 0.125029 0.125029 0.125029 0.125029 0.125029 0.125029 0.125029 0.125029 0.125029 0.125029 0.125029 0.125029 0.125029 0.125029 0.125029 0.125029 0.125029 0.125029 0.125029 0.125029 0.125029 0.125029 0.125029 0.125029 
0.206771 0.206771 0.206771 0.206771 0.206771 0.206771 0.206771 0.206771 0.206771 0.206771 0.206771 0.206771 0.206771 0.206771 0.206771 0.206771 0.206771 0.206771 0.206771 0.206771 0.206771 0.206771 0.206771 0.206771 0.206771 0.206771 0.206771 0.206771 0.206771 0.206771 0.206771 0.206771 0.206771 0.206771 0.206771 0.206771 0.206771 0.206771 0.206771 0.206771 0.206771 0.206771 0.206771 0.206771 0.206771 0.206771 0.206771 0.206771 0.206771 0.206771 0.206771 0.206771 0.206771 0.206771 0.206771 0.206771 0.206771 0.206771 0.206771 0.206771 0.206771 0.206771 
0.286133 0.286133 0.286133 0.286133 0.286133 0.286133 0.286133 0.286133 0.286133 0.286133 0.286133 0.286133 0.286133 0.286133 0.286133 0.286133 0.286133 0.286133 0.286133 0.286133 0.286133 0.286133 0.286133 0.286133 0.286133 0.286133 0.286133 0.286133 0.286133 0.286133 0.286133 0.286133 0.286133 0.286133 0.286133 0.286133 0.286133 0.286133 0.286133 0.286133 0.286133 0.286133 0.286133 0.286133 0.286133 0.286133 0.286133 0.286133 0.286133 0.286133 0.286133 0.286133 0.286133 0.286133 0.286133 0.286133 0.286133 0.286133 0.286133 0.286133 0.286133 0.286133 
0.362232 0.362232 0.362232 0.362232 0.362232 0.362232 0.362232 0.362232 0.362232 0.362232 0.362232 0.362232 0.362232 0.362232 0.362232 0.362232 0.362232 0.362232 0.362232 0.362232 0.362232 0.362232 0.362232 0.362232 0.362232 0.362232 0.362232 0.362232 0.362232 0.362232 0.362232 0.362232 0.362232 0.362232 0.362232 0.362232 0.362232 0.362232 0.362232 0.362232 0.362232 0.362232 0.362232 0.362232 0.362232 0.362232 0.362232 0.362232 0.362232 0.362232 0.362232 0.362232 0.362232 0.362232 0.362232 0.362232 0.362232 0.362232 0.362232 0.362232 0.362232 0.362232 
0.43425 0.43425 0.43425 0.43425 0.43425 0.43425 0.43425 0.43425 0.43425 0.43425 0.43425 0.43425 0.43425 0.43425 0.43425 0.43425 0.43425 0.43425 0.43425 0.43425 0.43425 0.43425 0.43425 0.43425 0.43425 0.43425 0.43425 0.43425 0.43425 0.43425 0.43425 0.43425 0.43425 0.43425 0.43425 0.43425 0.43425 0.43425 0.43425 0.43425 0.43425 0.43425 0.43425 0.43425 0.43425 0.43425 0.43425 0.43425 0.43425 0.43425 0.43425 0.43425 0.43425 0.43425 0.43425 0.43425 0.43425 0.43425 0.43425 0.43425 0.43425 0.43425 
0.501446 0.501446 0.501446 0.501446 0.501446 0.501446 0.501446 0.501446 0.501446 0.501446 0.501446 0.501446 0.501446 0.501446 0.501445 0.501445 0.501445 0.501445 0.501445 0.501445 0.501445 0.501445 0.501445 0.501445 0.501445 0.501445 0.501445 0.501445 0.501445 0.501445 0.501445 0.501445 0.501445 0.501445 0.501445 0.501445 0.501445 0.501445 0.501445 0.501445 0.501445 0.501445 0.501445 0.501445 0.501445 0.501445 0.501445 0.501445 0.501445 0.501445 0.501445 0.501445 0.501445 0.501445 0.501445 0.501446 0.501446 0.501446 0.501446 0.501446 0.501446 0.501446 
0.563159 0.563159 0.563159 0.563159 0.563159 0.56316 0.56316 0.56316 0.56316 0.56316 0.56316 0.563159 0.563159 0.563159 0.563159 0.563159 0.563159 0.563159 0.563159 0.563159 0.563159 0.563159 0.563158 0.563158 0.563158 0.563158 0.563158 0.563158 0.563158 0.563158 0.563158 0.563157 0.563157 0.563157 0.563157 0.563157 0.563157 0.563157 0.563157 0.563157 0.563157 0.563157 0.563157 0.563157 0.563157 0.563157 0.563157 0.563158 0.563158 0.563158 0.563158 0.563158 0.563158 0.563158 0.563158 0.563158 0.563159 0.563159 0.563159 0.563159 0.563159 0.563159 
0.618818 0.618819 0.618819 0.618819 0.618819 0.618819 0.618819 0.618819 0.61882 0.61882 0.61882 0.61882 0.61882 0.61882 0.61882 0.61882 0.61882 0.618819 0.618819 0.618819 0.618819 0.618819 0.618819 0.618819 0.618818 0.618818 0.618818 0.618818 0.618818 0.618817 0.618817 0.618817 0.618817 0.618817 0.618816 0.618816 0.618816 0.618816 0.618816 0.618816 0.618816 0.618816 0.618816 0.618816 0.618816 0.618816 0.618816 0.618816 0.618816 0.618816 0.618816 0.618816 0.618816 0.618817 0.618817 0.618817 0.618817 0.618817 0.618818 0.618818 0.618818 0.618818 
0.667938 0.667938 0.667939 0.667939 0.667939 0.667939 0.66794 0.66794 0.66794 0.66794 0.66794 0.667941 0.667941 0.667941 0.667941 0.667941 0.667941 0.667941 0.667941 0.667941 0.667941 0.667941 0.66794 0.66794 0.66794 0.66794 0.66794 0.667939 0.667939 0.667939 0.667939 0.667938 0.667938 0.667938 0.667937 0.667937 0.667937 0.667937 0.667936 0.667936 0.667936 0.667936 0.667936 0.667936 0.667936 0.667935 0.667935 0.667935 0.667935 0.667935 0.667936 0.667936 0.667936 0.667936 0.667936 0.667936 0.667936 0.667937 0.667937 0.667937 0.667937 0.667938 
0.710117 0.710117 0.710118 0.710118 0.710118 0.710119 0.710119 0.710119 0.71012 0.71012 0.71012 0.710121 0.710121 0.710121 0.710121 0.710121 0.710122 0.710122 0.710122 0.710122 0.710122 0.710122 0.710122 0.710122 0.710121 0.710121 0.710121 0.710121 0.710121 0.71012 0.71012 0.71012 0.710119 0.710119 0.710119 0.710118 0.710118 0.710118 0.710117 0.710117 0.710117 0.710116 0.710116 0.710116 0.710116 0.710115 0.710115 0.710115 0.710115 0.710115 0.710115 0.710115 0.710115 0.710115 0.710115 0.710115 0.710116 0.710116 0.710116 0.710116 0.710116 0.710117 
0.745033 0.745033 0.745033 0.745034 0.745034 0.745034 0.745035 0.745035 0.745035 0.745036 0.745036 0.745037 0.745037 0.745037 0.745037 0.745038 0.745038 0.745038 0.745038 0.745038 0.745038 0.745039 0.745039 0.745039 0.745038 0.745038 0.745038 0.745038 0.745038 0.745038 0.745038 0.745037 0.745037 0.745037 0.745036 0.745036 0.745036 0.745035 0.745035 0.745035 0.745034 0.745034 0.745034 0.745033 0.745033 0.745033 0.745032 0.745032 0.745032 0.745032 0.745032 0.745032 0.745032 0.745032 0.745032 0.745032 0.745032 0.745032 0.745032 0.745032 0.745032 0.745033 
0.772434 0.772435 0.772435 0.772435 0.772435 0.772436 0.772436 0.772436 0.772436 0.772437 0.772437 0.772437 0.772438 0.772438 0.772438 0.772438 0.772439 0.772439 0.772439 0.772439 0.772439 0.77244 0.77244 0.77244 0.77244 0.77244 0.77244 0.77244 0.772439 0.772439 0.772439 0.772439 0.772439 0.772438 0.772438 0.772438 0.772438 0.772437 0.772437 0.772437 0.772436 0.772436 0.772436 0.772436 0.772435 0.772435 0.772435 0.772435 0.772434 0.772434 0.772434 0.772434 0.772434 0.772434 0.772434 0.772434 0.772434 0.772434 0.772434 0.772434 0.772434 0.772434 
0.792135 0.792135 0.792135 0.792135 0.792136 0.792136 0.792136 0.792136 0.792136 0.792136 0.792137 0.792137 0.792137 0.792137 0.792137 0.792138 0.792138 0.792138 0.792138 0.792138 0.792138 0.792138 0.792138 0.792138 0.792138 0.792138 0.792138 0.792138 0.792138 0.792138 0.792138 0.792138 0.792138 0.792138 0.792137 0.792137 0.792137 0.792137 0.792137 0.792137 0.792136 0.792136 0.792136 0.792136 0.792136 0.792135 0.792135 0.792135 0.792135 0.792135 0.792135 0.792135 0.792135 0.792135 0.792135 0.792135 0.792135 0.792135 0.792135 0.792135 0.792135 0.792135 
0.804006 0.804006 0.804006 0.804006 0.804006 0.804006 0.804007 0.804007 0.804007 0.804007 0.804007 0.804007 0.804007 0.804007 0.804007 0.804007 0.804007 0.804007 0.804007 0.804007 0.804007 0.804006 0.804006 0.804006 0.804006 0.804006 0.804006 0.804006 0.804006 0.804006 0.804006 0.804006 0.804006 0.804006 0.804006 0.804006 0.804006 0.804006 0.804006 0.804006 0.804006 0.804006 0.804006 0.804006 0.804005 0.804005 0.804006 0.804006 0.804006 0.804006 0.804006 0.804006 0.804006 0.804006 0.804006 0.804006 0.804006 0.804006 0.804006 0.804006 0.804006 0.804006 
0.807973 0.807973 0.807973 0.807973 0.807973 0.807972 0.807972 0.807972 0.807972 0.807972 0.807972 0.807972 0.807971 0.807971 0.807971 0.807971 0.807971 0.80797 0.80797 0.80797 0.80797 0.80797 0.80797 0.80797 0.807969 0.807969 0.807969 0.807969 0.807969 0.807969 0.807969 0.807969 0.807969 0.807969 0.807969 0.807969 0.807969 0.807969 0.80797 0.80797 0.80797 0.80797 0.80797 0.80797 0.80797 0.807971 0.807971 0.807971 0.807971 0.807971 0.807972 0.807972 0.807972 0.807972 0.807972 0.807972 0.807972 0.807973 0.807973 0.807973 0.807973 0.807973 
0.804009 0.804009 0.804009 0.804009 0.804009 0.804009 0.804008 0.804008 0.804008 0.804007 0.804007 0.804007 0.804006 0.804006 0.804006 0.804005 0.804005 0.804005 0.804004 0.804004 0.804004 0.804004 0.804003 0.804003 0.804003 0.804003 0.804003 0.804003 0.804003 0.804003 0.804003 0.804003 0.804003 0.804003 0.804003 0.804004 0.804004 0.804004 0.804004 0.804005 0.804005 0.804005 0.804006 0.804006 0.804006 0.804007 0.804007 0.804007 0.804008 0.804008 0.804008 0.804009 0.804009 0.804009 0.804009 0.804009 0.804009 0.80401 0.80401 0.80401 0.80401 0.80401 
0.79214 0.79214 0.79214 0.792139 0.792139 0.792139 0.792138 0.792138 0.792137 0.792137 0.792137 0.792136 0.792136 0.792135 0.792135 0.792134 0.792134 0.792134 0.792133 0.792133 0.792133 0.792133 0.792133 0.792132 0.792132 0.792132 0.792132 0.792132 0.792132 0.792133 0.792133 0.792133 0.792133 0.792134 0.792134 0.792134 0.792135 0.792135 0.792135 0.792136 0.792136 0.792137 0.792137 0.792138 0.792138 0.792139 0.792139 0.792139 0.79214 0.79214 0.79214 0.79214 0.792141 0.792141 0.792141 0.792141 0.792141 0.792141 0.792141 0.792141 0.792141 0.792141 
0.77244 0.77244 0.772439 0.772439 0.772438 0.772438 0.772437 0.772437 0.772436 0.772436 0.772435 0.772435 0.772434 0.772434 0.772434 0.772433 0.772433 0.772433 0.772433 0.772433 0.772432 0.772432 0.772432 0.772432 0.772432 0.772433 0.772433 0.772433 0.772433 0.772433 0.772434 0.772434 0.772435 0.772435 0.772435 0.772436 0.772436 0.772437 0.772437 0.772438 0.772438 0.772439 0.772439 0.77244 0.77244 0.77244 0.772441 0.772441 0.772441 0.772441 0.772442 0.772442 0.772442 0.772442 0.772442 0.772442 0.772442 0.772441 0.772441 0.772441 0.772441 0.77244 
0.745037 0.745036 0.745036 0.745035 0.745035 0.745034 0.745034 0.745033 0.745033 0.745033 0.745032 0.745032 0.745032 0.745032 0.745031 0.745031 0.745031 0.745031 0.745031 0.745031 0.745031 0.745031 0.745031 0.745032 0.745032 0.745032 0.745033 0.745033 0.745033 0.745034 0.745034 0.745035 0.745035 0.745035 0.745036 0.745036 0.745037 0.745037 0.745038 0.745038 0.745038 0.745039 0.745039 0.745039 0.74504 0.74504 0.74504 0.74504 0.74504 0.74504 0.74504 0.74504 0.74504 0.74504 0.745039 0.745039 0.745039 0.745039 0.745038 0.745038 0.745037 0.745037 
0.710118 0.710118 0.710117 0.710117 0.710116 0.710116 0.710116 0.710116 0.710115 0.710115 0.710115 0.710115 0.710115 0.710115 0.710115 0.710115 0.710115 0.710115 0.710116 0.710116 0.710116 0.710116 0.710117 0.710117 0.710117 0.710118 0.710118 0.710118 0.710119 0.710119 0.71012 0.71012 0.71012 0.710121 0.710121 0.710121 0.710122 0.710122 0.710122 0.710122 0.710123 0.710123 0.710123 0.710123 0.710123 0.710123 0.710123 0.710123 0.710123 0.710122 0.710122 0.710122 0.710122 0.710121 0.710121 0.710121 0.71012 0.71012 0.710119 0.710119 0.710119 0.710118 
0.667936 0.667936 0.667936 0.667936 0.667936 0.667936 0.667936 0.667936 0.667936 0.667936 0.667936 0.667936 0.667936 0.667936 0.667936 0.667937 0.667937 0.667937 0.667937 0.667938 0.667938 0.667938 0.667939 0.667939 0.667939 0.667939 0.66794 0.66794 0.66794 0.667941 0.667941 0.667941 0.667941 0.667942 0.667942 0.667942 0.667942 0.667942 0.667942 0.667942 0.667942 0.667942 0.667942 0.667942 0.667942 0.667941 0.667941 0.667941 0.667941 0.66794 0.66794 0.66794 0.667939 0.667939 0.667939 0.667938 0.667938 0.667938 0.667937 0.667937 0.667937 0.667937 
0.618816 0.618816 0.618816 0.618816 0.618816 0.618816 0.618816 0.618816 0.618816 0.618817 0.618817 0.618817 0.618817 0.618817 0.618818 0.618818 0.618818 0.618818 0.618819 0.618819 0.618819 0.618819 0.61882 0.61882 0.61882 0.61882 0.61882 0.61882 0.618821 0.618821 0.618821 0.618821 0.618821 0.618821 0.618821 0.618821 0.618821 0.618821 0.61882 0.61882 0.61882 0.61882 0.61882 0.61882 0.618819 0.618819 0.618819 0.618819 0.618818 0.618818 0.618818 0.618818 0.618817 0.618817 0.618817 0.618817 0.618817 0.618816 0.618816 0.618816 0.618816 0.618816 
0.563157 0.563158 0.563158 0.563158 0.563158 0.563158 0.563158 0.563158 0.563158 0.563159 0.563159 0.563159 0.563159 0.563159 0.56316 0.56316 0.56316 0.56316 0.56316 0.56316 0.56316 0.56316 0.563161 0.563161 0.563161 0.563161 0.563161 0.563161 0.563161 0.563161 0.563161 0.563161 0.56316 0.56316 0.56316 0.56316 0.56316 0.56316 0.56316 0.56316 0.563159 0.563159 0.563159 0.563159 0.563159 0.563158 0.563158 0.563158 0.563158 0.563158 0.563158 0.563158 0.563158 0.563157 0.563157 0.563157 0.563157 0.563157 0.563157 0.563157 0.563157 0.563157 
0.501445 0.501445 0.501445 0.501446 0.501446 0.501446 0.501446 0.501446 0.501446 0.501446 0.501446 0.501446 0.501447 0.501447 0.501447 0.501447 0.501447 0.501447 0.501447 0.501447 0.501447 0.501447 0.501447 0.501447 0.501447 0.501447 0.501447 0.501447 0.501447 0.501447 0.501446 0.501446 0.501446 0.501446 0.501446 0.501446 0.501446 0.501446 0.501446 0.501446 0.501445 0.501445 0.501445 0.501445 0.501445 0.501445 0.501445 0.501445 0.501445 0.501445 0.501445 0.501445 0.501445 0.501445 0.501445 0.501445 0.501445 0.501445 0.501445 0.501445 0.501445 0.501445 
0.434251 0.434251 0.434251 0.434251 0.434251 0.434251 0.434251 0.434251 0.434251 0.434251 0.434251 0.434251 0.434251 0.434251 0.434251 0.434251 0.434251 0.434251 0.434251 0.434251 0.434251 0.434251 0.434251 0.434251 0.434251 0.434251 0.434251 0.434251 0.434251 0.434251 0.434251 0.434251 0.434251 0.434251 0.43425 0.43425 0.43425 0.43425 0.43425 0.43425 0.43425 0.43425 0.43425 0.43425 0.43425 0.43425 0.43425 0.43425 0.43425 0.43425 0.43425 0.43425 0.43425 0.43425 0.43425 0.43425 0.43425 0.43425 0.43425 0.434251 0.434251 0.434251 
0.362232 0.362232 0.362233 0.362233 0.362233 0.362233 0.362233 0.362233 0.362233 0.362233 0.362233 0.362233 0.362233 0.362233 0.362233 0.362233 0.362233 0.362233 0.362233 0.362233 0.362232 0.362232 0.362232 0.362232 0.362232 0.362232 0.362232 0.362232 0.362232 0.362232 0.362232 0.362232 0.362232 0.362232 0.362232 0.362232 0.362232 0.362232 0.362232 0.362232 0.362232 0.362232 0.362232 0.362232 0.362232 0.362232 0.362232 0.362232 0.362232 0.362232 0.362232 0.362232 0.362232 0.362232 0.362232 0.362232 0.362232 0.362232 0.362232 0.362232 0.362232 0.362232 
0.286133 0.286133 0.286133 0.286133 0.286133 0.286133 0.286133 0.286133 0.286133 0.286133 0.286133 0.286133 0.286133 0.286133 0.286133 0.286133 0.286133 0.286133 0.286133 0.286133 0.286133 0.286133 0.286133 0.286133 0.286133 0.286133 0.286133 0.286133 0.286133 0.286133 0.286133 0.286133 0.286133 0.286133 0.286133 0.286133 0.286133 0.286133 0.286133 0.286133 0.286133 0.286133 0.286133 0.286133 0.286133 0.286133 0.286133 0.286133 0.286133 0.286133 0.286133 0.286133 0.286133 0.286133 0.286133 0.286133 0.286133 0.286133 0.286133 0.286133 0.286133 0.286133 
0.206771 0.206771 0.206771 0.206771 0.206771 0.206771 0.206771 0.206771 0.206771 0.206771 0.206771 0.206771 0.206771 0.206771 0.206771 0.206771 0.206771 0.206771 0.206771 0.206771 0.206771 0.206771 0.206771 0.206771 0.206771 0.206771 0.206771 0.206771 0.206771 0.206771 0.206771 0.206771 0.206771 0.206771 0.206771 0.206771 0.206771 0.206771 0.206771 0.206771 0.206771 0.206771 0.206771 0.206771 0.206771 0.206771 0.206771 0.206771 0.206771 0.206771 0.206771 0.206771 0.206771 0.206771 0.206771 0.206771 0.206771 0.206771 0.206771 0.206771 0.206771 0.206771 
0.125029 0.125029 0.125029 0.125029 0.125029 0.125029 0.125029 0.125029 0.125029 0.125029 0.125029 0.125029 0.125029 0.125029 0.125029 0.125029 0.125029 0.125029 0.125029 0.125029 0.125029 0.125029 0.125029 0.125029 0.125029 0.125029 0.125029 0.125029 0.125029 0.125029 0.125029 0.125029 0.125029 0.125029 0.125029 0.125029 0.125029 0.125029 0.125029 0.125029 0.125029 0.125029 0.125029 0.125029 0.125029 0.125029 0.125029 0.125029 0.125029 0.125029 0.125029 0.125029 0.125029 0.125029 0.125029 0.125029 0.125029 0.125029 0.125029 0.125029 0.125029 0.125029 
0.0418385 0.0418385 0.0418385 0.0418385 0.0418385 0.0418385 0.0418385 0.0418385 0.0418385 0.0418385 0.0418385 0.0418385 0.0418385 0.0418385 0.0418385 0.0418385 0.0418385 0.0418385 0.0418385 0.0418385 0.0418385 0.0418385 0.0418385 0.0418385 0.0418385 0.0418385 0.0418385 0.0418385 0.0418385 0.0418385 0.0418385 0.0418385 0.0418385 0.0418385 0.0418385 0.0418385 0.0418385 0.0418385 0.0418385 0.0418385 0.0418385 0.0418385 0.0418385 0.0418385 0.0418385 0.0418385 0.0418385 0.0418385 0.0418385 0.0418385 0.0418385 0.0418385 0.0418384 0.0418384 0.0418384 0.0418384 0.0418384 0.0418384 0.0418384 0.0418384 0.0418384 0.0418385 
