0.0416064 0.0416064 0.0416064 0.0416064 0.0416064 0.0416064 0.0416064 0.0416064 0.0416064 0.0416064 0.0416064 0.0416064 0.0416064 0.0416064 0.0416064 0.0416064 0.0416064 0.0416064 0.0416064 0.0416064 0.0416064 0.0416064 0.0416064 0.0416064 0.0416064 0.0416065 0.0416065 0.0416065 0.0416065 0.0416065 0.0416065 0.0416065 0.0416065 0.0416065 0.0416065 0.0416065 0.0416065 0.0416065 0.0416064 0.0416064 0.0416064 0.0416064 0.0416064 0.0416064 0.0416064 0.0416064 0.0416064 0.0416064 0.0416064 0.0416064 0.0416064 0.0416064 0.0416064 0.0416064 0.0416064 0.0416064 0.0416064 0.0416064 0.0416064 0.0416064 0.0416064 0.0416064 
0.124338 0.124338 0.124338 0.124338 0.124338 0.124338 0.124338 0.124338 0.124338 0.124338 0.124338 0.124338 0.124338 0.124338 0.124338 0.124338 0.124338 0.124338 0.124338 0.124338 0.124338 0.124338 0.124338 0.124338 0.124338 0.124338 0.124338 0.124338 0.124338 0.124338 0.124338 0.124338 0.124338 0.124338 0.124338 0.124338 0.124338 0.124338 0.124338 0.124338 0.124338 0.124338 0.124338 0.124338 0.124338 0.124338 0.124338 0.124338 0.124338 0.124338 0.124338 0.124338 0.124338 0.124338 0.124338 0.124338 0.124338 0.124338 0.124338 0.124338 0.124338 0.124338 
0.205635 0.205635 0.205635 0.205635 0.205635 0.205635 0.205635 0.205635 0.205635 0.205635 0.205635 0.205635 0.205635 0.205635 0.205635 0.205635 0.205635 0.205635 0.205635 0.205635 0.205635 0.205635 0.205635 0.205635 0.205635 0.205635 0.205635 0.205635 0.205635 0.205635 0.205635 0.205635 0.205635 0.205635 0.205635 0.205635 0.205635 0.205635 0.205635 0.205635 0.205635 0.205635 0.205635 0.205635 0.205635 0.205635 0.205635 0.205635 0.205635 0.205635 0.205635 0.205635 0.205635 0.205635 0.205635 0.205635 0.205635 0.205635 0.205635 0.205635 0.205635 0.205635 
0.284576 0.284576 0.284576 0.284576 0.284576 0.284576 0.284576 0.284576 0.284576 0.284576 0.284576 0.284576 0.284576 0.284576 0.284576 0.284576 0.284576 0.284576 0.284576 0.284576 0.284576 0.284576 0.284576 0.284576 0.284576 0.284576 0.284576 0.284576 0.284576 0.284576 0.284576 0.284576 0.284576 0.284576 0.284576 0.284576 0.284576 0.284576 0.284576 0.284576 0.284576 0.284576 0.284576 0.284576 0.284576 0.284576 0.284576 0.284576 0.284576 0.284576 0.284576 0.284576 0.284576 0.284576 0.284576 0.284576 0.284576 0.284576 0.284576 0.284576 0.284576 0.284576 
0.360284 0.360284 0.360284 0.360284 0.360284 0.360284 0.360284 0.360284 0.360284 0.360284 0.360284 0.360284 0.360284 0.360284 0.360284 0.360284 0.360284 0.360284 0.360284 0.360284 0.360284 0.360284 0.360284 0.360284 0.360284 0.360284 0.360284 0.360284 0.360284 0.360284 0.360284 0.360284 0.360284 0.360284 0.360284 0.360284 0.360284 0.360284 0.360284 0.360284 0.360284 0.360284 0.360284 0.360284 0.360284 0.360284 0.360284 0.360284 0.360284 0.360284 0.360284 0.360284 0.360284 0.360284 0.360284 0.360284 0.360284 0.360284 0.360284 0.360284 0.360284 0.360284 
0.431947 0.431947 0.431947 0.431947 0.431947 0.431947 0.431947 0.431947 0.431947 0.431947 0.431947 0.431947 0.431947 0.431947 0.431947 0.431947 0.431947 0.431947 0.431947 0.431947 0.431947 0.431947 0.431947 0.431947 0.431947 0.431947 0.431947 0.431947 0.431947 0.431947 0.431947 0.431947 0.431947 0.431947 0.431947 0.431947 0.431947 0.431947 0.431947 0.431947 0.431947 0.431947 0.431947 0.431947 0.431947 0.431947 0.431947 0.431947 0.431947 0.431947 0.431947 0.431947 0.431947 0.431947 0.431947 0.431947 0.431947 0.431947 0.431947 0.431947 0.431947 0.431947 
0.498827 0.498827 0.498827 0.498827 0.498827 0.498827 0.498827 0.498827 0.498827 0.498827 0.498827 0.498827 0.498827 0.498827 0.498827 0.498827 0.498827 0.498827 0.498827 0.498827 0.498827 0.498827 0.498827 0.498827 0.498827 0.498827 0.498827 0.498827 0.498827 0.498827 0.498827 0.498827 0.498827 0.498827 0.498826 0.498826 0.498826 0.498826 0.498826 0.498826 0.498826 0.498826 0.498826 0.498826 0.498826 0.498826 0.498826 0.498826 0.498826 0.498826 0.498826 0.498826 0.498826 0.498826 0.498826 0.498826 0.498826 0.498826 0.498826 0.498826 0.498827 0.498827 
0.560265 0.560265 0.560265 0.560265 0.560266 0.560266 0.560266 0.560266 0.560266 0.560266 0.560266 0.560266 0.560266 0.560266 0.560267 0.560267 0.560267 0.560267 0.560267 0.560267 0.560267 0.560267 0.560267 0.560267 0.560267 0.560267 0.560266 0.560266 0.560266 0.560266 0.560266 0.560266 0.560266 0.560266 0.560266 0.560266 0.560265 0.560265 0.560265 0.560265 0.560265 0.560265 0.560265 0.560265 0.560265 0.560265 0.560265 0.560265 0.560265 0.560264 0.560264 0.560264 0.560264 0.560265 0.560265 0.560265 0.560265 0.560265 0.560265 0.560265 0.560265 0.560265 
0.615691 0.615691 0.615691 0.615691 0.615691 0.615691 0.615692 0.615692 0.615692 0.615692 0.615692 0.615692 0.615693 0.615693 0.615693 0.615693 0.615693 0.615693 0.615694 0.615694 0.615694 0.615694 0.615694 0.615694 0.615694 0.615694 0.615694 0.615694 0.615694 0.615694 0.615694 0.615693 0.615693 0.615693 0.615693 0.615693 0.615693 0.615692 0.615692 0.615692 0.615692 0.615692 0.615692 0.615691 0.615691 0.615691 0.615691 0.615691 0.615691 0.615691 0.61569 0.61569 0.61569 0.61569 0.61569 0.61569 0.61569 0.61569 0.61569 0.61569 0.61569 0.61569 
0.664617 0.664617 0.664617 0.664617 0.664617 0.664618 0.664618 0.664618 0.664618 0.664618 0.664619 0.664619 0.664619 0.66462 0.66462 0.66462 0.66462 0.664621 0.664621 0.664621 0.664621 0.664621 0.664622 0.664622 0.664622 0.664622 0.664622 0.664622 0.664622 0.664622 0.664622 0.664622 0.664622 0.664622 0.664622 0.664621 0.664621 0.664621 0.664621 0.664621 0.66462 0.66462 0.66462 0.66462 0.664619 0.664619 0.664619 0.664619 0.664618 0.664618 0.664618 0.664618 0.664617 0.664617 0.664617 0.664617 0.664617 0.664617 0.664617 0.664617 0.664617 0.664617 
0.706641 0.706641 0.706641 0.706641 0.706641 0.706641 0.706641 0.706641 0.706642 0.706642 0.706642 0.706642 0.706643 0.706643 0.706643 0.706644 0.706644 0.706644 0.706644 0.706645 0.706645 0.706645 0.706646 0.706646 0.706646 0.706646 0.706647 0.706647 0.706647 0.706647 0.706647 0.706647 0.706647 0.706647 0.706647 0.706647 0.706647 0.706647 0.706646 0.706646 0.706646 0.706646 0.706645 0.706645 0.706645 0.706645 0.706644 0.706644 0.706644 0.706643 0.706643 0.706643 0.706642 0.706642 0.706642 0.706642 0.706641 0.706641 0.706641 0.706641 0.706641 0.706641 
0.741436 0.741436 0.741436 0.741436 0.741436 0.741436 0.741436 0.741436 0.741436 0.741436 0.741437 0.741437 0.741437 0.741437 0.741438 0.741438 0.741438 0.741439 0.741439 0.741439 0.74144 0.74144 0.74144 0.741441 0.741441 0.741441 0.741441 0.741442 0.741442 0.741442 0.741442 0.741442 0.741442 0.741442 0.741442 0.741442 0.741442 0.741442 0.741442 0.741442 0.741442 0.741442 0.741442 0.741441 0.741441 0.741441 0.74144 0.74144 0.74144 0.741439 0.741439 0.741439 0.741438 0.741438 0.741438 0.741438 0.741437 0.741437 0.741437 0.741437 0.741436 0.741436 
0.768748 0.768748 0.768748 0.768748 0.768748 0.768748 0.768748 0.768748 0.768748 0.768748 0.768748 0.768748 0.768748 0.768749 0.768749 0.768749 0.768749 0.768749 0.76875 0.76875 0.76875 0.768751 0.768751 0.768751 0.768751 0.768752 0.768752 0.768752 0.768752 0.768753 0.768753 0.768753 0.768753 0.768753 0.768753 0.768753 0.768753 0.768753 0.768753 0.768753 0.768753 0.768753 0.768753 0.768753 0.768753 0.768752 0.768752 0.768752 0.768752 0.768751 0.768751 0.768751 0.76875 0.76875 0.76875 0.76875 0.768749 0.768749 0.768749 0.768749 0.768748 0.768748 
0.788387 0.788387 0.788387 0.788387 0.788386 0.788386 0.788386 0.788386 0.788386 0.788387 0.788387 0.788387 0.788387 0.788387 0.788387 0.788387 0.788387 0.788388 0.788388 0.788388 0.788388 0.788388 0.788388 0.788389 0.788389 0.788389 0.788389 0.788389 0.788389 0.788389 0.78839 0.78839 0.78839 0.78839 0.78839 0.78839 0.78839 0.78839 0.78839 0.78839 0.78839 0.78839 0.78839 0.78839 0.788389 0.788389 0.788389 0.788389 0.788389 0.788389 0.788389 0.788388 0.788388 0.788388 0.788388 0.788388 0.788388 0.788387 0.788387 0.788387 0.788387 0.788387 
0.800221 0.800221 0.800221 0.800221 0.800221 0.800221 0.800221 0.800221 0.800221 0.800222 0.800222 0.800222 0.800222 0.800222 0.800222 0.800222 0.800222 0.800222 0.800222 0.800222 0.800222 0.800222 0.800222 0.800222 0.800222 0.800222 0.800222 0.800222 0.800222 0.800222 0.800222 0.800222 0.800222 0.800222 0.800222 0.800222 0.800222 0.800222 0.800222 0.800222 0.800222 0.800222 0.800222 0.800222 0.800222 0.800222 0.800221 0.800221 0.800221 0.800221 0.800221 0.800221 0.800221 0.800221 0.800221 0.800221 0.800221 0.800221 0.800221 0.800221 0.800221 0.800221 
0.804175 0.804175 0.804175 0.804176 0.804176 0.804176 0.804176 0.804176 0.804176 0.804176 0.804176 0.804176 0.804176 0.804176 0.804176 0.804176 0.804176 0.804176 0.804176 0.804176 0.804176 0.804176 0.804175 0.804175 0.804175 0.804175 0.804175 0.804175 0.804174 0.804174 0.804174 0.804174 0.804174 0.804174 0.804173 0.804173 0.804173 0.804173 0.804173 0.804173 0.804173 0.804173 0.804173 0.804173 0.804173 0.804173 0.804173 0.804173 0.804173 0.804173 0.804173 0.804173 0.804174 0.804174 0.804174 0.804174 0.804174 0.804174 0.804175 0.804175 0.804175 0.804175 
0.800224 0.800224 0.800224 0.800224 0.800225 0.800225 0.800225 0.800225 0.800225 0.800225 0.800225 0.800225 0.800225 0.800225 0.800225 0.800224 0.800224 0.800224 0.800224 0.800223 0.800223 0.800223 0.800223 0.800222 0.800222 0.800222 0.800221 0.800221 0.800221 0.80022 0.80022 0.80022 0.80022 0.800219 0.800219 0.800219 0.800219 0.800219 0.800219 0.800219 0.800219 0.800219 0.800219 0.800219 0.800219 0.800219 0.800219 0.800219 0.80022 0.80022 0.80022 0.80022 0.800221 0.800221 0.800221 0.800222 0.800222 0.800222 0.800223 0.800223 0.800223 0.800223 
0.788392 0.788392 0.788392 0.788392 0.788392 0.788392 0.788393 0.788393 0.788392 0.788392 0.788392 0.788392 0.788392 0.788392 0.788391 0.788391 0.788391 0.78839 0.78839 0.78839 0.788389 0.788389 0.788388 0.788388 0.788388 0.788387 0.788387 0.788387 0.788386 0.788386 0.788386 0.788385 0.788385 0.788385 0.788385 0.788385 0.788384 0.788384 0.788384 0.788384 0.788385 0.788385 0.788385 0.788385 0.788385 0.788386 0.788386 0.788386 0.788387 0.788387 0.788387 0.788388 0.788388 0.788389 0.788389 0.788389 0.78839 0.78839 0.78839 0.788391 0.788391 0.788391 
0.768755 0.768755 0.768755 0.768755 0.768755 0.768755 0.768755 0.768755 0.768755 0.768755 0.768754 0.768754 0.768754 0.768753 0.768753 0.768753 0.768752 0.768752 0.768751 0.768751 0.76875 0.76875 0.768749 0.768749 0.768749 0.768748 0.768748 0.768748 0.768747 0.768747 0.768747 0.768747 0.768747 0.768747 0.768747 0.768747 0.768747 0.768747 0.768747 0.768747 0.768747 0.768748 0.768748 0.768748 0.768749 0.768749 0.768749 0.76875 0.76875 0.768751 0.768751 0.768751 0.768752 0.768752 0.768753 0.768753 0.768754 0.768754 0.768754 0.768754 0.768755 0.768755 
0.741444 0.741444 0.741444 0.741444 0.741443 0.741443 0.741443 0.741443 0.741442 0.741442 0.741442 0.741441 0.741441 0.74144 0.74144 0.74144 0.741439 0.741439 0.741438 0.741438 0.741438 0.741437 0.741437 0.741437 0.741436 0.741436 0.741436 0.741436 0.741436 0.741436 0.741435 0.741436 0.741436 0.741436 0.741436 0.741436 0.741436 0.741436 0.741437 0.741437 0.741437 0.741438 0.741438 0.741439 0.741439 0.741439 0.74144 0.74144 0.741441 0.741441 0.741441 0.741442 0.741442 0.741443 0.741443 0.741443 0.741443 0.741443 0.741444 0.741444 0.741444 0.741444 
0.706648 0.706647 0.706647 0.706647 0.706646 0.706646 0.706646 0.706645 0.706645 0.706645 0.706644 0.706644 0.706644 0.706643 0.706643 0.706643 0.706642 0.706642 0.706642 0.706642 0.706641 0.706641 0.706641 0.706641 0.706641 0.706641 0.706641 0.706641 0.706641 0.706641 0.706641 0.706641 0.706642 0.706642 0.706642 0.706642 0.706643 0.706643 0.706643 0.706644 0.706644 0.706645 0.706645 0.706645 0.706646 0.706646 0.706646 0.706647 0.706647 0.706647 0.706647 0.706648 0.706648 0.706648 0.706648 0.706648 0.706648 0.706648 0.706648 0.706648 0.706648 0.706648 
0.664621 0.664621 0.664621 0.66462 0.66462 0.66462 0.66462 0.664619 0.664619 0.664619 0.664618 0.664618 0.664618 0.664618 0.664618 0.664617 0.664617 0.664617 0.664617 0.664617 0.664617 0.664617 0.664617 0.664617 0.664617 0.664617 0.664618 0.664618 0.664618 0.664618 0.664619 0.664619 0.664619 0.664619 0.66462 0.66462 0.66462 0.664621 0.664621 0.664621 0.664621 0.664622 0.664622 0.664622 0.664622 0.664623 0.664623 0.664623 0.664623 0.664623 0.664623 0.664623 0.664623 0.664623 0.664623 0.664623 0.664623 0.664622 0.664622 0.664622 0.664622 0.664622 
0.615692 0.615692 0.615692 0.615692 0.615691 0.615691 0.615691 0.615691 0.615691 0.615691 0.615691 0.615691 0.61569 0.61569 0.61569 0.61569 0.61569 0.615691 0.615691 0.615691 0.615691 0.615691 0.615691 0.615691 0.615691 0.615692 0.615692 0.615692 0.615692 0.615693 0.615693 0.615693 0.615693 0.615693 0.615694 0.615694 0.615694 0.615694 0.615694 0.615695 0.615695 0.615695 0.615695 0.615695 0.615695 0.615695 0.615695 0.615695 0.615695 0.615695 0.615695 0.615694 0.615694 0.615694 0.615694 0.615694 0.615694 0.615693 0.615693 0.615693 0.615693 0.615693 
0.560265 0.560265 0.560265 0.560265 0.560265 0.560265 0.560265 0.560265 0.560265 0.560265 0.560265 0.560265 0.560265 0.560265 0.560265 0.560265 0.560265 0.560265 0.560265 0.560266 0.560266 0.560266 0.560266 0.560266 0.560266 0.560266 0.560267 0.560267 0.560267 0.560267 0.560267 0.560267 0.560267 0.560268 0.560268 0.560268 0.560268 0.560268 0.560268 0.560268 0.560268 0.560268 0.560268 0.560268 0.560268 0.560268 0.560267 0.560267 0.560267 0.560267 0.560267 0.560267 0.560267 0.560266 0.560266 0.560266 0.560266 0.560266 0.560266 0.560266 0.560265 0.560265 
0.498826 0.498826 0.498826 0.498826 0.498826 0.498826 0.498826 0.498826 0.498826 0.498827 0.498827 0.498827 0.498827 0.498827 0.498827 0.498827 0.498827 0.498827 0.498827 0.498827 0.498828 0.498828 0.498828 0.498828 0.498828 0.498828 0.498828 0.498828 0.498828 0.498828 0.498828 0.498828 0.498828 0.498828 0.498828 0.498828 0.498828 0.498828 0.498828 0.498828 0.498828 0.498828 0.498828 0.498828 0.498828 0.498828 0.498828 0.498827 0.498827 0.498827 0.498827 0.498827 0.498827 0.498827 0.498827 0.498827 0.498827 0.498827 0.498826 0.498826 0.498826 0.498826 
0.431947 0.431947 0.431947 0.431947 0.431947 0.431947 0.431947 0.431947 0.431947 0.431947 0.431947 0.431948 0.431948 0.431948 0.431948 0.431948 0.431948 0.431948 0.431948 0.431948 0.431948 0.431948 0.431948 0.431948 0.431948 0.431948 0.431948 0.431948 0.431948 0.431948 0.431948 0.431948 0.431948 0.431948 0.431948 0.431948 0.431948 0.431948 0.431948 0.431948 0.431948 0.431948 0.431948 0.431948 0.431948 0.431947 0.431947 0.431947 0.431947 0.431947 0.431947 0.431947 0.431947 0.431947 0.431947 0.431947 0.431947 0.431947 0.431947 0.431947 0.431947 0.431947 
0.360284 0.360284 0.360284 0.360284 0.360284 0.360284 0.360284 0.360284 0.360284 0.360284 0.360284 0.360284 0.360284 0.360284 0.360284 0.360284 0.360284 0.360284 0.360284 0.360285 0.360285 0.360285 0.360285 0.360285 0.360285 0.360285 0.360285 0.360285 0.360284 0.360284 0.360284 0.360284 0.360284 0.360284 0.360284 0.360284 0.360284 0.360284 0.360284 0.360284 0.360284 0.360284 0.360284 0.360284 0.360284 0.360284 0.360284 0.360284 0.360284 0.360284 0.360284 0.360284 0.360284 0.360284 0.360284 0.360284 0.360284 0.360284 0.360284 0.360284 0.360284 0.360284 
0.284576 0.284576 0.284576 0.284576 0.284576 0.284576 0.284576 0.284576 0.284576 0.284576 0.284576 0.284576 0.284576 0.284576 0.284576 0.284576 0.284576 0.284576 0.284576 0.284576 0.284576 0.284576 0.284576 0.284576 0.284576 0.284576 0.284576 0.284576 0.284576 0.284576 0.284576 0.284576 0.284576 0.284576 0.284576 0.284576 0.284576 0.284576 0.284576 0.284576 0.284576 0.284576 0.284576 0.284576 0.284576 0.284576 0.284576 0.284576 0.284576 0.284576 0.284576 0.284576 0.284576 0.284576 0.284576 0.284576 0.284576 0.284576 0.284576 0.284576 0.284576 0.284576 
0.205635 0.205635 0.205635 0.205635 0.205635 0.205635 0.205635 0.205635 0.205635 0.205635 0.205635 0.205635 0.205635 0.205636 0.205636 0.205636 0.205636 0.205636 0.205636 0.205636 0.205636 0.205636 0.205636 0.205636 0.205636 0.205636 0.205636 0.205636 0.205636 0.205636 0.205636 0.205636 0.205636 0.205636 0.205636 0.205636 0.205636 0.205636 0.205636 0.205636 0.205636 0.205636 0.205636 0.205636 0.205636 0.205636 0.205636 0.205636 0.205636 0.205636 0.205636 0.205636 0.205635 0.205635 0.205635 0.205635 0.205635 0.205635 0.205635 0.205635 0.205635 0.205635 
0.124338 0.124338 0.124338 0.124338 0.124338 0.124338 0.124338 0.124338 0.124338 0.124338 0.124338 0.124338 0.124338 0.124338 0.124338 0.124338 0.124338 0.124338 0.124338 0.124338 0.124338 0.124338 0.124338 0.124338 0.124338 0.124338 0.124338 0.124338 0.124338 0.124338 0.124338 0.124338 0.124338 0.124338 0.124338 0.124338 0.124338 0.124338 0.124338 0.124338 0.124338 0.124338 0.124338 0.124338 0.124338 0.124338 0.124338 0.124338 0.124338 0.124338 0.124338 0.124338 0.124338 0.124338 0.124338 0.124338 0.124338 0.124338 0.124338 0.124338 0.124338 0.124338 
0.0416065 0.0416065 0.0416065 0.0416064 0.0416064 0.0416064 0.0416064 0.0416064 0.0416064 0.0416064 0.0416065 0.0416065 0.0416065 0.0416065 0.0416065 0.0416065 0.0416065 0.0416065 0.0416065 0.0416065 0.0416065 0.0416065 0.0416065 0.0416065 0.0416065 0.0416065 0.0416065 0.0416065 0.0416065 0.0416065 0.0416065 0.0416065 0.0416065 0.0416065 0.0416065 0.0416065 0.0416065 0.0416065 0.0416065 0.0416065 0.0416065 0.0416065 0.0416065 0.0416065 0.0416065 0.0416065 0.0416065 0.0416065 0.0416065 0.0416065 0.0416065 0.0416065 0.0416065 0.0416065 0.0416065 0.0416065 0.0416065 0.0416065 0.0416065 0.0416065 0.0416065 0.0416065 
