0.04152 0.04152 0.04152 0.04152 0.04152 0.04152 0.04152 0.04152 0.04152 0.04152 0.04152 0.04152 0.04152 0.04152 0.04152 0.04152 0.04152 0.04152 0.04152 0.04152 0.04152 0.04152 0.04152 0.04152 0.04152 0.04152 0.04152 0.04152 0.0415201 0.0415201 0.0415201 0.0415201 0.0415201 0.0415201 0.0415201 0.0415201 0.0415201 0.0415201 0.0415201 0.0415201 0.0415201 0.0415201 0.0415201 0.0415201 0.04152 0.04152 0.04152 0.04152 0.04152 0.04152 0.04152 0.04152 0.04152 0.04152 0.04152 0.04152 0.04152 0.04152 0.04152 0.04152 0.04152 0.04152 
0.12408 0.12408 0.12408 0.12408 0.12408 0.12408 0.12408 0.12408 0.12408 0.12408 0.12408 0.12408 0.12408 0.12408 0.12408 0.12408 0.12408 0.12408 0.12408 0.12408 0.12408 0.124081 0.124081 0.124081 0.124081 0.124081 0.124081 0.124081 0.124081 0.124081 0.124081 0.124081 0.124081 0.124081 0.124081 0.124081 0.124081 0.124081 0.124081 0.124081 0.124081 0.124081 0.124081 0.124081 0.124081 0.124081 0.12408 0.12408 0.12408 0.12408 0.12408 0.12408 0.12408 0.12408 0.12408 0.12408 0.12408 0.12408 0.12408 0.12408 0.12408 0.12408 
0.205212 0.205212 0.205212 0.205212 0.205212 0.205212 0.205212 0.205212 0.205212 0.205212 0.205212 0.205212 0.205212 0.205212 0.205212 0.205212 0.205212 0.205212 0.205212 0.205212 0.205212 0.205212 0.205212 0.205212 0.205212 0.205212 0.205212 0.205212 0.205212 0.205212 0.205212 0.205212 0.205212 0.205212 0.205212 0.205212 0.205212 0.205212 0.205212 0.205212 0.205212 0.205212 0.205212 0.205212 0.205212 0.205212 0.205212 0.205212 0.205212 0.205212 0.205212 0.205212 0.205212 0.205212 0.205212 0.205212 0.205212 0.205212 0.205212 0.205212 0.205212 0.205212 
0.283995 0.283995 0.283995 0.283995 0.283995 0.283995 0.283995 0.283995 0.283995 0.283995 0.283995 0.283995 0.283995 0.283995 0.283995 0.283995 0.283995 0.283995 0.283995 0.283995 0.283995 0.283995 0.283995 0.283995 0.283995 0.283995 0.283995 0.283995 0.283996 0.283996 0.283996 0.283996 0.283996 0.283996 0.283996 0.283996 0.283996 0.283996 0.283996 0.283996 0.283996 0.283996 0.283996 0.283996 0.283996 0.283996 0.283995 0.283995 0.283995 0.283995 0.283995 0.283995 0.283995 0.283995 0.283995 0.283995 0.283995 0.283995 0.283995 0.283995 0.283995 0.283995 
0.359558 0.359558 0.359558 0.359558 0.359558 0.359558 0.359558 0.359558 0.359558 0.359558 0.359558 0.359558 0.359558 0.359558 0.359558 0.359558 0.359558 0.359558 0.359558 0.359558 0.359558 0.359558 0.359558 0.359558 0.359558 0.359558 0.359558 0.359558 0.359558 0.359558 0.359558 0.359558 0.359558 0.359558 0.359558 0.359558 0.359558 0.359558 0.359558 0.359558 0.359558 0.359558 0.359558 0.359558 0.359558 0.359558 0.359558 0.359558 0.359558 0.359558 0.359558 0.359558 0.359558 0.359558 0.359558 0.359558 0.359558 0.359558 0.359558 0.359558 0.359558 0.359558 
0.431088 0.431088 0.431088 0.431088 0.431088 0.431088 0.431088 0.431088 0.431088 0.431088 0.431088 0.431088 0.431088 0.431088 0.431088 0.431088 0.431088 0.431088 0.431088 0.431088 0.431088 0.431088 0.431088 0.431088 0.431088 0.431088 0.431088 0.431088 0.431088 0.431088 0.431088 0.431088 0.431088 0.431088 0.431088 0.431088 0.431088 0.431088 0.431088 0.431088 0.431088 0.431088 0.431088 0.431088 0.431088 0.431088 0.431088 0.431088 0.431088 0.431088 0.431088 0.431088 0.431088 0.431088 0.431088 0.431088 0.431088 0.431088 0.431088 0.431088 0.431088 0.431088 
0.49785 0.49785 0.49785 0.49785 0.49785 0.49785 0.49785 0.49785 0.49785 0.49785 0.49785 0.49785 0.49785 0.49785 0.49785 0.49785 0.49785 0.49785 0.49785 0.49785 0.49785 0.49785 0.49785 0.49785 0.49785 0.49785 0.49785 0.49785 0.49785 0.49785 0.49785 0.49785 0.49785 0.49785 0.49785 0.49785 0.49785 0.49785 0.49785 0.49785 0.49785 0.497849 0.497849 0.497849 0.497849 0.497849 0.497849 0.497849 0.497849 0.497849 0.497849 0.497849 0.497849 0.497849 0.497849 0.497849 0.497849 0.497849 0.497849 0.497849 0.497849 0.497849 
0.559185 0.559185 0.559185 0.559185 0.559185 0.559185 0.559186 0.559186 0.559186 0.559186 0.559186 0.559186 0.559186 0.559186 0.559186 0.559187 0.559187 0.559187 0.559187 0.559187 0.559187 0.559187 0.559187 0.559187 0.559187 0.559187 0.559187 0.559187 0.559187 0.559187 0.559187 0.559187 0.559187 0.559187 0.559186 0.559186 0.559186 0.559186 0.559186 0.559186 0.559186 0.559186 0.559186 0.559186 0.559185 0.559185 0.559185 0.559185 0.559185 0.559185 0.559185 0.559185 0.559185 0.559185 0.559185 0.559185 0.559185 0.559185 0.559185 0.559185 0.559185 0.559185 
0.614523 0.614523 0.614523 0.614523 0.614523 0.614523 0.614524 0.614524 0.614524 0.614524 0.614524 0.614524 0.614525 0.614525 0.614525 0.614525 0.614525 0.614525 0.614526 0.614526 0.614526 0.614526 0.614526 0.614526 0.614526 0.614526 0.614527 0.614527 0.614527 0.614527 0.614527 0.614527 0.614526 0.614526 0.614526 0.614526 0.614526 0.614526 0.614526 0.614526 0.614526 0.614525 0.614525 0.614525 0.614525 0.614525 0.614524 0.614524 0.614524 0.614524 0.614524 0.614524 0.614524 0.614523 0.614523 0.614523 0.614523 0.614523 0.614523 0.614523 0.614523 0.614523 
0.663377 0.663377 0.663377 0.663377 0.663377 0.663377 0.663377 0.663377 0.663377 0.663378 0.663378 0.663378 0.663378 0.663378 0.663379 0.663379 0.663379 0.663379 0.66338 0.66338 0.66338 0.66338 0.663381 0.663381 0.663381 0.663381 0.663381 0.663382 0.663382 0.663382 0.663382 0.663382 0.663382 0.663382 0.663382 0.663382 0.663382 0.663382 0.663382 0.663381 0.663381 0.663381 0.663381 0.663381 0.663381 0.66338 0.66338 0.66338 0.66338 0.663379 0.663379 0.663379 0.663379 0.663378 0.663378 0.663378 0.663378 0.663378 0.663377 0.663377 0.663377 0.663377 
0.705343 0.705342 0.705342 0.705342 0.705342 0.705342 0.705342 0.705342 0.705342 0.705342 0.705342 0.705343 0.705343 0.705343 0.705343 0.705344 0.705344 0.705344 0.705344 0.705345 0.705345 0.705345 0.705346 0.705346 0.705346 0.705347 0.705347 0.705347 0.705347 0.705347 0.705348 0.705348 0.705348 0.705348 0.705348 0.705348 0.705348 0.705348 0.705348 0.705348 0.705348 0.705348 0.705348 0.705348 0.705347 0.705347 0.705347 0.705347 0.705346 0.705346 0.705346 0.705345 0.705345 0.705345 0.705344 0.705344 0.705344 0.705344 0.705343 0.705343 0.705343 0.705343 
0.740092 0.740092 0.740092 0.740092 0.740092 0.740092 0.740091 0.740091 0.740091 0.740091 0.740091 0.740092 0.740092 0.740092 0.740092 0.740092 0.740092 0.740093 0.740093 0.740093 0.740093 0.740094 0.740094 0.740094 0.740095 0.740095 0.740095 0.740096 0.740096 0.740096 0.740097 0.740097 0.740097 0.740097 0.740097 0.740098 0.740098 0.740098 0.740098 0.740098 0.740098 0.740098 0.740098 0.740098 0.740097 0.740097 0.740097 0.740097 0.740097 0.740096 0.740096 0.740096 0.740095 0.740095 0.740095 0.740094 0.740094 0.740094 0.740093 0.740093 0.740093 0.740093 
0.76737 0.76737 0.76737 0.76737 0.767369 0.767369 0.767369 0.767369 0.767369 0.767369 0.767369 0.767369 0.767369 0.767369 0.767369 0.767369 0.767369 0.76737 0.76737 0.76737 0.76737 0.767371 0.767371 0.767371 0.767371 0.767372 0.767372 0.767372 0.767372 0.767373 0.767373 0.767373 0.767373 0.767374 0.767374 0.767374 0.767374 0.767374 0.767374 0.767374 0.767374 0.767374 0.767374 0.767374 0.767374 0.767374 0.767374 0.767374 0.767374 0.767374 0.767373 0.767373 0.767373 0.767373 0.767372 0.767372 0.767372 0.767372 0.767371 0.767371 0.767371 0.76737 
0.786985 0.786985 0.786985 0.786985 0.786984 0.786984 0.786984 0.786984 0.786984 0.786984 0.786984 0.786984 0.786984 0.786984 0.786984 0.786984 0.786984 0.786985 0.786985 0.786985 0.786985 0.786985 0.786985 0.786985 0.786986 0.786986 0.786986 0.786986 0.786986 0.786986 0.786987 0.786987 0.786987 0.786987 0.786987 0.786987 0.786987 0.786987 0.786987 0.786988 0.786988 0.786988 0.786988 0.786988 0.786988 0.786987 0.786987 0.786987 0.786987 0.786987 0.786987 0.786987 0.786987 0.786986 0.786986 0.786986 0.786986 0.786986 0.786986 0.786985 0.786985 0.786985 
0.798805 0.798805 0.798805 0.798805 0.798805 0.798805 0.798805 0.798805 0.798805 0.798805 0.798805 0.798805 0.798805 0.798805 0.798805 0.798805 0.798805 0.798806 0.798806 0.798806 0.798806 0.798806 0.798806 0.798806 0.798806 0.798806 0.798806 0.798806 0.798806 0.798806 0.798806 0.798806 0.798806 0.798806 0.798806 0.798806 0.798806 0.798806 0.798806 0.798806 0.798806 0.798806 0.798806 0.798806 0.798806 0.798806 0.798806 0.798806 0.798805 0.798805 0.798805 0.798805 0.798805 0.798805 0.798805 0.798805 0.798805 0.798805 0.798805 0.798805 0.798805 0.798805 
0.802754 0.802754 0.802754 0.802754 0.802754 0.802755 0.802755 0.802755 0.802755 0.802755 0.802755 0.802755 0.802755 0.802755 0.802755 0.802755 0.802755 0.802755 0.802755 0.802755 0.802755 0.802755 0.802755 0.802755 0.802755 0.802755 0.802755 0.802755 0.802754 0.802754 0.802754 0.802754 0.802754 0.802754 0.802754 0.802753 0.802753 0.802753 0.802753 0.802753 0.802753 0.802753 0.802753 0.802752 0.802752 0.802752 0.802752 0.802752 0.802752 0.802752 0.802752 0.802752 0.802752 0.802753 0.802753 0.802753 0.802753 0.802753 0.802753 0.802753 0.802753 0.802754 
0.798806 0.798807 0.798807 0.798807 0.798807 0.798808 0.798808 0.798808 0.798808 0.798808 0.798808 0.798809 0.798809 0.798809 0.798809 0.798809 0.798809 0.798808 0.798808 0.798808 0.798808 0.798808 0.798808 0.798807 0.798807 0.798807 0.798807 0.798806 0.798806 0.798806 0.798805 0.798805 0.798805 0.798805 0.798804 0.798804 0.798804 0.798804 0.798803 0.798803 0.798803 0.798803 0.798803 0.798803 0.798803 0.798803 0.798803 0.798803 0.798803 0.798803 0.798803 0.798803 0.798803 0.798804 0.798804 0.798804 0.798804 0.798805 0.798805 0.798805 0.798806 0.798806 
0.786988 0.786988 0.786989 0.786989 0.786989 0.786989 0.78699 0.78699 0.78699 0.78699 0.78699 0.78699 0.78699 0.78699 0.78699 0.78699 0.78699 0.786989 0.786989 0.786989 0.786989 0.786988 0.786988 0.786987 0.786987 0.786987 0.786986 0.786986 0.786986 0.786985 0.786985 0.786984 0.786984 0.786984 0.786983 0.786983 0.786983 0.786983 0.786983 0.786982 0.786982 0.786982 0.786982 0.786982 0.786982 0.786982 0.786983 0.786983 0.786983 0.786983 0.786983 0.786984 0.786984 0.786984 0.786985 0.786985 0.786986 0.786986 0.786986 0.786987 0.786987 0.786987 
0.767375 0.767375 0.767376 0.767376 0.767376 0.767376 0.767376 0.767376 0.767376 0.767376 0.767376 0.767376 0.767376 0.767376 0.767376 0.767375 0.767375 0.767375 0.767374 0.767374 0.767374 0.767373 0.767373 0.767372 0.767372 0.767371 0.767371 0.767371 0.76737 0.76737 0.767369 0.767369 0.767369 0.767369 0.767368 0.767368 0.767368 0.767368 0.767368 0.767368 0.767368 0.767368 0.767368 0.767368 0.767368 0.767369 0.767369 0.767369 0.76737 0.76737 0.76737 0.767371 0.767371 0.767372 0.767372 0.767372 0.767373 0.767373 0.767374 0.767374 0.767374 0.767375 
0.740099 0.740099 0.740099 0.740099 0.740099 0.740099 0.740099 0.740099 0.740099 0.740099 0.740098 0.740098 0.740098 0.740097 0.740097 0.740097 0.740096 0.740096 0.740096 0.740095 0.740095 0.740094 0.740094 0.740094 0.740093 0.740093 0.740093 0.740092 0.740092 0.740092 0.740091 0.740091 0.740091 0.740091 0.740091 0.740091 0.740091 0.740091 0.740091 0.740091 0.740092 0.740092 0.740092 0.740092 0.740093 0.740093 0.740093 0.740094 0.740094 0.740095 0.740095 0.740095 0.740096 0.740096 0.740097 0.740097 0.740097 0.740098 0.740098 0.740098 0.740098 0.740099 
0.705349 0.705349 0.705349 0.705349 0.705349 0.705349 0.705348 0.705348 0.705348 0.705348 0.705347 0.705347 0.705347 0.705346 0.705346 0.705346 0.705345 0.705345 0.705345 0.705344 0.705344 0.705344 0.705343 0.705343 0.705343 0.705343 0.705343 0.705342 0.705342 0.705342 0.705342 0.705342 0.705342 0.705342 0.705343 0.705343 0.705343 0.705343 0.705343 0.705344 0.705344 0.705344 0.705345 0.705345 0.705345 0.705346 0.705346 0.705346 0.705347 0.705347 0.705347 0.705348 0.705348 0.705348 0.705348 0.705349 0.705349 0.705349 0.705349 0.705349 0.705349 0.705349 
0.663382 0.663382 0.663382 0.663382 0.663381 0.663381 0.663381 0.663381 0.66338 0.66338 0.66338 0.66338 0.663379 0.663379 0.663379 0.663378 0.663378 0.663378 0.663378 0.663378 0.663378 0.663377 0.663377 0.663377 0.663377 0.663377 0.663377 0.663377 0.663377 0.663378 0.663378 0.663378 0.663378 0.663378 0.663378 0.663379 0.663379 0.663379 0.66338 0.66338 0.66338 0.66338 0.663381 0.663381 0.663381 0.663382 0.663382 0.663382 0.663382 0.663382 0.663383 0.663383 0.663383 0.663383 0.663383 0.663383 0.663383 0.663383 0.663383 0.663383 0.663383 0.663383 
0.614526 0.614526 0.614526 0.614525 0.614525 0.614525 0.614525 0.614525 0.614524 0.614524 0.614524 0.614524 0.614524 0.614524 0.614523 0.614523 0.614523 0.614523 0.614523 0.614523 0.614523 0.614523 0.614523 0.614523 0.614524 0.614524 0.614524 0.614524 0.614524 0.614524 0.614525 0.614525 0.614525 0.614525 0.614525 0.614526 0.614526 0.614526 0.614526 0.614526 0.614527 0.614527 0.614527 0.614527 0.614527 0.614527 0.614527 0.614528 0.614528 0.614528 0.614528 0.614528 0.614528 0.614527 0.614527 0.614527 0.614527 0.614527 0.614527 0.614527 0.614527 0.614526 
0.559186 0.559186 0.559186 0.559186 0.559186 0.559185 0.559185 0.559185 0.559185 0.559185 0.559185 0.559185 0.559185 0.559185 0.559185 0.559185 0.559185 0.559185 0.559185 0.559185 0.559185 0.559186 0.559186 0.559186 0.559186 0.559186 0.559186 0.559186 0.559187 0.559187 0.559187 0.559187 0.559187 0.559187 0.559187 0.559188 0.559188 0.559188 0.559188 0.559188 0.559188 0.559188 0.559188 0.559188 0.559188 0.559188 0.559188 0.559188 0.559188 0.559188 0.559188 0.559188 0.559188 0.559187 0.559187 0.559187 0.559187 0.559187 0.559187 0.559187 0.559186 0.559186 
0.49785 0.49785 0.49785 0.497849 0.497849 0.497849 0.497849 0.497849 0.497849 0.497849 0.497849 0.49785 0.49785 0.49785 0.49785 0.49785 0.49785 0.49785 0.49785 0.49785 0.49785 0.49785 0.49785 0.49785 0.497851 0.497851 0.497851 0.497851 0.497851 0.497851 0.497851 0.497851 0.497851 0.497851 0.497851 0.497851 0.497851 0.497851 0.497851 0.497851 0.497851 0.497851 0.497851 0.497851 0.497851 0.497851 0.497851 0.497851 0.497851 0.497851 0.497851 0.497851 0.49785 0.49785 0.49785 0.49785 0.49785 0.49785 0.49785 0.49785 0.49785 0.49785 
0.431088 0.431088 0.431088 0.431088 0.431088 0.431088 0.431088 0.431088 0.431088 0.431088 0.431088 0.431088 0.431089 0.431089 0.431089 0.431089 0.431089 0.431089 0.431089 0.431089 0.431089 0.431089 0.431089 0.431089 0.431089 0.431089 0.431089 0.431089 0.431089 0.431089 0.431089 0.431089 0.431089 0.431089 0.431089 0.431089 0.431089 0.431089 0.431089 0.431089 0.431089 0.431089 0.431089 0.431089 0.431089 0.431089 0.431089 0.431089 0.431089 0.431089 0.431089 0.431089 0.431089 0.431088 0.431088 0.431088 0.431088 0.431088 0.431088 0.431088 0.431088 0.431088 
0.359558 0.359558 0.359558 0.359558 0.359558 0.359558 0.359558 0.359558 0.359558 0.359558 0.359558 0.359558 0.359558 0.359558 0.359558 0.359558 0.359558 0.359558 0.359558 0.359558 0.359558 0.359558 0.359558 0.359558 0.359558 0.359558 0.359558 0.359558 0.359558 0.359558 0.359558 0.359558 0.359558 0.359558 0.359558 0.359558 0.359558 0.359558 0.359558 0.359558 0.359558 0.359558 0.359558 0.359558 0.359558 0.359558 0.359558 0.359558 0.359558 0.359558 0.359558 0.359558 0.359558 0.359558 0.359558 0.359558 0.359558 0.359558 0.359558 0.359558 0.359558 0.359558 
0.283996 0.283996 0.283996 0.283996 0.283996 0.283996 0.283996 0.283996 0.283996 0.283996 0.283996 0.283996 0.283996 0.283996 0.283996 0.283996 0.283996 0.283996 0.283996 0.283996 0.283996 0.283996 0.283996 0.283996 0.283996 0.283996 0.283996 0.283996 0.283996 0.283996 0.283996 0.283996 0.283996 0.283996 0.283996 0.283996 0.283996 0.283996 0.283996 0.283996 0.283996 0.283996 0.283996 0.283996 0.283996 0.283996 0.283996 0.283996 0.283996 0.283996 0.283996 0.283996 0.283996 0.283996 0.283996 0.283996 0.283996 0.283996 0.283996 0.283996 0.283996 0.283996 
0.205212 0.205212 0.205212 0.205212 0.205212 0.205212 0.205212 0.205212 0.205212 0.205212 0.205212 0.205212 0.205212 0.205212 0.205212 0.205212 0.205212 0.205212 0.205212 0.205212 0.205212 0.205212 0.205212 0.205212 0.205212 0.205213 0.205213 0.205213 0.205213 0.205213 0.205213 0.205213 0.205213 0.205213 0.205213 0.205213 0.205213 0.205213 0.205213 0.205213 0.205213 0.205213 0.205213 0.205213 0.205213 0.205213 0.205213 0.205213 0.205212 0.205212 0.205212 0.205212 0.205212 0.205212 0.205212 0.205212 0.205212 0.205212 0.205212 0.205212 0.205212 0.205212 
0.124081 0.124081 0.124081 0.124081 0.124081 0.124081 0.124081 0.124081 0.124081 0.124081 0.124081 0.124081 0.124081 0.124081 0.124081 0.124081 0.124081 0.124081 0.124081 0.124081 0.124081 0.124081 0.124081 0.124081 0.124081 0.124081 0.124081 0.124081 0.124081 0.124081 0.124081 0.124081 0.124081 0.124081 0.124081 0.124081 0.124081 0.124081 0.124081 0.124081 0.124081 0.124081 0.124081 0.124081 0.124081 0.124081 0.124081 0.124081 0.124081 0.124081 0.124081 0.124081 0.124081 0.124081 0.124081 0.124081 0.124081 0.124081 0.124081 0.124081 0.124081 0.124081 
0.0415201 0.0415201 0.0415201 0.0415201 0.0415201 0.0415201 0.0415201 0.0415201 0.0415201 0.0415201 0.0415201 0.0415201 0.0415201 0.0415201 0.0415201 0.0415201 0.0415201 0.0415201 0.0415201 0.0415201 0.0415201 0.0415201 0.0415201 0.0415201 0.0415201 0.0415201 0.0415201 0.0415201 0.0415201 0.0415201 0.0415201 0.0415201 0.0415201 0.0415201 0.0415201 0.0415201 0.0415201 0.0415201 0.0415201 0.0415201 0.0415201 0.0415201 0.0415201 0.0415201 0.0415201 0.0415201 0.0415201 0.0415201 0.0415201 0.0415201 0.0415201 0.0415201 0.0415201 0.0415201 0.0415201 0.0415201 0.0415201 0.0415201 0.0415201 0.0415201 0.0415201 0.0415201 
