0.0548954 0.0548944 0.0548934 0.0548926 0.0548918 0.0548911 0.0548905 0.05489 0.0548896 0.0548893 0.0548892 0.0548892 0.0548893 0.0548895 0.0548898 0.0548903 0.0548908 0.0548915 0.0548923 0.0548931 0.0548941 0.0548951 0.0548962 0.0548973 0.0548985 0.0548996 0.0549008 0.054902 0.0549032 0.0549044 0.0549055 0.0549066 0.0549076 0.0549086 0.0549095 0.0549103 0.054911 0.0549116 0.054912 0.0549124 0.0549127 0.0549128 0.0549128 0.0549127 0.0549125 0.0549121 0.0549117 0.0549111 0.0549104 0.0549096 0.0549088 0.0549078 0.0549068 0.0549058 0.0549046 0.0549035 0.0549023 0.0549011 0.0548999 0.0548987 0.0548976 0.0548964 
0.163553 0.16355 0.163547 0.163544 0.163541 0.163539 0.163536 0.163534 0.163532 0.16353 0.163529 0.163527 0.163526 0.163526 0.163525 0.163525 0.163525 0.163526 0.163527 0.163528 0.163529 0.163531 0.163533 0.163535 0.163537 0.16354 0.163542 0.163545 0.163548 0.163551 0.163554 0.163557 0.16356 0.163563 0.163566 0.163569 0.163571 0.163574 0.163576 0.163578 0.16358 0.163581 0.163583 0.163584 0.163584 0.163585 0.163585 0.163585 0.163584 0.163583 0.163582 0.163581 0.163579 0.163577 0.163575 0.163573 0.16357 0.163568 0.163565 0.163562 0.163559 0.163556 
0.268934 0.268931 0.268928 0.268924 0.26892 0.268916 0.268912 0.268908 0.268903 0.268899 0.268894 0.26889 0.268886 0.268882 0.268878 0.268875 0.268871 0.268869 0.268866 0.268864 0.268862 0.268861 0.26886 0.268859 0.268859 0.268859 0.26886 0.268862 0.268863 0.268865 0.268868 0.268871 0.268874 0.268877 0.268881 0.268885 0.268889 0.268893 0.268898 0.268902 0.268907 0.268911 0.268915 0.268919 0.268923 0.268927 0.268931 0.268934 0.268937 0.268939 0.268941 0.268943 0.268945 0.268945 0.268946 0.268946 0.268946 0.268945 0.268943 0.268942 0.268939 0.268937 
0.369206 0.369208 0.369209 0.369209 0.369209 0.369209 0.369208 0.369206 0.369203 0.3692 0.369197 0.369193 0.369188 0.369183 0.369178 0.369172 0.369167 0.36916 0.369154 0.369148 0.369142 0.369135 0.369129 0.369123 0.369118 0.369112 0.369107 0.369103 0.369099 0.369095 0.369092 0.36909 0.369088 0.369087 0.369086 0.369086 0.369087 0.369088 0.36909 0.369092 0.369096 0.369099 0.369103 0.369108 0.369113 0.369118 0.369124 0.36913 0.369136 0.369142 0.369148 0.369154 0.369161 0.369167 0.369173 0.369178 0.369184 0.369188 0.369193 0.369197 0.3692 0.369203 
0.462976 0.462985 0.462993 0.463002 0.46301 0.463018 0.463025 0.463032 0.463038 0.463043 0.463047 0.463051 0.463054 0.463055 0.463056 0.463056 0.463055 0.463053 0.46305 0.463046 0.463042 0.463036 0.46303 0.463023 0.463016 0.463008 0.462999 0.46299 0.462981 0.462972 0.462963 0.462953 0.462944 0.462935 0.462927 0.462918 0.462911 0.462903 0.462897 0.462891 0.462886 0.462881 0.462878 0.462875 0.462874 0.462873 0.462873 0.462874 0.462877 0.46288 0.462883 0.462888 0.462894 0.4629 0.462907 0.462914 0.462922 0.462931 0.462939 0.462948 0.462958 0.462967 
0.549376 0.549385 0.549395 0.549406 0.549418 0.549431 0.549443 0.549457 0.54947 0.549484 0.549497 0.54951 0.549523 0.549536 0.549548 0.549559 0.54957 0.549579 0.549588 0.549595 0.549601 0.549606 0.54961 0.549612 0.549613 0.549612 0.54961 0.549607 0.549603 0.549597 0.54959 0.549582 0.549572 0.549562 0.549551 0.549539 0.549527 0.549514 0.549501 0.549487 0.549474 0.54946 0.549447 0.549434 0.549421 0.549409 0.549398 0.549388 0.549378 0.54937 0.549363 0.549356 0.549352 0.549348 0.549346 0.549345 0.549346 0.549348 0.549351 0.549356 0.549362 0.549368 
0.627995 0.627993 0.627992 0.627993 0.627997 0.628001 0.628008 0.628017 0.628027 0.628038 0.628051 0.628066 0.628081 0.628097 0.628114 0.628132 0.62815 0.628169 0.628187 0.628205 0.628224 0.628241 0.628258 0.628274 0.628289 0.628303 0.628315 0.628326 0.628336 0.628343 0.62835 0.628354 0.628356 0.628357 0.628355 0.628352 0.628347 0.628341 0.628332 0.628322 0.62831 0.628297 0.628283 0.628267 0.628251 0.628234 0.628216 0.628198 0.628179 0.628161 0.628143 0.628124 0.628107 0.62809 0.628074 0.628059 0.628046 0.628033 0.628022 0.628013 0.628005 0.627999 
0.698646 0.698628 0.698612 0.698597 0.698584 0.698573 0.698564 0.698557 0.698553 0.698551 0.698551 0.698553 0.698558 0.698565 0.698574 0.698585 0.698598 0.698613 0.69863 0.698648 0.698667 0.698688 0.698709 0.698731 0.698754 0.698777 0.698799 0.698822 0.698844 0.698865 0.698886 0.698905 0.698923 0.698939 0.698954 0.698967 0.698978 0.698987 0.698994 0.698998 0.699001 0.699001 0.698998 0.698993 0.698987 0.698977 0.698966 0.698953 0.698938 0.698921 0.698903 0.698884 0.698863 0.698842 0.698819 0.698797 0.698774 0.698751 0.698729 0.698707 0.698685 0.698665 
0.76117 0.761145 0.76112 0.761095 0.761071 0.761048 0.761025 0.761004 0.760984 0.760966 0.76095 0.760936 0.760924 0.760915 0.760907 0.760903 0.760901 0.760901 0.760904 0.76091 0.760918 0.760928 0.760941 0.760955 0.760972 0.760991 0.761011 0.761033 0.761055 0.761079 0.761104 0.761129 0.761154 0.761179 0.761204 0.761228 0.761251 0.761274 0.761295 0.761314 0.761332 0.761348 0.761363 0.761374 0.761384 0.761391 0.761396 0.761398 0.761397 0.761394 0.761389 0.761381 0.76137 0.761358 0.761343 0.761326 0.761307 0.761287 0.761266 0.761243 0.761219 0.761195 
0.815398 0.815379 0.815358 0.815336 0.815313 0.815289 0.815265 0.81524 0.815216 0.815191 0.815167 0.815144 0.815122 0.8151 0.815081 0.815062 0.815046 0.815032 0.815019 0.815009 0.815002 0.814996 0.814994 0.814993 0.814995 0.815 0.815007 0.815017 0.815028 0.815042 0.815058 0.815075 0.815095 0.815115 0.815137 0.81516 0.815184 0.815208 0.815233 0.815257 0.815282 0.815306 0.815329 0.815351 0.815372 0.815392 0.81541 0.815426 0.815441 0.815453 0.815463 0.815471 0.815476 0.815479 0.815479 0.815477 0.815472 0.815465 0.815456 0.815444 0.815431 0.815415 
0.861216 0.861211 0.861203 0.861193 0.861182 0.861169 0.861154 0.861138 0.86112 0.861102 0.861082 0.861062 0.861041 0.86102 0.860999 0.860978 0.860957 0.860937 0.860917 0.860899 0.860882 0.860866 0.860852 0.860839 0.860828 0.860819 0.860812 0.860808 0.860805 0.860804 0.860806 0.860809 0.860815 0.860823 0.860832 0.860844 0.860857 0.860872 0.860888 0.860906 0.860924 0.860944 0.860964 0.860985 0.861006 0.861027 0.861048 0.861069 0.861089 0.861108 0.861126 0.861143 0.861159 0.861173 0.861186 0.861197 0.861205 0.861212 0.861217 0.86122 0.861221 0.86122 
0.89861 0.898617 0.898622 0.898626 0.898628 0.898628 0.898627 0.898625 0.89862 0.898615 0.898607 0.898599 0.898588 0.898577 0.898565 0.898551 0.898537 0.898522 0.898506 0.898491 0.898474 0.898458 0.898442 0.898426 0.898411 0.898396 0.898382 0.898369 0.898357 0.898346 0.898337 0.898328 0.898322 0.898316 0.898313 0.898311 0.89831 0.898311 0.898314 0.898319 0.898324 0.898332 0.898341 0.898351 0.898362 0.898375 0.898388 0.898402 0.898417 0.898433 0.898449 0.898465 0.898481 0.898497 0.898512 0.898528 0.898542 0.898556 0.898569 0.898581 0.898592 0.898602 
0.927627 0.92764 0.927652 0.927665 0.927676 0.927687 0.927697 0.927706 0.927714 0.927721 0.927726 0.927731 0.927734 0.927736 0.927736 0.927735 0.927733 0.927729 0.927724 0.927718 0.92771 0.927702 0.927692 0.927682 0.92767 0.927659 0.927646 0.927633 0.92762 0.927606 0.927593 0.92758 0.927567 0.927554 0.927542 0.92753 0.927519 0.927509 0.9275 0.927493 0.927486 0.92748 0.927476 0.927473 0.927471 0.927471 0.927472 0.927475 0.927478 0.927483 0.92749 0.927497 0.927506 0.927515 0.927526 0.927537 0.927549 0.927561 0.927574 0.927587 0.9276 0.927614 
0.948323 0.948337 0.948351 0.948366 0.948381 0.948397 0.948413 0.948429 0.948445 0.94846 0.948475 0.94849 0.948503 0.948516 0.948527 0.948538 0.948547 0.948555 0.948561 0.948566 0.948569 0.948571 0.948571 0.94857 0.948566 0.948562 0.948556 0.948548 0.948539 0.948528 0.948517 0.948504 0.948491 0.948476 0.948461 0.948446 0.94843 0.948414 0.948398 0.948382 0.948367 0.948352 0.948338 0.948324 0.948312 0.9483 0.94829 0.94828 0.948273 0.948266 0.948262 0.948258 0.948257 0.948257 0.948258 0.948261 0.948266 0.948272 0.94828 0.948289 0.9483 0.948311 
0.960733 0.960744 0.960757 0.960772 0.960788 0.960805 0.960823 0.960842 0.960862 0.960882 0.960902 0.960922 0.960942 0.960962 0.960981 0.960999 0.961016 0.961031 0.961046 0.961059 0.96107 0.96108 0.961088 0.961094 0.961097 0.961099 0.961099 0.961097 0.961093 0.961086 0.961078 0.961068 0.961057 0.961043 0.961028 0.961012 0.960995 0.960977 0.960958 0.960938 0.960918 0.960898 0.960878 0.960858 0.960838 0.96082 0.960802 0.960784 0.960769 0.960754 0.960741 0.96073 0.96072 0.960713 0.960707 0.960703 0.960701 0.960702 0.960704 0.960708 0.960714 0.960723 
0.964865 0.964876 0.964889 0.964904 0.96492 0.964938 0.964957 0.964978 0.964999 0.965021 0.965043 0.965065 0.965088 0.96511 0.965132 0.965153 0.965173 0.965192 0.965209 0.965225 0.96524 0.965253 0.965263 0.965272 0.965278 0.965283 0.965284 0.965284 0.965282 0.965277 0.96527 0.965261 0.96525 0.965236 0.965222 0.965205 0.965187 0.965168 0.965147 0.965126 0.965104 0.965082 0.965059 0.965037 0.965015 0.964993 0.964972 0.964952 0.964933 0.964915 0.964899 0.964885 0.964872 0.964862 0.964853 0.964847 0.964843 0.964841 0.964841 0.964844 0.964849 0.964856 
0.960723 0.960736 0.960752 0.960768 0.960786 0.960805 0.960826 0.960847 0.960868 0.96089 0.960912 0.960934 0.960956 0.960977 0.960997 0.961016 0.961034 0.961051 0.961066 0.961079 0.961091 0.961101 0.961108 0.961114 0.961117 0.961118 0.961117 0.961114 0.961108 0.9611 0.961091 0.961079 0.961065 0.96105 0.961033 0.961015 0.960996 0.960976 0.960955 0.960933 0.960911 0.960889 0.960867 0.960845 0.960824 0.960804 0.960785 0.960767 0.96075 0.960735 0.960722 0.96071 0.960701 0.960693 0.960688 0.960685 0.960684 0.960685 0.960688 0.960694 0.960702 0.960711 
0.948309 0.948327 0.948345 0.948364 0.948384 0.948404 0.948424 0.948444 0.948464 0.948483 0.948501 0.948519 0.948536 0.948551 0.948565 0.948577 0.948588 0.948597 0.948604 0.948609 0.948612 0.948613 0.948612 0.948609 0.948604 0.948597 0.948589 0.948578 0.948566 0.948552 0.948537 0.94852 0.948503 0.948484 0.948465 0.948445 0.948425 0.948405 0.948385 0.948365 0.948346 0.948328 0.94831 0.948294 0.948278 0.948264 0.948252 0.948241 0.948233 0.948226 0.948221 0.948217 0.948216 0.948217 0.948221 0.948226 0.948233 0.948241 0.948252 0.948264 0.948278 0.948293 
0.927621 0.92764 0.927659 0.927678 0.927696 0.927713 0.927729 0.927744 0.927757 0.927769 0.927779 0.927787 0.927793 0.927798 0.9278 0.927801 0.927799 0.927795 0.92779 0.927782 0.927773 0.927762 0.927749 0.927735 0.92772 0.927703 0.927685 0.927667 0.927648 0.927628 0.927608 0.927588 0.927569 0.927549 0.927531 0.927513 0.927496 0.92748 0.927465 0.927452 0.92744 0.92743 0.927422 0.927416 0.927411 0.927409 0.927409 0.927411 0.927414 0.92742 0.927428 0.927437 0.927448 0.927461 0.927475 0.92749 0.927507 0.927525 0.927543 0.927562 0.927582 0.927601 
0.898631 0.898647 0.89866 0.898672 0.898682 0.89869 0.898695 0.898698 0.898699 0.898697 0.898693 0.898687 0.898678 0.898668 0.898655 0.89864 0.898624 0.898606 0.898587 0.898567 0.898545 0.898523 0.8985 0.898477 0.898454 0.898431 0.898409 0.898387 0.898366 0.898346 0.898327 0.89831 0.898294 0.898281 0.898269 0.898259 0.898252 0.898246 0.898244 0.898243 0.898245 0.898249 0.898255 0.898264 0.898275 0.898287 0.898302 0.898318 0.898336 0.898356 0.898376 0.898397 0.89842 0.898442 0.898465 0.898488 0.898511 0.898534 0.898556 0.898576 0.898596 0.898615 
0.861285 0.861288 0.861288 0.861285 0.861279 0.861271 0.86126 0.861247 0.861231 0.861213 0.861193 0.861171 0.861148 0.861123 0.861097 0.86107 0.861042 0.861015 0.860987 0.860959 0.860933 0.860906 0.860882 0.860858 0.860836 0.860816 0.860798 0.860782 0.860768 0.860757 0.860749 0.860744 0.860741 0.860741 0.860744 0.860749 0.860758 0.860769 0.860782 0.860798 0.860816 0.860836 0.860858 0.860882 0.860907 0.860933 0.86096 0.860987 0.861015 0.861042 0.86107 0.861097 0.861123 0.861147 0.861171 0.861193 0.861213 0.861231 0.861247 0.86126 0.861271 0.861279 
0.815514 0.815499 0.815481 0.815461 0.815439 0.815415 0.815388 0.815361 0.815332 0.815302 0.815271 0.81524 0.815209 0.815178 0.815148 0.815119 0.815091 0.815064 0.81504 0.815017 0.814997 0.814979 0.814964 0.814951 0.814942 0.814936 0.814932 0.814932 0.814935 0.814941 0.81495 0.814963 0.814977 0.814995 0.815015 0.815038 0.815062 0.815088 0.815116 0.815145 0.815175 0.815206 0.815237 0.815268 0.815298 0.815328 0.815358 0.815385 0.815412 0.815436 0.815459 0.815479 0.815497 0.815512 0.815524 0.815534 0.81554 0.815543 0.815544 0.815541 0.815535 0.815525 
0.761299 0.761271 0.761241 0.761211 0.76118 0.761148 0.761117 0.761086 0.761055 0.761026 0.760998 0.760971 0.760947 0.760924 0.760904 0.760886 0.760871 0.760859 0.76085 0.760844 0.760841 0.760841 0.760845 0.760851 0.760861 0.760874 0.760889 0.760907 0.760928 0.760951 0.760976 0.761003 0.761031 0.761061 0.761092 0.761123 0.761154 0.761185 0.761216 0.761247 0.761276 0.761304 0.761331 0.761355 0.761378 0.761398 0.761416 0.761431 0.761443 0.761452 0.761458 0.761461 0.76146 0.761457 0.76145 0.76144 0.761428 0.761412 0.761394 0.761373 0.76135 0.761325 
0.698728 0.6987 0.698672 0.698646 0.698621 0.698598 0.698577 0.698557 0.69854 0.698525 0.698513 0.698504 0.698497 0.698493 0.698492 0.698495 0.6985 0.698507 0.698518 0.698531 0.698547 0.698565 0.698586 0.698608 0.698632 0.698657 0.698684 0.698712 0.69874 0.698769 0.698798 0.698826 0.698855 0.698882 0.698908 0.698933 0.698956 0.698978 0.698997 0.699014 0.699029 0.699041 0.699051 0.699057 0.699061 0.699062 0.699059 0.699054 0.699046 0.699036 0.699022 0.699007 0.698988 0.698968 0.698945 0.698921 0.698896 0.698869 0.698841 0.698813 0.698784 0.698756 
0.627988 0.627975 0.627963 0.627954 0.627946 0.627942 0.627939 0.627939 0.627942 0.627946 0.627953 0.627963 0.627974 0.627988 0.628004 0.628021 0.62804 0.62806 0.628082 0.628104 0.628128 0.628151 0.628175 0.628199 0.628223 0.628246 0.628269 0.62829 0.628311 0.628329 0.628347 0.628363 0.628376 0.628388 0.628397 0.628405 0.62841 0.628412 0.628412 0.62841 0.628405 0.628397 0.628388 0.628376 0.628363 0.628347 0.628329 0.62831 0.62829 0.628268 0.628246 0.628222 0.628199 0.628175 0.628151 0.628127 0.628104 0.628081 0.62806 0.62804 0.628021 0.628004 
0.549303 0.549307 0.549312 0.549319 0.549328 0.549339 0.54935 0.549364 0.549378 0.549393 0.54941 0.549427 0.549444 0.549462 0.54948 0.549498 0.549516 0.549534 0.549551 0.549567 0.549582 0.549597 0.54961 0.549621 0.549632 0.549641 0.549648 0.549653 0.549657 0.549658 0.549658 0.549656 0.549653 0.549647 0.54964 0.549631 0.549621 0.549609 0.549595 0.549581 0.549566 0.549549 0.549532 0.549515 0.549497 0.549478 0.54946 0.549442 0.549425 0.549408 0.549392 0.549376 0.549362 0.549349 0.549337 0.549327 0.549319 0.549312 0.549306 0.549303 0.549301 0.549301 
0.462905 0.462916 0.462928 0.46294 0.462952 0.462964 0.462977 0.462989 0.463001 0.463013 0.463024 0.463035 0.463045 0.463054 0.463062 0.463069 0.463076 0.463081 0.463084 0.463087 0.463088 0.463088 0.463087 0.463085 0.463081 0.463076 0.46307 0.463063 0.463055 0.463046 0.463036 0.463025 0.463014 0.463002 0.46299 0.462978 0.462965 0.462953 0.46294 0.462928 0.462916 0.462905 0.462895 0.462885 0.462876 0.462867 0.46286 0.462854 0.462849 0.462846 0.462843 0.462842 0.462842 0.462843 0.462846 0.46285 0.462855 0.462861 0.462868 0.462876 0.462885 0.462895 
0.369186 0.369193 0.369199 0.369205 0.36921 0.369215 0.369219 0.369222 0.369225 0.369227 0.369228 0.369228 0.369227 0.369226 0.369223 0.36922 0.369216 0.369212 0.369207 0.369201 0.369195 0.369188 0.369181 0.369173 0.369165 0.369157 0.369149 0.369141 0.369133 0.369125 0.369117 0.36911 0.369103 0.369097 0.369091 0.369085 0.369081 0.369077 0.369074 0.369071 0.369069 0.369069 0.369069 0.369069 0.369071 0.369073 0.369076 0.36908 0.369085 0.36909 0.369096 0.369102 0.369109 0.369116 0.369124 0.369132 0.36914 0.369148 0.369156 0.369164 0.369172 0.369179 
0.268954 0.268954 0.268953 0.268952 0.26895 0.268947 0.268945 0.268942 0.268938 0.268934 0.26893 0.268925 0.26892 0.268915 0.26891 0.268905 0.2689 0.268895 0.26889 0.268885 0.26888 0.268875 0.268871 0.268867 0.268863 0.26886 0.268857 0.268855 0.268853 0.268852 0.268851 0.268851 0.268851 0.268852 0.268854 0.268856 0.268858 0.268861 0.268864 0.268868 0.268872 0.268876 0.268881 0.268885 0.26889 0.268896 0.268901 0.268906 0.268911 0.268916 0.268921 0.268926 0.268931 0.268935 0.268939 0.268942 0.268945 0.268948 0.26895 0.268952 0.268953 0.268954 
0.163575 0.163572 0.163569 0.163566 0.163562 0.163559 0.163555 0.163552 0.163549 0.163545 0.163542 0.163539 0.163536 0.163533 0.163531 0.163528 0.163526 0.163525 0.163523 0.163522 0.163521 0.163521 0.163521 0.163521 0.163522 0.163523 0.163524 0.163526 0.163528 0.16353 0.163533 0.163535 0.163538 0.163541 0.163545 0.163548 0.163551 0.163555 0.163558 0.163562 0.163565 0.163568 0.163572 0.163575 0.163577 0.16358 0.163582 0.163584 0.163586 0.163587 0.163588 0.163589 0.163589 0.163589 0.163589 0.163588 0.163587 0.163586 0.163584 0.163582 0.16358 0.163577 
0.0549024 0.054901 0.0548996 0.0548982 0.0548969 0.0548956 0.0548943 0.0548931 0.054892 0.0548909 0.05489 0.0548892 0.0548885 0.0548879 0.0548875 0.0548872 0.054887 0.054887 0.0548872 0.0548874 0.0548879 0.0548884 0.0548891 0.0548899 0.0548909 0.0548919 0.054893 0.0548942 0.0548955 0.0548968 0.0548982 0.0548996 0.054901 0.0549024 0.0549038 0.0549052 0.0549066 0.0549078 0.054909 0.0549102 0.0549112 0.0549121 0.0549129 0.0549136 0.0549142 0.0549146 0.0549149 0.054915 0.054915 0.0549149 0.0549146 0.0549142 0.0549136 0.0549129 0.0549121 0.0549111 0.0549101 0.054909 0.0549077 0.0549065 0.0549051 0.0549038 
