0.0535536 0.0535537 0.0535538 0.0535538 0.0535538 0.0535538 0.0535538 0.0535538 0.0535537 0.0535536 0.0535535 0.0535533 0.0535531 0.0535529 0.0535527 0.0535525 0.0535523 0.053552 0.0535517 0.0535515 0.0535512 0.0535509 0.0535506 0.0535504 0.0535501 0.0535498 0.0535496 0.0535494 0.0535492 0.053549 0.0535488 0.0535487 0.0535486 0.0535485 0.0535484 0.0535484 0.0535484 0.0535484 0.0535484 0.0535485 0.0535486 0.0535487 0.0535489 0.0535491 0.0535493 0.0535495 0.0535497 0.0535499 0.0535502 0.0535505 0.0535507 0.053551 0.0535513 0.0535516 0.0535518 0.0535521 0.0535524 0.0535526 0.0535528 0.053553 0.0535532 0.0535534 
0.159654 0.159654 0.159655 0.159656 0.159656 0.159657 0.159657 0.159657 0.159657 0.159657 0.159657 0.159657 0.159657 0.159656 0.159656 0.159655 0.159654 0.159654 0.159653 0.159652 0.159651 0.15965 0.159649 0.159648 0.159647 0.159646 0.159645 0.159644 0.159643 0.159642 0.159641 0.15964 0.159639 0.159639 0.159638 0.159638 0.159637 0.159637 0.159637 0.159637 0.159637 0.159637 0.159637 0.159637 0.159638 0.159638 0.159639 0.159639 0.15964 0.159641 0.159642 0.159643 0.159644 0.159645 0.159646 0.159647 0.159648 0.159649 0.15965 0.159651 0.159652 0.159653 
0.262814 0.262816 0.262817 0.262819 0.262821 0.262823 0.262824 0.262826 0.262827 0.262828 0.262829 0.26283 0.262831 0.262832 0.262833 0.262833 0.262833 0.262833 0.262833 0.262833 0.262833 0.262832 0.262831 0.26283 0.262829 0.262828 0.262826 0.262825 0.262823 0.262822 0.26282 0.262818 0.262817 0.262815 0.262813 0.262811 0.26281 0.262808 0.262807 0.262805 0.262804 0.262803 0.262802 0.262801 0.2628 0.262799 0.262799 0.262799 0.262799 0.262799 0.262799 0.2628 0.2628 0.262801 0.262802 0.262803 0.262805 0.262806 0.262807 0.262809 0.262811 0.262812 
0.361369 0.36137 0.361372 0.361373 0.361375 0.361376 0.361378 0.36138 0.361382 0.361385 0.361387 0.361389 0.361392 0.361394 0.361396 0.361398 0.3614 0.361403 0.361404 0.361406 0.361408 0.361409 0.361411 0.361412 0.361412 0.361413 0.361413 0.361414 0.361413 0.361413 0.361413 0.361412 0.361411 0.361409 0.361408 0.361406 0.361405 0.361403 0.361401 0.361398 0.361396 0.361394 0.361392 0.361389 0.361387 0.361385 0.361382 0.36138 0.361378 0.361376 0.361374 0.361373 0.361371 0.36137 0.361369 0.361368 0.361368 0.361367 0.361367 0.361367 0.361368 0.361368 
0.45403 0.454028 0.454027 0.454025 0.454024 0.454023 0.454022 0.454021 0.454021 0.454021 0.454021 0.454022 0.454023 0.454024 0.454025 0.454027 0.454029 0.454031 0.454033 0.454035 0.454038 0.45404 0.454043 0.454045 0.454048 0.454051 0.454054 0.454056 0.454059 0.454061 0.454064 0.454066 0.454068 0.45407 0.454071 0.454073 0.454074 0.454075 0.454075 0.454075 0.454075 0.454075 0.454074 0.454074 0.454072 0.454071 0.454069 0.454068 0.454066 0.454063 0.454061 0.454059 0.454056 0.454053 0.454051 0.454048 0.454045 0.454042 0.45404 0.454037 0.454035 0.454032 
0.539858 0.539855 0.539852 0.539848 0.539845 0.539841 0.539837 0.539833 0.539829 0.539825 0.539821 0.539817 0.539814 0.539811 0.539807 0.539804 0.539802 0.539799 0.539797 0.539796 0.539795 0.539794 0.539793 0.539793 0.539794 0.539794 0.539795 0.539797 0.539799 0.539801 0.539804 0.539807 0.53981 0.539813 0.539817 0.53982 0.539824 0.539828 0.539832 0.539836 0.53984 0.539844 0.539847 0.539851 0.539854 0.539858 0.53986 0.539863 0.539865 0.539867 0.539869 0.53987 0.539871 0.539871 0.539871 0.539871 0.53987 0.539869 0.539867 0.539866 0.539863 0.539861 
0.618173 0.618174 0.618176 0.618176 0.618176 0.618175 0.618173 0.618171 0.618168 0.618165 0.618161 0.618156 0.618151 0.618146 0.61814 0.618133 0.618127 0.61812 0.618113 0.618106 0.618099 0.618092 0.618086 0.618079 0.618073 0.618067 0.618062 0.618057 0.618053 0.618049 0.618046 0.618043 0.618041 0.61804 0.61804 0.61804 0.618041 0.618042 0.618045 0.618048 0.618051 0.618055 0.61806 0.618065 0.618071 0.618077 0.618083 0.61809 0.618096 0.618103 0.61811 0.618117 0.618124 0.61813 0.618137 0.618143 0.618149 0.618154 0.618159 0.618163 0.618167 0.61817 
0.688523 0.688533 0.688542 0.688551 0.688559 0.688567 0.688574 0.68858 0.688585 0.688588 0.688591 0.688593 0.688594 0.688594 0.688592 0.68859 0.688586 0.688581 0.688576 0.688569 0.688562 0.688554 0.688545 0.688536 0.688526 0.688516 0.688505 0.688495 0.688484 0.688473 0.688462 0.688452 0.688442 0.688433 0.688424 0.688415 0.688408 0.688401 0.688395 0.688391 0.688387 0.688384 0.688382 0.688381 0.688382 0.688383 0.688386 0.68839 0.688394 0.6884 0.688406 0.688414 0.688422 0.688431 0.68844 0.68845 0.68846 0.688471 0.688481 0.688492 0.688503 0.688513 
0.750697 0.75071 0.750724 0.750738 0.750752 0.750766 0.75078 0.750793 0.750807 0.750819 0.750831 0.750843 0.750853 0.750862 0.75087 0.750877 0.750883 0.750888 0.750891 0.750892 0.750892 0.750891 0.750888 0.750884 0.750879 0.750872 0.750864 0.750855 0.750845 0.750834 0.750822 0.75081 0.750796 0.750783 0.750769 0.750755 0.750741 0.750727 0.750713 0.7507 0.750687 0.750675 0.750664 0.750654 0.750644 0.750636 0.750629 0.750624 0.750619 0.750616 0.750615 0.750615 0.750616 0.750619 0.750623 0.750629 0.750635 0.750643 0.750652 0.750662 0.750673 0.750685 
0.804657 0.804665 0.804674 0.804684 0.804696 0.804708 0.804721 0.804735 0.80475 0.804765 0.804781 0.804796 0.804811 0.804827 0.804842 0.804856 0.80487 0.804883 0.804895 0.804906 0.804915 0.804924 0.804931 0.804937 0.804941 0.804944 0.804945 0.804944 0.804942 0.804939 0.804934 0.804927 0.804919 0.80491 0.8049 0.804888 0.804875 0.804862 0.804848 0.804833 0.804818 0.804803 0.804787 0.804772 0.804756 0.804741 0.804727 0.804713 0.8047 0.804689 0.804678 0.804668 0.80466 0.804652 0.804647 0.804643 0.80464 0.804639 0.80464 0.804642 0.804645 0.80465 
0.850409 0.850407 0.850407 0.850409 0.850412 0.850416 0.850422 0.850429 0.850437 0.850446 0.850457 0.850468 0.85048 0.850493 0.850506 0.85052 0.850534 0.850548 0.850563 0.850577 0.850591 0.850604 0.850617 0.850629 0.85064 0.85065 0.850659 0.850668 0.850674 0.85068 0.850684 0.850687 0.850688 0.850688 0.850687 0.850684 0.85068 0.850674 0.850667 0.850659 0.850649 0.850639 0.850627 0.850615 0.850602 0.850589 0.850575 0.850561 0.850547 0.850532 0.850518 0.850505 0.850491 0.850478 0.850466 0.850455 0.850445 0.850436 0.850428 0.850421 0.850415 0.850411 
0.887926 0.887918 0.887911 0.887905 0.8879 0.887896 0.887893 0.887891 0.88789 0.88789 0.887892 0.887894 0.887897 0.887902 0.887907 0.887913 0.887921 0.887929 0.887937 0.887947 0.887956 0.887967 0.887977 0.887988 0.887999 0.888009 0.88802 0.88803 0.88804 0.88805 0.888059 0.888068 0.888075 0.888082 0.888088 0.888093 0.888097 0.8881 0.888102 0.888103 0.888103 0.888102 0.888099 0.888096 0.888092 0.888086 0.88808 0.888073 0.888065 0.888056 0.888047 0.888037 0.888026 0.888016 0.888005 0.887994 0.887984 0.887973 0.887962 0.887952 0.887943 0.887934 
0.91715 0.917142 0.917135 0.917126 0.917118 0.917111 0.917103 0.917095 0.917088 0.917081 0.917075 0.917069 0.917064 0.91706 0.917056 0.917053 0.917051 0.917049 0.917049 0.917049 0.91705 0.917051 0.917054 0.917057 0.917061 0.917066 0.917071 0.917077 0.917084 0.917091 0.917098 0.917106 0.917113 0.917121 0.917129 0.917137 0.917145 0.917153 0.917161 0.917168 0.917175 0.917181 0.917187 0.917192 0.917196 0.9172 0.917203 0.917205 0.917207 0.917207 0.917207 0.917206 0.917204 0.917202 0.917198 0.917194 0.91719 0.917184 0.917178 0.917172 0.917165 0.917158 
0.938036 0.938032 0.938028 0.938022 0.938016 0.938009 0.938001 0.937993 0.937984 0.937974 0.937964 0.937954 0.937944 0.937933 0.937923 0.937913 0.937903 0.937893 0.937884 0.937876 0.937868 0.93786 0.937854 0.937848 0.937844 0.93784 0.937837 0.937835 0.937835 0.937835 0.937837 0.937839 0.937843 0.937847 0.937853 0.937859 0.937866 0.937874 0.937882 0.937891 0.937901 0.937911 0.937921 0.937931 0.937942 0.937952 0.937962 0.937972 0.937982 0.937991 0.937999 0.938007 0.938015 0.938021 0.938027 0.938031 0.938035 0.938038 0.938039 0.93804 0.93804 0.938038 
0.950567 0.950569 0.950568 0.950567 0.950563 0.950559 0.950553 0.950545 0.950537 0.950527 0.950516 0.950505 0.950492 0.950479 0.950465 0.95045 0.950436 0.950421 0.950406 0.950392 0.950378 0.950364 0.950351 0.950339 0.950327 0.950317 0.950307 0.950299 0.950292 0.950286 0.950282 0.95028 0.950278 0.950279 0.95028 0.950284 0.950288 0.950294 0.950302 0.95031 0.95032 0.950331 0.950343 0.950356 0.950369 0.950383 0.950397 0.950412 0.950426 0.950441 0.950456 0.95047 0.950483 0.950497 0.950509 0.95052 0.950531 0.95054 0.950548 0.950555 0.950561 0.950565 
0.954751 0.954754 0.954755 0.954754 0.954752 0.954748 0.954743 0.954735 0.954727 0.954716 0.954705 0.954692 0.954678 0.954663 0.954648 0.954631 0.954615 0.954598 0.95458 0.954563 0.954546 0.95453 0.954514 0.954499 0.954485 0.954471 0.954459 0.954448 0.954439 0.954431 0.954425 0.95442 0.954418 0.954416 0.954417 0.954419 0.954423 0.954429 0.954436 0.954445 0.954456 0.954467 0.95448 0.954494 0.954509 0.954525 0.954541 0.954558 0.954575 0.954592 0.954609 0.954626 0.954642 0.954658 0.954673 0.954687 0.954701 0.954713 0.954723 0.954733 0.95474 0.954747 
0.950591 0.950591 0.950589 0.950585 0.95058 0.950574 0.950566 0.950556 0.950545 0.950533 0.950519 0.950505 0.95049 0.950474 0.950458 0.950441 0.950424 0.950407 0.95039 0.950374 0.950358 0.950343 0.950329 0.950315 0.950303 0.950292 0.950282 0.950274 0.950267 0.950262 0.950259 0.950257 0.950257 0.950259 0.950263 0.950268 0.950275 0.950283 0.950293 0.950304 0.950316 0.950329 0.950344 0.950359 0.950375 0.950391 0.950408 0.950425 0.950442 0.950458 0.950475 0.95049 0.950506 0.95052 0.950533 0.950545 0.950556 0.950566 0.950574 0.950581 0.950586 0.950589 
0.938077 0.93807 0.938062 0.938053 0.938043 0.938031 0.938018 0.938005 0.937991 0.937976 0.937962 0.937946 0.937931 0.937916 0.937901 0.937886 0.937872 0.937859 0.937846 0.937834 0.937824 0.937814 0.937806 0.9378 0.937794 0.93779 0.937788 0.937787 0.937788 0.93779 0.937794 0.9378 0.937806 0.937814 0.937824 0.937834 0.937846 0.937859 0.937872 0.937886 0.937901 0.937916 0.937931 0.937946 0.937961 0.937976 0.937991 0.938005 0.938018 0.938031 0.938042 0.938053 0.938062 0.93807 0.938077 0.938082 0.938086 0.938089 0.938089 0.938089 0.938086 0.938082 
0.917196 0.917182 0.917168 0.917153 0.917138 0.917123 0.917108 0.917093 0.917078 0.917064 0.917051 0.917038 0.917026 0.917016 0.917006 0.916998 0.916991 0.916986 0.916982 0.91698 0.916979 0.91698 0.916982 0.916986 0.916991 0.916997 0.917005 0.917015 0.917025 0.917037 0.917049 0.917062 0.917076 0.917091 0.917106 0.917121 0.917136 0.917151 0.917166 0.917181 0.917195 0.917208 0.917221 0.917232 0.917243 0.917252 0.91726 0.917267 0.917272 0.917276 0.917279 0.917279 0.917279 0.917276 0.917273 0.917267 0.917261 0.917253 0.917243 0.917233 0.917222 0.917209 
0.887952 0.887935 0.887919 0.887904 0.887889 0.887876 0.887864 0.887853 0.887844 0.887837 0.887831 0.887826 0.887824 0.887823 0.887824 0.887827 0.887832 0.887838 0.887846 0.887856 0.887867 0.88788 0.887893 0.887908 0.887924 0.88794 0.887957 0.887974 0.887992 0.88801 0.888027 0.888045 0.888061 0.888078 0.888093 0.888107 0.888121 0.888133 0.888143 0.888152 0.88816 0.888166 0.88817 0.888172 0.888173 0.888172 0.888169 0.888164 0.888158 0.88815 0.88814 0.888129 0.888116 0.888103 0.888088 0.888072 0.888056 0.888039 0.888022 0.888004 0.887986 0.887969 
0.850389 0.850377 0.850368 0.85036 0.850354 0.85035 0.850348 0.850348 0.85035 0.850355 0.850361 0.850369 0.850379 0.850391 0.850405 0.850419 0.850436 0.850453 0.850472 0.850491 0.850511 0.850531 0.850551 0.850572 0.850592 0.850612 0.850631 0.850649 0.850666 0.850682 0.850697 0.85071 0.850722 0.850731 0.850739 0.850745 0.850749 0.850751 0.850751 0.850748 0.850744 0.850738 0.850729 0.850719 0.850707 0.850694 0.850679 0.850663 0.850645 0.850627 0.850607 0.850587 0.850567 0.850547 0.850526 0.850506 0.850486 0.850467 0.850449 0.850432 0.850416 0.850401 
0.804584 0.804585 0.804588 0.804593 0.8046 0.804609 0.80462 0.804633 0.804647 0.804663 0.80468 0.804699 0.804718 0.804738 0.804759 0.80478 0.804801 0.804822 0.804843 0.804863 0.804883 0.804902 0.804919 0.804936 0.804951 0.804964 0.804975 0.804985 0.804992 0.804998 0.805002 0.805003 0.805002 0.804999 0.804994 0.804987 0.804978 0.804967 0.804954 0.804939 0.804923 0.804906 0.804888 0.804868 0.804848 0.804827 0.804806 0.804785 0.804764 0.804743 0.804723 0.804703 0.804684 0.804667 0.804651 0.804636 0.804623 0.804611 0.804602 0.804594 0.804589 0.804585 
0.750603 0.750616 0.75063 0.750645 0.750661 0.750679 0.750697 0.750716 0.750735 0.750754 0.750774 0.750793 0.750812 0.75083 0.750847 0.750864 0.750879 0.750893 0.750906 0.750917 0.750927 0.750934 0.75094 0.750944 0.750946 0.750946 0.750944 0.750941 0.750935 0.750927 0.750918 0.750907 0.750894 0.75088 0.750864 0.750848 0.75083 0.750812 0.750793 0.750774 0.750755 0.750735 0.750716 0.750697 0.750679 0.750662 0.750645 0.75063 0.750616 0.750603 0.750592 0.750583 0.750575 0.750569 0.750566 0.750564 0.750564 0.750566 0.75057 0.750576 0.750583 0.750593 
0.688462 0.688478 0.688493 0.688509 0.688524 0.688539 0.688553 0.688567 0.68858 0.688592 0.688603 0.688613 0.688621 0.688629 0.688634 0.688639 0.688641 0.688642 0.688642 0.68864 0.688636 0.688631 0.688625 0.688617 0.688608 0.688597 0.688585 0.688573 0.688559 0.688545 0.68853 0.688515 0.6885 0.688484 0.688469 0.688453 0.688438 0.688424 0.68841 0.688397 0.688385 0.688374 0.688365 0.688356 0.688349 0.688343 0.688339 0.688337 0.688336 0.688336 0.688338 0.688342 0.688347 0.688354 0.688362 0.688371 0.688381 0.688393 0.688406 0.688419 0.688433 0.688448 
0.618176 0.618184 0.618191 0.618198 0.618203 0.618208 0.618212 0.618214 0.618216 0.618216 0.618216 0.618214 0.618211 0.618207 0.618202 0.618196 0.61819 0.618182 0.618174 0.618165 0.618155 0.618145 0.618134 0.618124 0.618113 0.618102 0.618091 0.618081 0.61807 0.61806 0.618051 0.618042 0.618034 0.618026 0.61802 0.618014 0.61801 0.618006 0.618003 0.618002 0.618002 0.618002 0.618004 0.618007 0.618011 0.618016 0.618022 0.618029 0.618036 0.618045 0.618054 0.618064 0.618074 0.618084 0.618095 0.618106 0.618117 0.618127 0.618138 0.618148 0.618158 0.618167 
0.5399 0.539899 0.539897 0.539894 0.539891 0.539888 0.539883 0.539879 0.539874 0.539868 0.539862 0.539856 0.539849 0.539843 0.539836 0.539829 0.539822 0.539816 0.539809 0.539803 0.539797 0.539792 0.539786 0.539782 0.539778 0.539774 0.539771 0.539769 0.539767 0.539766 0.539766 0.539767 0.539768 0.539769 0.539772 0.539775 0.539779 0.539783 0.539788 0.539793 0.539798 0.539804 0.539811 0.539817 0.539824 0.539831 0.539838 0.539844 0.539851 0.539857 0.539864 0.539869 0.539875 0.53988 0.539885 0.539889 0.539892 0.539895 0.539897 0.539899 0.5399 0.5399 
0.454059 0.454054 0.45405 0.454046 0.454042 0.454038 0.454034 0.45403 0.454026 0.454023 0.45402 0.454017 0.454015 0.454012 0.454011 0.454009 0.454008 0.454007 0.454007 0.454008 0.454008 0.454009 0.454011 0.454013 0.454015 0.454018 0.45402 0.454024 0.454027 0.454031 0.454035 0.454039 0.454043 0.454047 0.454051 0.454056 0.45406 0.454064 0.454068 0.454071 0.454075 0.454078 0.454081 0.454083 0.454085 0.454087 0.454089 0.45409 0.45409 0.45409 0.45409 0.454089 0.454088 0.454087 0.454085 0.454082 0.45408 0.454077 0.454073 0.45407 0.454066 0.454062 
0.361365 0.361364 0.361363 0.361362 0.361362 0.361361 0.361362 0.361362 0.361363 0.361364 0.361365 0.361366 0.361368 0.36137 0.361372 0.361375 0.361377 0.36138 0.361383 0.361386 0.361389 0.361392 0.361395 0.361398 0.361401 0.361403 0.361406 0.361408 0.361411 0.361413 0.361415 0.361416 0.361418 0.361419 0.36142 0.36142 0.36142 0.36142 0.36142 0.361419 0.361418 0.361417 0.361415 0.361414 0.361412 0.361409 0.361407 0.361404 0.361401 0.361399 0.361396 0.361393 0.36139 0.361387 0.361384 0.361381 0.361378 0.361376 0.361373 0.361371 0.361369 0.361367 
0.262798 0.2628 0.262801 0.262803 0.262805 0.262807 0.262809 0.262811 0.262813 0.262816 0.262818 0.26282 0.262822 0.262824 0.262826 0.262828 0.26283 0.262832 0.262833 0.262835 0.262836 0.262837 0.262838 0.262838 0.262838 0.262839 0.262838 0.262838 0.262837 0.262837 0.262836 0.262834 0.262833 0.262831 0.26283 0.262828 0.262826 0.262824 0.262822 0.262819 0.262817 0.262815 0.262813 0.26281 0.262808 0.262806 0.262804 0.262803 0.262801 0.262799 0.262798 0.262797 0.262796 0.262795 0.262795 0.262794 0.262794 0.262794 0.262795 0.262795 0.262796 0.262797 
0.159646 0.159648 0.159649 0.159651 0.159652 0.159653 0.159655 0.159656 0.159657 0.159658 0.159659 0.15966 0.159661 0.159661 0.159662 0.159662 0.159662 0.159662 0.159662 0.159661 0.159661 0.15966 0.15966 0.159659 0.159658 0.159656 0.159655 0.159654 0.159653 0.159651 0.15965 0.159648 0.159647 0.159645 0.159644 0.159642 0.159641 0.159639 0.159638 0.159637 0.159636 0.159635 0.159634 0.159633 0.159633 0.159632 0.159632 0.159632 0.159632 0.159632 0.159633 0.159633 0.159634 0.159635 0.159635 0.159637 0.159638 0.159639 0.15964 0.159642 0.159643 0.159645 
0.0535528 0.0535533 0.0535538 0.0535542 0.0535546 0.053555 0.0535553 0.0535556 0.0535559 0.0535561 0.0535563 0.0535564 0.0535564 0.0535564 0.0535564 0.0535563 0.0535561 0.0535559 0.0535556 0.0535553 0.053555 0.0535546 0.0535542 0.0535537 0.0535532 0.0535527 0.0535522 0.0535517 0.0535511 0.0535506 0.0535501 0.0535495 0.053549 0.0535485 0.0535481 0.0535477 0.0535473 0.0535469 0.0535466 0.0535464 0.0535462 0.053546 0.0535459 0.0535458 0.0535458 0.0535459 0.053546 0.0535462 0.0535464 0.0535466 0.053547 0.0535473 0.0535477 0.0535481 0.0535486 0.0535491 0.0535496 0.0535501 0.0535506 0.0535512 0.0535517 0.0535523 
