0.0512072 0.0512071 0.0512071 0.051207 0.051207 0.0512069 0.0512069 0.0512069 0.0512069 0.0512069 0.0512069 0.051207 0.051207 0.0512071 0.0512072 0.0512073 0.0512074 0.0512075 0.0512076 0.0512077 0.0512078 0.0512079 0.0512081 0.0512082 0.0512083 0.0512084 0.0512085 0.0512087 0.0512088 0.0512089 0.051209 0.051209 0.0512091 0.0512092 0.0512092 0.0512093 0.0512093 0.0512093 0.0512093 0.0512093 0.0512093 0.0512093 0.0512092 0.0512092 0.0512091 0.051209 0.0512089 0.0512088 0.0512087 0.0512086 0.0512085 0.0512084 0.0512083 0.0512082 0.051208 0.0512079 0.0512078 0.0512077 0.0512076 0.0512075 0.0512074 0.0512073 
0.152794 0.152794 0.152794 0.152793 0.152793 0.152793 0.152793 0.152793 0.152793 0.152793 0.152793 0.152793 0.152794 0.152794 0.152794 0.152794 0.152794 0.152794 0.152794 0.152795 0.152795 0.152795 0.152795 0.152796 0.152796 0.152796 0.152796 0.152796 0.152796 0.152797 0.152797 0.152797 0.152797 0.152797 0.152797 0.152797 0.152797 0.152797 0.152797 0.152797 0.152797 0.152797 0.152797 0.152797 0.152797 0.152797 0.152797 0.152796 0.152796 0.152796 0.152796 0.152796 0.152796 0.152795 0.152795 0.152795 0.152795 0.152794 0.152794 0.152794 0.152794 0.152794 
0.251946 0.251946 0.251946 0.251946 0.251946 0.251945 0.251945 0.251945 0.251945 0.251945 0.251945 0.251945 0.251945 0.251945 0.251946 0.251946 0.251946 0.251946 0.251946 0.251946 0.251946 0.251946 0.251947 0.251947 0.251947 0.251947 0.251947 0.251948 0.251948 0.251948 0.251948 0.251948 0.251948 0.251949 0.251949 0.251949 0.251949 0.251949 0.251949 0.251949 0.251949 0.251949 0.251949 0.251949 0.251949 0.251949 0.251949 0.251949 0.251948 0.251948 0.251948 0.251948 0.251948 0.251948 0.251947 0.251947 0.251947 0.251947 0.251947 0.251946 0.251946 0.251946 
0.347202 0.347202 0.347202 0.347202 0.347202 0.347202 0.347202 0.347202 0.347202 0.347202 0.347202 0.347202 0.347202 0.347202 0.347202 0.347202 0.347202 0.347202 0.347202 0.347202 0.347202 0.347202 0.347202 0.347202 0.347202 0.347202 0.347202 0.347203 0.347203 0.347203 0.347203 0.347203 0.347203 0.347203 0.347203 0.347203 0.347203 0.347204 0.347204 0.347204 0.347204 0.347204 0.347204 0.347204 0.347204 0.347204 0.347204 0.347204 0.347203 0.347203 0.347203 0.347203 0.347203 0.347203 0.347203 0.347203 0.347203 0.347203 0.347203 0.347202 0.347202 0.347202 
0.437314 0.437314 0.437314 0.437314 0.437314 0.437314 0.437315 0.437315 0.437315 0.437315 0.437315 0.437315 0.437315 0.437315 0.437315 0.437315 0.437315 0.437315 0.437315 0.437315 0.437315 0.437314 0.437314 0.437314 0.437314 0.437314 0.437314 0.437314 0.437314 0.437314 0.437314 0.437314 0.437314 0.437313 0.437313 0.437313 0.437313 0.437313 0.437313 0.437313 0.437313 0.437313 0.437313 0.437313 0.437313 0.437313 0.437313 0.437313 0.437313 0.437313 0.437313 0.437313 0.437313 0.437313 0.437313 0.437314 0.437314 0.437314 0.437314 0.437314 0.437314 0.437314 
0.521278 0.521279 0.521279 0.52128 0.521281 0.521281 0.521282 0.521282 0.521283 0.521283 0.521283 0.521284 0.521284 0.521284 0.521284 0.521285 0.521285 0.521285 0.521285 0.521285 0.521284 0.521284 0.521284 0.521284 0.521283 0.521283 0.521282 0.521282 0.521281 0.521281 0.52128 0.52128 0.521279 0.521279 0.521278 0.521278 0.521277 0.521277 0.521276 0.521276 0.521275 0.521275 0.521275 0.521274 0.521274 0.521274 0.521274 0.521274 0.521274 0.521274 0.521274 0.521274 0.521274 0.521275 0.521275 0.521275 0.521276 0.521276 0.521276 0.521277 0.521277 0.521278 
0.598333 0.598335 0.598336 0.598337 0.598339 0.59834 0.598342 0.598343 0.598345 0.598346 0.598348 0.598349 0.59835 0.598352 0.598353 0.598354 0.598355 0.598355 0.598356 0.598356 0.598357 0.598357 0.598357 0.598357 0.598357 0.598356 0.598356 0.598355 0.598354 0.598353 0.598352 0.598351 0.59835 0.598348 0.598347 0.598345 0.598344 0.598342 0.598341 0.59834 0.598338 0.598337 0.598335 0.598334 0.598333 0.598332 0.598331 0.59833 0.598329 0.598328 0.598328 0.598328 0.598327 0.598327 0.598328 0.598328 0.598328 0.598329 0.59833 0.59833 0.598331 0.598332 
0.667938 0.66794 0.667941 0.667943 0.667945 0.667947 0.667949 0.667952 0.667955 0.667957 0.66796 0.667963 0.667966 0.667969 0.667972 0.667975 0.667977 0.66798 0.667982 0.667985 0.667987 0.667989 0.66799 0.667992 0.667993 0.667993 0.667994 0.667994 0.667994 0.667994 0.667993 0.667992 0.667991 0.667989 0.667987 0.667985 0.667983 0.667981 0.667978 0.667976 0.667973 0.66797 0.667967 0.667964 0.667961 0.667958 0.667956 0.667953 0.66795 0.667948 0.667946 0.667943 0.667942 0.66794 0.667939 0.667938 0.667937 0.667936 0.667936 0.667936 0.667937 0.667937 
0.729743 0.729743 0.729743 0.729743 0.729744 0.729745 0.729747 0.729749 0.729752 0.729755 0.729758 0.729761 0.729765 0.729769 0.729773 0.729778 0.729782 0.729787 0.729791 0.729796 0.7298 0.729804 0.729808 0.729812 0.729816 0.729819 0.729822 0.729825 0.729827 0.729829 0.729831 0.729832 0.729832 0.729832 0.729832 0.729831 0.72983 0.729828 0.729826 0.729823 0.729821 0.729817 0.729814 0.72981 0.729806 0.729802 0.729797 0.729793 0.729788 0.729784 0.729779 0.729775 0.729771 0.729766 0.729763 0.729759 0.729756 0.729753 0.72975 0.729748 0.729746 0.729744 
0.783539 0.783535 0.783532 0.78353 0.783528 0.783526 0.783526 0.783525 0.783526 0.783526 0.783528 0.78353 0.783532 0.783535 0.783539 0.783543 0.783547 0.783552 0.783557 0.783562 0.783567 0.783573 0.783579 0.783584 0.78359 0.783595 0.783601 0.783606 0.783611 0.783616 0.78362 0.783624 0.783627 0.78363 0.783633 0.783635 0.783636 0.783637 0.783637 0.783637 0.783636 0.783635 0.783633 0.78363 0.783627 0.783624 0.78362 0.783615 0.783611 0.783606 0.7836 0.783595 0.783589 0.783584 0.783578 0.783572 0.783567 0.783561 0.783556 0.783551 0.783547 0.783542 
0.82919 0.829185 0.82918 0.829176 0.829171 0.829167 0.829164 0.829161 0.829158 0.829156 0.829155 0.829154 0.829154 0.829154 0.829155 0.829156 0.829158 0.829161 0.829164 0.829167 0.829171 0.829175 0.82918 0.829185 0.82919 0.829196 0.829201 0.829207 0.829213 0.829218 0.829224 0.829229 0.829235 0.82924 0.829244 0.829249 0.829252 0.829256 0.829259 0.829261 0.829263 0.829265 0.829266 0.829266 0.829266 0.829265 0.829263 0.829261 0.829259 0.829256 0.829252 0.829248 0.829244 0.829239 0.829234 0.829229 0.829224 0.829218 0.829212 0.829207 0.829201 0.829196 
0.866603 0.866599 0.866595 0.866591 0.866587 0.866583 0.866579 0.866575 0.866572 0.866568 0.866565 0.866563 0.86656 0.866558 0.866557 0.866556 0.866555 0.866555 0.866555 0.866555 0.866556 0.866557 0.866559 0.866561 0.866564 0.866566 0.866569 0.866573 0.866576 0.86658 0.866584 0.866588 0.866592 0.866597 0.866601 0.866605 0.866609 0.866613 0.866616 0.86662 0.866623 0.866626 0.866629 0.866631 0.866633 0.866635 0.866636 0.866637 0.866637 0.866637 0.866636 0.866635 0.866634 0.866632 0.86663 0.866628 0.866625 0.866622 0.866618 0.866615 0.866611 0.866607 
0.895716 0.895716 0.895715 0.895714 0.895713 0.895711 0.89571 0.895708 0.895707 0.895705 0.895703 0.895701 0.895699 0.895697 0.895695 0.895693 0.895691 0.89569 0.895688 0.895686 0.895685 0.895683 0.895682 0.895681 0.89568 0.895679 0.895679 0.895678 0.895678 0.895678 0.895678 0.895679 0.895679 0.89568 0.895681 0.895682 0.895684 0.895685 0.895687 0.895688 0.89569 0.895692 0.895694 0.895696 0.895698 0.8957 0.895702 0.895703 0.895705 0.895707 0.895709 0.89571 0.895712 0.895713 0.895714 0.895715 0.895716 0.895716 0.895717 0.895717 0.895717 0.895717 
0.916504 0.916508 0.916511 0.916515 0.916518 0.916521 0.916523 0.916525 0.916527 0.916529 0.91653 0.916531 0.916532 0.916532 0.916531 0.916531 0.91653 0.916528 0.916526 0.916524 0.916522 0.916519 0.916516 0.916513 0.91651 0.916506 0.916502 0.916499 0.916495 0.916491 0.916487 0.916483 0.91648 0.916476 0.916473 0.91647 0.916467 0.916464 0.916462 0.91646 0.916459 0.916457 0.916457 0.916456 0.916456 0.916456 0.916457 0.916458 0.91646 0.916461 0.916463 0.916466 0.916469 0.916472 0.916475 0.916478 0.916482 0.916485 0.916489 0.916493 0.916497 0.916501 
0.928971 0.928978 0.928985 0.928992 0.928999 0.929005 0.929011 0.929017 0.929023 0.929027 0.929032 0.929035 0.929039 0.929041 0.929043 0.929044 0.929044 0.929044 0.929043 0.929041 0.929039 0.929035 0.929032 0.929027 0.929023 0.929017 0.929011 0.929005 0.928999 0.928992 0.928985 0.928978 0.928971 0.928964 0.928957 0.92895 0.928944 0.928938 0.928932 0.928926 0.928922 0.928917 0.928914 0.92891 0.928908 0.928906 0.928905 0.928905 0.928905 0.928906 0.928908 0.928911 0.928914 0.928918 0.928922 0.928927 0.928932 0.928938 0.928944 0.928951 0.928957 0.928964 
0.93313 0.933139 0.933148 0.933157 0.933165 0.933174 0.933181 0.933189 0.933196 0.933202 0.933207 0.933212 0.933216 0.93322 0.933222 0.933223 0.933224 0.933223 0.933222 0.93322 0.933217 0.933213 0.933208 0.933203 0.933197 0.93319 0.933183 0.933175 0.933167 0.933158 0.933149 0.933141 0.933132 0.933123 0.933114 0.933105 0.933097 0.933089 0.933082 0.933075 0.933069 0.933063 0.933058 0.933054 0.933051 0.933049 0.933047 0.933047 0.933047 0.933049 0.933051 0.933054 0.933058 0.933063 0.933068 0.933074 0.933081 0.933088 0.933096 0.933104 0.933113 0.933122 
0.928989 0.928998 0.929007 0.929015 0.929023 0.92903 0.929037 0.929044 0.929049 0.929054 0.929058 0.929061 0.929063 0.929064 0.929065 0.929064 0.929063 0.929061 0.929057 0.929053 0.929048 0.929043 0.929036 0.929029 0.929022 0.929014 0.929006 0.928997 0.928988 0.928979 0.92897 0.928961 0.928952 0.928943 0.928935 0.928927 0.928919 0.928912 0.928906 0.928901 0.928896 0.928892 0.928889 0.928887 0.928885 0.928885 0.928886 0.928887 0.92889 0.928893 0.928897 0.928902 0.928908 0.928914 0.928921 0.928928 0.928936 0.928945 0.928954 0.928962 0.928971 0.928981 
0.916544 0.91655 0.916556 0.916561 0.916565 0.916569 0.916572 0.916574 0.916576 0.916577 0.916576 0.916575 0.916573 0.916571 0.916567 0.916563 0.916558 0.916552 0.916546 0.916539 0.916532 0.916525 0.916517 0.916509 0.9165 0.916492 0.916484 0.916475 0.916468 0.91646 0.916452 0.916446 0.916439 0.916433 0.916428 0.916424 0.91642 0.916417 0.916415 0.916413 0.916413 0.916413 0.916414 0.916416 0.916419 0.916422 0.916427 0.916432 0.916437 0.916443 0.91645 0.916457 0.916465 0.916473 0.916481 0.916489 0.916498 0.916506 0.916514 0.916522 0.916529 0.916537 
0.895777 0.895778 0.895779 0.895778 0.895777 0.895776 0.895773 0.89577 0.895766 0.895761 0.895755 0.895749 0.895743 0.895736 0.895728 0.895721 0.895713 0.895705 0.895697 0.895689 0.895681 0.895673 0.895665 0.895658 0.895651 0.895645 0.895639 0.895634 0.895629 0.895626 0.895623 0.89562 0.895619 0.895618 0.895619 0.89562 0.895621 0.895624 0.895627 0.895632 0.895636 0.895642 0.895648 0.895654 0.895661 0.895669 0.895677 0.895684 0.895693 0.895701 0.895709 0.895717 0.895725 0.895732 0.895739 0.895746 0.895752 0.895758 0.895763 0.895768 0.895771 0.895774 
0.866675 0.86667 0.866665 0.866659 0.866653 0.866645 0.866638 0.86663 0.866621 0.866613 0.866604 0.866595 0.866586 0.866577 0.866568 0.86656 0.866552 0.866545 0.866538 0.866532 0.866526 0.866521 0.866517 0.866514 0.866511 0.86651 0.866509 0.866509 0.86651 0.866512 0.866515 0.866519 0.866524 0.866529 0.866535 0.866542 0.866549 0.866556 0.866565 0.866573 0.866582 0.866591 0.8666 0.866608 0.866617 0.866626 0.866634 0.866642 0.866649 0.866656 0.866663 0.866668 0.866673 0.866677 0.86668 0.866683 0.866684 0.866685 0.866685 0.866683 0.866681 0.866679 
0.829252 0.829243 0.829234 0.829225 0.829216 0.829206 0.829197 0.829188 0.829179 0.82917 0.829162 0.829154 0.829147 0.82914 0.829135 0.82913 0.829126 0.829122 0.82912 0.829119 0.829118 0.829119 0.82912 0.829122 0.829126 0.82913 0.829135 0.829141 0.829147 0.829154 0.829162 0.82917 0.829179 0.829188 0.829197 0.829207 0.829216 0.829226 0.829235 0.829244 0.829253 0.829261 0.829269 0.829276 0.829282 0.829288 0.829293 0.829297 0.8293 0.829302 0.829304 0.829304 0.829304 0.829302 0.8293 0.829297 0.829292 0.829287 0.829281 0.829275 0.829268 0.82926 
0.78357 0.783561 0.783553 0.783545 0.783537 0.78353 0.783523 0.783517 0.783512 0.783507 0.783503 0.7835 0.783498 0.783496 0.783496 0.783496 0.783497 0.7835 0.783503 0.783506 0.783511 0.783516 0.783522 0.783529 0.783536 0.783544 0.783552 0.78356 0.783569 0.783578 0.783587 0.783595 0.783604 0.783612 0.783621 0.783628 0.783636 0.783642 0.783648 0.783654 0.783659 0.783662 0.783666 0.783668 0.783669 0.78367 0.783669 0.783668 0.783666 0.783663 0.783659 0.783654 0.783649 0.783643 0.783636 0.783629 0.783621 0.783613 0.783605 0.783596 0.783587 0.783579 
0.729741 0.729736 0.729732 0.729728 0.729725 0.729723 0.729721 0.72972 0.729719 0.729719 0.72972 0.729722 0.729724 0.729727 0.729731 0.729735 0.72974 0.729745 0.729751 0.729757 0.729764 0.729771 0.729777 0.729784 0.729792 0.729799 0.729806 0.729812 0.729819 0.729825 0.729831 0.729836 0.729841 0.729846 0.72985 0.729853 0.729855 0.729857 0.729858 0.729859 0.729858 0.729857 0.729856 0.729853 0.72985 0.729847 0.729842 0.729837 0.729832 0.729826 0.72982 0.729814 0.729807 0.7298 0.729793 0.729786 0.729779 0.729772 0.729765 0.729759 0.729753 0.729747 
0.66792 0.667919 0.667919 0.667919 0.66792 0.667921 0.667922 0.667925 0.667927 0.66793 0.667933 0.667937 0.667941 0.667945 0.667949 0.667954 0.667959 0.667963 0.667968 0.667973 0.667978 0.667982 0.667987 0.667991 0.667995 0.667999 0.668002 0.668005 0.668008 0.66801 0.668012 0.668013 0.668014 0.668014 0.668014 0.668013 0.668012 0.66801 0.668008 0.668006 0.668003 0.667999 0.667996 0.667992 0.667988 0.667983 0.667979 0.667974 0.667969 0.667964 0.667959 0.667955 0.66795 0.667946 0.667941 0.667937 0.667934 0.66793 0.667928 0.667925 0.667923 0.667921 
0.598318 0.59832 0.598321 0.598323 0.598324 0.598326 0.598329 0.598331 0.598333 0.598336 0.598339 0.598341 0.598344 0.598347 0.598349 0.598352 0.598354 0.598357 0.598359 0.598361 0.598363 0.598365 0.598366 0.598368 0.598369 0.598369 0.59837 0.59837 0.59837 0.59837 0.598369 0.598368 0.598367 0.598365 0.598364 0.598362 0.59836 0.598358 0.598355 0.598353 0.59835 0.598348 0.598345 0.598342 0.59834 0.598337 0.598334 0.598332 0.598329 0.598327 0.598325 0.598323 0.598322 0.59832 0.598319 0.598318 0.598317 0.598317 0.598317 0.598317 0.598317 0.598318 
0.521273 0.521274 0.521275 0.521276 0.521277 0.521278 0.521279 0.52128 0.521282 0.521283 0.521284 0.521285 0.521286 0.521287 0.521288 0.521289 0.52129 0.52129 0.521291 0.521291 0.521292 0.521292 0.521292 0.521292 0.521292 0.521291 0.521291 0.521291 0.52129 0.521289 0.521288 0.521287 0.521286 0.521285 0.521284 0.521283 0.521282 0.521281 0.52128 0.521278 0.521277 0.521276 0.521275 0.521274 0.521273 0.521272 0.521271 0.52127 0.52127 0.521269 0.521269 0.521268 0.521268 0.521268 0.521268 0.521268 0.521269 0.521269 0.52127 0.52127 0.521271 0.521272 
0.437313 0.437313 0.437314 0.437314 0.437314 0.437315 0.437315 0.437316 0.437316 0.437316 0.437317 0.437317 0.437317 0.437318 0.437318 0.437318 0.437318 0.437319 0.437319 0.437319 0.437319 0.437319 0.437319 0.437318 0.437318 0.437318 0.437318 0.437318 0.437317 0.437317 0.437317 0.437316 0.437316 0.437315 0.437315 0.437315 0.437314 0.437314 0.437313 0.437313 0.437312 0.437312 0.437312 0.437312 0.437311 0.437311 0.437311 0.437311 0.437311 0.43731 0.43731 0.43731 0.43731 0.437311 0.437311 0.437311 0.437311 0.437311 0.437312 0.437312 0.437312 0.437313 
0.347202 0.347202 0.347203 0.347203 0.347203 0.347203 0.347203 0.347203 0.347203 0.347204 0.347204 0.347204 0.347204 0.347204 0.347204 0.347204 0.347204 0.347204 0.347205 0.347205 0.347205 0.347205 0.347205 0.347205 0.347204 0.347204 0.347204 0.347204 0.347204 0.347204 0.347204 0.347204 0.347204 0.347204 0.347203 0.347203 0.347203 0.347203 0.347203 0.347203 0.347203 0.347202 0.347202 0.347202 0.347202 0.347202 0.347202 0.347202 0.347202 0.347202 0.347202 0.347202 0.347202 0.347202 0.347202 0.347202 0.347202 0.347202 0.347202 0.347202 0.347202 0.347202 
0.251947 0.251947 0.251947 0.251947 0.251947 0.251947 0.251947 0.251947 0.251947 0.251947 0.251947 0.251947 0.251947 0.251947 0.251947 0.251947 0.251947 0.251947 0.251948 0.251948 0.251948 0.251948 0.251948 0.251948 0.251948 0.251948 0.251948 0.251948 0.251948 0.251948 0.251948 0.251948 0.251948 0.251948 0.251948 0.251948 0.251948 0.251948 0.251948 0.251948 0.251948 0.251948 0.251948 0.251948 0.251948 0.251948 0.251948 0.251948 0.251947 0.251947 0.251947 0.251947 0.251947 0.251947 0.251947 0.251947 0.251947 0.251947 0.251947 0.251947 0.251947 0.251947 
0.152795 0.152795 0.152795 0.152795 0.152795 0.152795 0.152795 0.152795 0.152795 0.152795 0.152795 0.152795 0.152795 0.152794 0.152794 0.152794 0.152795 0.152795 0.152795 0.152795 0.152795 0.152795 0.152795 0.152795 0.152795 0.152795 0.152795 0.152795 0.152795 0.152796 0.152796 0.152796 0.152796 0.152796 0.152796 0.152796 0.152796 0.152796 0.152796 0.152796 0.152796 0.152796 0.152797 0.152797 0.152797 0.152797 0.152797 0.152797 0.152796 0.152796 0.152796 0.152796 0.152796 0.152796 0.152796 0.152796 0.152796 0.152796 0.152796 0.152796 0.152795 0.152795 
0.0512078 0.0512077 0.0512077 0.0512076 0.0512075 0.0512074 0.0512074 0.0512073 0.0512073 0.0512072 0.0512072 0.0512072 0.0512072 0.0512072 0.0512072 0.0512072 0.0512072 0.0512073 0.0512073 0.0512074 0.0512075 0.0512075 0.0512076 0.0512077 0.0512078 0.0512079 0.051208 0.0512081 0.0512082 0.0512083 0.0512084 0.0512085 0.0512086 0.0512087 0.0512088 0.0512088 0.0512089 0.051209 0.051209 0.0512091 0.0512091 0.0512091 0.0512092 0.0512092 0.0512092 0.0512092 0.0512091 0.0512091 0.0512091 0.051209 0.0512089 0.0512089 0.0512088 0.0512087 0.0512086 0.0512085 0.0512084 0.0512083 0.0512082 0.0512081 0.051208 0.0512079 
