0.0487942 0.0487942 0.0487942 0.0487942 0.0487943 0.0487943 0.0487943 0.0487943 0.0487943 0.0487943 0.0487942 0.0487942 0.0487942 0.0487942 0.0487941 0.0487941 0.0487941 0.048794 0.048794 0.0487939 0.0487939 0.0487939 0.0487938 0.0487938 0.0487937 0.0487937 0.0487936 0.0487936 0.0487936 0.0487935 0.0487935 0.0487935 0.0487935 0.0487934 0.0487934 0.0487934 0.0487934 0.0487934 0.0487934 0.0487934 0.0487934 0.0487934 0.0487935 0.0487935 0.0487935 0.0487935 0.0487936 0.0487936 0.0487937 0.0487937 0.0487937 0.0487938 0.0487938 0.0487939 0.0487939 0.048794 0.048794 0.048794 0.0487941 0.0487941 0.0487941 0.0487942 
0.145681 0.145681 0.145681 0.145681 0.145681 0.145681 0.14568 0.14568 0.14568 0.14568 0.14568 0.14568 0.14568 0.14568 0.14568 0.14568 0.14568 0.14568 0.14568 0.14568 0.14568 0.14568 0.14568 0.14568 0.145679 0.145679 0.145679 0.145679 0.145679 0.145679 0.145679 0.145679 0.145679 0.145679 0.145679 0.145679 0.145679 0.145679 0.145679 0.145679 0.145679 0.145679 0.145679 0.145679 0.14568 0.14568 0.14568 0.14568 0.14568 0.14568 0.14568 0.14568 0.14568 0.14568 0.14568 0.14568 0.14568 0.14568 0.14568 0.14568 0.14568 0.145681 
0.240493 0.240493 0.240493 0.240493 0.240493 0.240493 0.240493 0.240493 0.240493 0.240493 0.240493 0.240493 0.240493 0.240493 0.240493 0.240492 0.240492 0.240492 0.240492 0.240492 0.240492 0.240492 0.240492 0.240492 0.240492 0.240492 0.240492 0.240492 0.240492 0.240492 0.240492 0.240491 0.240491 0.240491 0.240491 0.240491 0.240492 0.240492 0.240492 0.240492 0.240492 0.240492 0.240492 0.240492 0.240492 0.240492 0.240492 0.240492 0.240492 0.240492 0.240492 0.240493 0.240493 0.240493 0.240493 0.240493 0.240493 0.240493 0.240493 0.240493 0.240493 0.240493 
0.33195 0.33195 0.33195 0.33195 0.33195 0.33195 0.33195 0.33195 0.33195 0.33195 0.331949 0.331949 0.331949 0.331949 0.331949 0.331949 0.331949 0.331949 0.331949 0.331949 0.331949 0.331949 0.331949 0.331949 0.331948 0.331948 0.331948 0.331948 0.331948 0.331948 0.331948 0.331948 0.331948 0.331948 0.331948 0.331948 0.331948 0.331948 0.331948 0.331948 0.331948 0.331948 0.331948 0.331949 0.331949 0.331949 0.331949 0.331949 0.331949 0.331949 0.331949 0.331949 0.331949 0.331949 0.331949 0.331949 0.33195 0.33195 0.33195 0.33195 0.33195 0.33195 
0.418905 0.418905 0.418905 0.418905 0.418905 0.418905 0.418905 0.418904 0.418904 0.418904 0.418904 0.418904 0.418904 0.418904 0.418904 0.418904 0.418904 0.418904 0.418904 0.418904 0.418904 0.418904 0.418904 0.418904 0.418904 0.418904 0.418904 0.418904 0.418904 0.418904 0.418904 0.418904 0.418904 0.418904 0.418904 0.418904 0.418904 0.418904 0.418904 0.418904 0.418904 0.418904 0.418904 0.418904 0.418904 0.418904 0.418904 0.418905 0.418905 0.418905 0.418905 0.418905 0.418905 0.418905 0.418905 0.418905 0.418905 0.418905 0.418905 0.418905 0.418905 0.418905 
0.50038 0.50038 0.50038 0.50038 0.500379 0.500379 0.500379 0.500379 0.500379 0.500378 0.500378 0.500378 0.500378 0.500378 0.500377 0.500377 0.500377 0.500377 0.500377 0.500377 0.500377 0.500377 0.500377 0.500377 0.500377 0.500377 0.500378 0.500378 0.500378 0.500378 0.500378 0.500378 0.500379 0.500379 0.500379 0.500379 0.50038 0.50038 0.50038 0.50038 0.50038 0.500381 0.500381 0.500381 0.500381 0.500381 0.500381 0.500381 0.500381 0.500381 0.500381 0.500381 0.500381 0.500381 0.500381 0.500381 0.500381 0.500381 0.500381 0.500381 0.500381 0.50038 
0.575578 0.575578 0.575577 0.575577 0.575576 0.575576 0.575575 0.575574 0.575574 0.575573 0.575573 0.575572 0.575571 0.575571 0.57557 0.57557 0.57557 0.575569 0.575569 0.575569 0.575569 0.575568 0.575568 0.575568 0.575568 0.575569 0.575569 0.575569 0.575569 0.57557 0.57557 0.575571 0.575571 0.575572 0.575572 0.575573 0.575573 0.575574 0.575574 0.575575 0.575576 0.575576 0.575577 0.575577 0.575578 0.575578 0.575579 0.575579 0.575579 0.57558 0.57558 0.57558 0.57558 0.57558 0.57558 0.57558 0.57558 0.57558 0.57558 0.575579 0.575579 0.575579 
0.643874 0.643873 0.643873 0.643872 0.643871 0.64387 0.643869 0.643868 0.643867 0.643866 0.643865 0.643864 0.643863 0.643861 0.64386 0.643859 0.643858 0.643857 0.643856 0.643855 0.643855 0.643854 0.643853 0.643853 0.643852 0.643852 0.643852 0.643852 0.643852 0.643852 0.643853 0.643853 0.643854 0.643854 0.643855 0.643856 0.643857 0.643858 0.643859 0.64386 0.643861 0.643862 0.643864 0.643865 0.643866 0.643867 0.643868 0.643869 0.64387 0.643871 0.643872 0.643873 0.643873 0.643874 0.643874 0.643875 0.643875 0.643875 0.643875 0.643875 0.643875 0.643874 
0.704796 0.704796 0.704796 0.704796 0.704795 0.704794 0.704793 0.704792 0.704791 0.70479 0.704788 0.704786 0.704785 0.704783 0.704781 0.704779 0.704778 0.704776 0.704774 0.704772 0.704771 0.704769 0.704768 0.704766 0.704765 0.704764 0.704763 0.704762 0.704761 0.704761 0.704761 0.704761 0.704761 0.704761 0.704761 0.704762 0.704763 0.704764 0.704765 0.704766 0.704768 0.704769 0.704771 0.704772 0.704774 0.704776 0.704778 0.704779 0.704781 0.704783 0.704785 0.704786 0.704788 0.704789 0.704791 0.704792 0.704793 0.704794 0.704795 0.704796 0.704796 0.704796 
0.758004 0.758004 0.758005 0.758005 0.758006 0.758006 0.758005 0.758005 0.758004 0.758003 0.758002 0.758001 0.757999 0.757997 0.757995 0.757993 0.757991 0.757989 0.757987 0.757985 0.757982 0.75798 0.757978 0.757976 0.757973 0.757971 0.757969 0.757968 0.757966 0.757965 0.757963 0.757962 0.757961 0.757961 0.75796 0.75796 0.75796 0.757961 0.757961 0.757962 0.757963 0.757964 0.757965 0.757967 0.757969 0.757971 0.757973 0.757975 0.757977 0.757979 0.757981 0.757984 0.757986 0.757988 0.75799 0.757993 0.757995 0.757997 0.757998 0.758 0.758001 0.758003 
0.803262 0.803264 0.803265 0.803266 0.803267 0.803268 0.803269 0.803269 0.803269 0.803269 0.803269 0.803268 0.803267 0.803266 0.803265 0.803263 0.803262 0.80326 0.803258 0.803256 0.803254 0.803251 0.803249 0.803247 0.803244 0.803242 0.80324 0.803238 0.803235 0.803233 0.803231 0.80323 0.803228 0.803227 0.803225 0.803224 0.803224 0.803223 0.803223 0.803223 0.803223 0.803223 0.803224 0.803225 0.803226 0.803227 0.803228 0.80323 0.803232 0.803234 0.803236 0.803238 0.80324 0.803243 0.803245 0.803247 0.80325 0.803252 0.803254 0.803256 0.803258 0.80326 
0.840423 0.840424 0.840426 0.840427 0.840428 0.840429 0.84043 0.840431 0.840432 0.840432 0.840432 0.840432 0.840432 0.840432 0.840431 0.840431 0.84043 0.840429 0.840428 0.840427 0.840425 0.840424 0.840422 0.840421 0.840419 0.840417 0.840415 0.840414 0.840412 0.84041 0.840408 0.840407 0.840405 0.840404 0.840403 0.840401 0.8404 0.840399 0.840399 0.840398 0.840398 0.840398 0.840398 0.840398 0.840398 0.840398 0.840399 0.8404 0.840401 0.840402 0.840403 0.840405 0.840406 0.840408 0.840409 0.840411 0.840413 0.840415 0.840416 0.840418 0.84042 0.840421 
0.869396 0.869396 0.869397 0.869397 0.869398 0.869398 0.869398 0.869398 0.869399 0.869399 0.869399 0.869399 0.869399 0.869399 0.869399 0.869399 0.869398 0.869398 0.869398 0.869398 0.869397 0.869397 0.869396 0.869396 0.869395 0.869395 0.869394 0.869394 0.869393 0.869393 0.869392 0.869392 0.869391 0.869391 0.86939 0.86939 0.86939 0.869389 0.869389 0.869389 0.869389 0.869389 0.869389 0.869389 0.869389 0.869389 0.869389 0.869389 0.869389 0.86939 0.86939 0.86939 0.869391 0.869391 0.869392 0.869392 0.869393 0.869393 0.869394 0.869394 0.869395 0.869395 
0.890125 0.890124 0.890123 0.890122 0.890121 0.890119 0.890118 0.890118 0.890117 0.890116 0.890115 0.890115 0.890114 0.890114 0.890113 0.890113 0.890113 0.890113 0.890113 0.890114 0.890114 0.890115 0.890115 0.890116 0.890117 0.890118 0.890118 0.890119 0.890121 0.890122 0.890123 0.890124 0.890125 0.890126 0.890127 0.890128 0.890129 0.89013 0.890131 0.890132 0.890133 0.890134 0.890134 0.890135 0.890135 0.890136 0.890136 0.890136 0.890136 0.890136 0.890135 0.890135 0.890134 0.890134 0.890133 0.890132 0.890131 0.89013 0.890129 0.890128 0.890127 0.890126 
0.902575 0.902572 0.902569 0.902566 0.902564 0.902561 0.902559 0.902557 0.902555 0.902553 0.902551 0.90255 0.902549 0.902548 0.902547 0.902547 0.902547 0.902547 0.902548 0.902548 0.902549 0.902551 0.902552 0.902554 0.902556 0.902558 0.90256 0.902563 0.902565 0.902568 0.902571 0.902573 0.902576 0.902579 0.902581 0.902584 0.902586 0.902589 0.902591 0.902593 0.902595 0.902596 0.902598 0.902599 0.9026 0.9026 0.902601 0.902601 0.902601 0.9026 0.902599 0.902598 0.902597 0.902596 0.902594 0.902592 0.90259 0.902587 0.902585 0.902582 0.90258 0.902577 
0.906722 0.906718 0.906715 0.906711 0.906708 0.906704 0.906701 0.906699 0.906696 0.906694 0.906692 0.90669 0.906689 0.906688 0.906688 0.906688 0.906688 0.906689 0.90669 0.906691 0.906693 0.906695 0.906698 0.906701 0.906704 0.906707 0.90671 0.906714 0.906717 0.906721 0.906725 0.906729 0.906733 0.906736 0.90674 0.906743 0.906747 0.90675 0.906752 0.906755 0.906757 0.906759 0.906761 0.906762 0.906763 0.906763 0.906763 0.906763 0.906762 0.906761 0.906759 0.906758 0.906755 0.906753 0.90675 0.906747 0.906744 0.906741 0.906737 0.906733 0.90673 0.906726 
0.90256 0.902556 0.902552 0.902549 0.902546 0.902543 0.90254 0.902538 0.902536 0.902535 0.902534 0.902533 0.902533 0.902533 0.902534 0.902535 0.902536 0.902538 0.90254 0.902543 0.902546 0.902549 0.902552 0.902556 0.90256 0.902564 0.902568 0.902572 0.902576 0.90258 0.902584 0.902588 0.902592 0.902596 0.902599 0.902603 0.902606 0.902608 0.90261 0.902612 0.902614 0.902615 0.902615 0.902616 0.902615 0.902615 0.902614 0.902612 0.90261 0.902608 0.902606 0.902603 0.9026 0.902596 0.902592 0.902589 0.902585 0.90258 0.902576 0.902572 0.902568 0.902564 
0.890096 0.890093 0.890091 0.890089 0.890087 0.890086 0.890085 0.890084 0.890084 0.890085 0.890085 0.890087 0.890088 0.89009 0.890092 0.890095 0.890098 0.890101 0.890105 0.890108 0.890112 0.890116 0.89012 0.890125 0.890129 0.890133 0.890137 0.890141 0.890144 0.890148 0.890151 0.890154 0.890157 0.890159 0.890161 0.890163 0.890164 0.890165 0.890166 0.890166 0.890165 0.890165 0.890163 0.890162 0.89016 0.890158 0.890155 0.890152 0.890149 0.890145 0.890142 0.890138 0.890134 0.89013 0.890125 0.890121 0.890117 0.890113 0.890109 0.890106 0.890102 0.890099 
0.869355 0.869354 0.869354 0.869355 0.869355 0.869356 0.869358 0.86936 0.869362 0.869365 0.869368 0.869371 0.869374 0.869378 0.869382 0.869386 0.86939 0.869394 0.869398 0.869402 0.869406 0.86941 0.869413 0.869417 0.86942 0.869423 0.869426 0.869428 0.86943 0.869432 0.869433 0.869434 0.869435 0.869435 0.869435 0.869434 0.869433 0.869431 0.869429 0.869427 0.869424 0.869421 0.869418 0.869415 0.869411 0.869407 0.869404 0.869399 0.869395 0.869391 0.869387 0.869383 0.869379 0.869376 0.869372 0.869369 0.869366 0.869363 0.869361 0.869359 0.869357 0.869356 
0.840379 0.840381 0.840383 0.840386 0.840389 0.840392 0.840396 0.8404 0.840404 0.840408 0.840412 0.840416 0.84042 0.840425 0.840429 0.840433 0.840436 0.84044 0.840443 0.840446 0.840449 0.840451 0.840453 0.840455 0.840456 0.840457 0.840457 0.840457 0.840457 0.840456 0.840455 0.840453 0.840451 0.840448 0.840446 0.840443 0.840439 0.840436 0.840432 0.840428 0.840424 0.84042 0.840416 0.840411 0.840407 0.840403 0.840399 0.840395 0.840392 0.840389 0.840386 0.840383 0.84038 0.840378 0.840377 0.840376 0.840375 0.840374 0.840375 0.840375 0.840376 0.840377 
0.803227 0.803231 0.803235 0.803239 0.803243 0.803247 0.803251 0.803255 0.803259 0.803263 0.803267 0.803271 0.803274 0.803277 0.80328 0.803282 0.803284 0.803286 0.803287 0.803288 0.803288 0.803288 0.803288 0.803287 0.803286 0.803284 0.803282 0.80328 0.803277 0.803274 0.80327 0.803267 0.803263 0.803259 0.803255 0.803251 0.803247 0.803243 0.803238 0.803234 0.80323 0.803227 0.803223 0.80322 0.803217 0.803214 0.803212 0.80321 0.803208 0.803207 0.803206 0.803206 0.803206 0.803206 0.803207 0.803208 0.80321 0.803212 0.803215 0.803217 0.80322 0.803224 
0.757987 0.757991 0.757994 0.757998 0.758001 0.758005 0.758008 0.758011 0.758013 0.758015 0.758017 0.758019 0.75802 0.758021 0.758021 0.758022 0.758021 0.758021 0.758019 0.758018 0.758016 0.758014 0.758012 0.758009 0.758006 0.758003 0.758 0.757996 0.757992 0.757989 0.757985 0.757981 0.757977 0.757974 0.75797 0.757967 0.757963 0.75796 0.757958 0.757955 0.757953 0.757951 0.757949 0.757948 0.757947 0.757947 0.757947 0.757947 0.757948 0.757949 0.75795 0.757952 0.757954 0.757956 0.757959 0.757962 0.757965 0.757969 0.757972 0.757976 0.75798 0.757983 
0.704798 0.7048 0.704802 0.704804 0.704806 0.704807 0.704808 0.704809 0.704809 0.704809 0.704809 0.704809 0.704808 0.704807 0.704806 0.704804 0.704802 0.7048 0.704798 0.704796 0.704793 0.70479 0.704787 0.704784 0.704781 0.704778 0.704775 0.704772 0.704769 0.704767 0.704764 0.704761 0.704759 0.704757 0.704755 0.704754 0.704752 0.704751 0.70475 0.70475 0.70475 0.70475 0.70475 0.704751 0.704752 0.704753 0.704755 0.704757 0.704759 0.704761 0.704764 0.704766 0.704769 0.704772 0.704775 0.704778 0.704781 0.704784 0.704787 0.70479 0.704793 0.704795 
0.643884 0.643885 0.643885 0.643885 0.643885 0.643885 0.643885 0.643884 0.643883 0.643882 0.643881 0.643879 0.643878 0.643876 0.643874 0.643873 0.643871 0.643869 0.643866 0.643864 0.643862 0.64386 0.643858 0.643856 0.643854 0.643853 0.643851 0.643849 0.643848 0.643847 0.643846 0.643845 0.643845 0.643844 0.643844 0.643844 0.643844 0.643845 0.643845 0.643846 0.643847 0.643849 0.64385 0.643851 0.643853 0.643855 0.643857 0.643859 0.643861 0.643863 0.643865 0.643867 0.643869 0.643871 0.643873 0.643875 0.643877 0.643878 0.64388 0.643881 0.643882 0.643883 
0.575587 0.575587 0.575586 0.575586 0.575585 0.575584 0.575583 0.575582 0.575581 0.57558 0.575579 0.575578 0.575577 0.575576 0.575574 0.575573 0.575572 0.575571 0.57557 0.575569 0.575568 0.575567 0.575566 0.575565 0.575564 0.575564 0.575564 0.575563 0.575563 0.575563 0.575563 0.575563 0.575564 0.575564 0.575565 0.575566 0.575566 0.575567 0.575568 0.575569 0.57557 0.575572 0.575573 0.575574 0.575575 0.575576 0.575578 0.575579 0.57558 0.575581 0.575582 0.575583 0.575584 0.575585 0.575586 0.575586 0.575587 0.575587 0.575587 0.575587 0.575587 0.575587 
0.500384 0.500384 0.500383 0.500383 0.500382 0.500382 0.500381 0.500381 0.50038 0.500379 0.500379 0.500378 0.500378 0.500377 0.500377 0.500376 0.500376 0.500376 0.500375 0.500375 0.500375 0.500375 0.500374 0.500374 0.500374 0.500375 0.500375 0.500375 0.500375 0.500375 0.500376 0.500376 0.500377 0.500377 0.500377 0.500378 0.500379 0.500379 0.50038 0.50038 0.500381 0.500381 0.500382 0.500383 0.500383 0.500384 0.500384 0.500384 0.500385 0.500385 0.500385 0.500386 0.500386 0.500386 0.500386 0.500386 0.500386 0.500386 0.500385 0.500385 0.500385 0.500385 
0.418906 0.418905 0.418905 0.418905 0.418905 0.418905 0.418905 0.418904 0.418904 0.418904 0.418904 0.418904 0.418904 0.418903 0.418903 0.418903 0.418903 0.418903 0.418903 0.418903 0.418903 0.418903 0.418903 0.418903 0.418903 0.418903 0.418903 0.418904 0.418904 0.418904 0.418904 0.418904 0.418904 0.418905 0.418905 0.418905 0.418905 0.418905 0.418905 0.418906 0.418906 0.418906 0.418906 0.418906 0.418906 0.418906 0.418906 0.418907 0.418907 0.418907 0.418907 0.418907 0.418907 0.418907 0.418906 0.418906 0.418906 0.418906 0.418906 0.418906 0.418906 0.418906 
0.33195 0.33195 0.33195 0.33195 0.33195 0.33195 0.33195 0.33195 0.33195 0.33195 0.33195 0.33195 0.33195 0.33195 0.331949 0.331949 0.331949 0.331949 0.331949 0.331949 0.331949 0.331949 0.331949 0.331949 0.331949 0.331949 0.331949 0.331949 0.331949 0.331949 0.331949 0.331949 0.331949 0.331949 0.331949 0.331949 0.331949 0.331949 0.331949 0.331949 0.331949 0.331949 0.331949 0.331949 0.331949 0.331949 0.331949 0.331949 0.331949 0.33195 0.33195 0.33195 0.33195 0.33195 0.33195 0.33195 0.33195 0.33195 0.33195 0.33195 0.33195 0.33195 
0.240493 0.240493 0.240493 0.240493 0.240493 0.240493 0.240493 0.240493 0.240493 0.240493 0.240493 0.240493 0.240493 0.240493 0.240493 0.240493 0.240493 0.240493 0.240493 0.240493 0.240493 0.240493 0.240492 0.240492 0.240492 0.240492 0.240492 0.240492 0.240492 0.240492 0.240492 0.240492 0.240492 0.240492 0.240492 0.240492 0.240492 0.240492 0.240492 0.240492 0.240492 0.240492 0.240492 0.240492 0.240492 0.240492 0.240492 0.240492 0.240492 0.240493 0.240493 0.240493 0.240493 0.240493 0.240493 0.240493 0.240493 0.240493 0.240493 0.240493 0.240493 0.240493 
0.145681 0.145681 0.145681 0.145681 0.145681 0.145681 0.145681 0.145681 0.145681 0.145681 0.145681 0.145681 0.145681 0.14568 0.14568 0.14568 0.14568 0.14568 0.14568 0.14568 0.14568 0.14568 0.14568 0.14568 0.14568 0.14568 0.14568 0.14568 0.14568 0.145679 0.145679 0.145679 0.145679 0.145679 0.145679 0.145679 0.145679 0.145679 0.145679 0.145679 0.145679 0.14568 0.14568 0.14568 0.14568 0.14568 0.14568 0.14568 0.14568 0.14568 0.14568 0.14568 0.14568 0.14568 0.14568 0.14568 0.14568 0.145681 0.145681 0.145681 0.145681 0.145681 
0.0487942 0.0487943 0.0487943 0.0487943 0.0487943 0.0487943 0.0487943 0.0487943 0.0487943 0.0487943 0.0487943 0.0487943 0.0487943 0.0487942 0.0487942 0.0487942 0.0487941 0.0487941 0.0487941 0.048794 0.048794 0.0487939 0.0487939 0.0487939 0.0487938 0.0487938 0.0487937 0.0487937 0.0487937 0.0487936 0.0487936 0.0487936 0.0487936 0.0487935 0.0487935 0.0487935 0.0487935 0.0487935 0.0487935 0.0487935 0.0487935 0.0487935 0.0487935 0.0487936 0.0487936 0.0487936 0.0487936 0.0487937 0.0487937 0.0487937 0.0487938 0.0487938 0.0487939 0.0487939 0.0487939 0.048794 0.048794 0.0487941 0.0487941 0.0487942 0.0487942 0.0487942 
