0.0636293 0.0636051 0.063581 0.0635572 0.063534 0.0635117 0.0634904 0.0634705 0.063452 0.0634353 0.0634205 0.0634077 0.063397 0.0633886 0.0633826 0.063379 0.0633779 0.0633792 0.063383 0.0633891 0.0633977 0.0634085 0.0634214 0.0634364 0.0634533 0.0634718 0.0634918 0.0635132 0.0635356 0.0635588 0.0635827 0.0636069 0.0636313 0.0636555 0.0636793 0.0637025 0.0637249 0.0637461 0.0637661 0.0637845 0.0638012 0.063816 0.0638288 0.0638395 0.0638479 0.0638539 0.0638575 0.0638586 0.0638573 0.0638535 0.0638474 0.0638388 0.063828 0.0638151 0.0638001 0.0637833 0.0637648 0.0637447 0.0637234 0.0637009 0.0636776 0.0636536 
0.184249 0.184219 0.184189 0.18416 0.184131 0.184103 0.184076 0.184051 0.184027 0.184005 0.183985 0.183968 0.183954 0.183942 0.183933 0.183926 0.183923 0.183923 0.183926 0.183932 0.183941 0.183952 0.183967 0.183983 0.184003 0.184024 0.184048 0.184073 0.1841 0.184128 0.184156 0.184186 0.184216 0.184246 0.184275 0.184304 0.184332 0.184359 0.184384 0.184408 0.18443 0.184449 0.184466 0.184481 0.184493 0.184502 0.184508 0.184511 0.184512 0.184509 0.184503 0.184494 0.184482 0.184468 0.184451 0.184432 0.18441 0.184387 0.184362 0.184335 0.184307 0.184278 
0.296642 0.296612 0.296583 0.296553 0.296524 0.296495 0.296468 0.296441 0.296416 0.296393 0.296373 0.296354 0.296338 0.296324 0.296313 0.296305 0.2963 0.296298 0.296299 0.296303 0.296309 0.296319 0.296332 0.296347 0.296365 0.296385 0.296407 0.296431 0.296457 0.296484 0.296512 0.296541 0.29657 0.2966 0.29663 0.296659 0.296687 0.296715 0.296741 0.296766 0.296789 0.29681 0.296828 0.296845 0.296858 0.296869 0.296877 0.296882 0.296885 0.296884 0.29688 0.296873 0.296863 0.296851 0.296835 0.296818 0.296798 0.296776 0.296752 0.296726 0.296699 0.296671 
0.400711 0.400682 0.400654 0.400625 0.400596 0.400568 0.400541 0.400515 0.40049 0.400466 0.400445 0.400426 0.400408 0.400394 0.400381 0.400372 0.400365 0.400361 0.40036 0.400362 0.400367 0.400375 0.400385 0.400399 0.400414 0.400432 0.400452 0.400474 0.400498 0.400524 0.40055 0.400578 0.400606 0.400635 0.400664 0.400692 0.40072 0.400747 0.400774 0.400798 0.400822 0.400843 0.400863 0.40088 0.400895 0.400907 0.400916 0.400923 0.400927 0.400928 0.400926 0.400921 0.400913 0.400903 0.40089 0.400874 0.400856 0.400836 0.400814 0.40079 0.400765 0.400738 
0.496451 0.496425 0.496398 0.496371 0.496344 0.496317 0.496291 0.496266 0.496242 0.496219 0.496198 0.496179 0.496161 0.496146 0.496133 0.496123 0.496115 0.49611 0.496107 0.496107 0.49611 0.496116 0.496124 0.496135 0.496148 0.496164 0.496182 0.496201 0.496223 0.496246 0.49627 0.496295 0.496321 0.496348 0.496375 0.496402 0.496429 0.496455 0.49648 0.496504 0.496527 0.496548 0.496567 0.496585 0.4966 0.496613 0.496623 0.496631 0.496636 0.496639 0.496638 0.496636 0.49663 0.496622 0.496611 0.496598 0.496582 0.496564 0.496545 0.496523 0.4965 0.496476 
0.583861 0.583838 0.583814 0.58379 0.583766 0.583742 0.583719 0.583696 0.583674 0.583653 0.583633 0.583615 0.583598 0.583583 0.583571 0.58356 0.583552 0.583546 0.583542 0.583541 0.583542 0.583545 0.583551 0.583559 0.58357 0.583582 0.583597 0.583613 0.583631 0.583651 0.583672 0.583694 0.583717 0.58374 0.583764 0.583788 0.583812 0.583835 0.583858 0.58388 0.583901 0.583921 0.583939 0.583956 0.58397 0.583983 0.583994 0.584002 0.584008 0.584012 0.584013 0.584012 0.584009 0.584003 0.583994 0.583984 0.583972 0.583957 0.583941 0.583923 0.583903 0.583882 
0.662938 0.66292 0.662902 0.662882 0.662863 0.662843 0.662824 0.662805 0.662786 0.662768 0.662752 0.662736 0.662721 0.662708 0.662697 0.662687 0.662678 0.662672 0.662668 0.662665 0.662664 0.662666 0.662669 0.662675 0.662682 0.662691 0.662701 0.662714 0.662727 0.662742 0.662759 0.662776 0.662794 0.662813 0.662832 0.662851 0.662871 0.66289 0.662909 0.662927 0.662945 0.662962 0.662978 0.662992 0.663005 0.663017 0.663027 0.663035 0.663041 0.663046 0.663048 0.663049 0.663048 0.663044 0.663039 0.663032 0.663023 0.663012 0.663 0.662986 0.662971 0.662955 
0.733683 0.733671 0.733659 0.733646 0.733633 0.733619 0.733606 0.733593 0.733579 0.733567 0.733554 0.733543 0.733532 0.733522 0.733512 0.733504 0.733497 0.733491 0.733487 0.733483 0.733481 0.73348 0.733481 0.733483 0.733487 0.733491 0.733497 0.733504 0.733512 0.733522 0.733532 0.733543 0.733554 0.733567 0.733579 0.733593 0.733606 0.733619 0.733633 0.733646 0.733658 0.733671 0.733682 0.733693 0.733703 0.733713 0.733721 0.733728 0.733734 0.733738 0.733742 0.733744 0.733744 0.733744 0.733742 0.733738 0.733734 0.733728 0.733721 0.733713 0.733704 0.733694 
0.796093 0.796089 0.796085 0.79608 0.796075 0.796069 0.796064 0.796058 0.796052 0.796046 0.79604 0.796034 0.796028 0.796022 0.796016 0.796011 0.796006 0.796002 0.795997 0.795994 0.795991 0.795988 0.795986 0.795985 0.795984 0.795983 0.795984 0.795985 0.795986 0.795989 0.795991 0.795995 0.795998 0.796003 0.796007 0.796012 0.796018 0.796023 0.796029 0.796035 0.796041 0.796047 0.796053 0.796059 0.796065 0.79607 0.796076 0.796081 0.796085 0.796089 0.796093 0.796096 0.796099 0.796101 0.796102 0.796103 0.796103 0.796103 0.796102 0.796101 0.796098 0.796096 
0.850169 0.850175 0.85018 0.850185 0.850189 0.850193 0.850197 0.8502 0.850203 0.850205 0.850207 0.850208 0.850208 0.850208 0.850207 0.850206 0.850204 0.850202 0.850199 0.850195 0.850191 0.850187 0.850182 0.850177 0.850172 0.850166 0.850161 0.850155 0.850149 0.850143 0.850137 0.850132 0.850126 0.850121 0.850116 0.850112 0.850107 0.850104 0.8501 0.850098 0.850096 0.850094 0.850093 0.850092 0.850093 0.850093 0.850095 0.850096 0.850099 0.850102 0.850105 0.850109 0.850114 0.850118 0.850123 0.850129 0.850134 0.85014 0.850146 0.850152 0.850158 0.850163 
0.895914 0.89593 0.895945 0.895961 0.895976 0.89599 0.896004 0.896018 0.89603 0.896042 0.896052 0.896061 0.896069 0.896075 0.89608 0.896084 0.896086 0.896086 0.896085 0.896082 0.896078 0.896072 0.896065 0.896056 0.896046 0.896035 0.896023 0.89601 0.895997 0.895982 0.895967 0.895952 0.895937 0.895921 0.895906 0.895891 0.895876 0.895862 0.895849 0.895836 0.895825 0.895814 0.895805 0.895798 0.895791 0.895786 0.895783 0.895781 0.89578 0.895782 0.895784 0.895789 0.895794 0.895802 0.89581 0.89582 0.895831 0.895843 0.895856 0.89587 0.895884 0.895899 
0.933332 0.933357 0.933383 0.933409 0.933435 0.93346 0.933485 0.933508 0.933531 0.933552 0.933571 0.933589 0.933605 0.933618 0.933629 0.933638 0.933644 0.933647 0.933648 0.933646 0.933642 0.933635 0.933626 0.933614 0.9336 0.933584 0.933565 0.933545 0.933524 0.933501 0.933477 0.933452 0.933427 0.933401 0.933375 0.933349 0.933324 0.933299 0.933276 0.933253 0.933232 0.933213 0.933195 0.93318 0.933166 0.933155 0.933147 0.933141 0.933137 0.933136 0.933138 0.933142 0.933149 0.933159 0.93317 0.933184 0.933201 0.933219 0.933239 0.93326 0.933283 0.933307 
0.962425 0.96246 0.962495 0.962531 0.962567 0.962602 0.962637 0.96267 0.962702 0.962732 0.96276 0.962785 0.962808 0.962828 0.962845 0.962858 0.962868 0.962875 0.962878 0.962878 0.962873 0.962866 0.962855 0.96284 0.962822 0.962801 0.962778 0.962752 0.962723 0.962693 0.96266 0.962627 0.962592 0.962557 0.962521 0.962486 0.96245 0.962416 0.962383 0.962351 0.962321 0.962293 0.962268 0.962245 0.962225 0.962208 0.962195 0.962185 0.962178 0.962175 0.962175 0.96218 0.962187 0.962198 0.962213 0.962231 0.962251 0.962275 0.962301 0.962329 0.96236 0.962392 
0.983202 0.983244 0.983287 0.983331 0.983375 0.983418 0.98346 0.983502 0.983541 0.983578 0.983613 0.983645 0.983674 0.983699 0.983721 0.983739 0.983752 0.983761 0.983766 0.983767 0.983763 0.983755 0.983742 0.983726 0.983705 0.983681 0.983653 0.983622 0.983588 0.983551 0.983512 0.983471 0.983429 0.983387 0.983343 0.9833 0.983256 0.983214 0.983173 0.983134 0.983097 0.983062 0.98303 0.983001 0.982976 0.982954 0.982936 0.982923 0.982913 0.982908 0.982908 0.982912 0.98292 0.982932 0.982949 0.98297 0.982994 0.983022 0.983053 0.983087 0.983123 0.983162 
0.995666 0.995713 0.995761 0.995809 0.995858 0.995907 0.995955 0.996001 0.996045 0.996087 0.996127 0.996163 0.996196 0.996225 0.996249 0.99627 0.996286 0.996297 0.996303 0.996305 0.996301 0.996293 0.996279 0.996261 0.996239 0.996212 0.996181 0.996147 0.996109 0.996069 0.996026 0.995981 0.995934 0.995886 0.995837 0.995789 0.99574 0.995693 0.995647 0.995602 0.99556 0.995521 0.995485 0.995452 0.995423 0.995398 0.995378 0.995362 0.995351 0.995345 0.995343 0.995347 0.995355 0.995369 0.995387 0.995409 0.995436 0.995466 0.9955 0.995538 0.995578 0.995621 
0.999821 0.999869 0.999919 0.99997 1.00002 1.00007 1.00012 1.00017 1.00021 1.00026 1.0003 1.00034 1.00037 1.0004 1.00043 1.00045 1.00047 1.00048 1.00048 1.00049 1.00048 1.00047 1.00046 1.00044 1.00042 1.00039 1.00036 1.00032 1.00028 1.00024 1.0002 1.00015 1.0001 1.00005 1 0.999953 0.999903 0.999853 0.999805 0.999759 0.999716 0.999675 0.999637 0.999603 0.999573 0.999547 0.999525 0.999509 0.999497 0.99949 0.999488 0.999492 0.9995 0.999514 0.999532 0.999555 0.999583 0.999614 0.99965 0.999688 0.99973 0.999775 
0.995666 0.995713 0.995761 0.99581 0.995859 0.995907 0.995955 0.996001 0.996046 0.996088 0.996127 0.996163 0.996196 0.996225 0.99625 0.99627 0.996286 0.996297 0.996304 0.996305 0.996302 0.996293 0.99628 0.996262 0.99624 0.996213 0.996182 0.996148 0.99611 0.99607 0.996027 0.995981 0.995935 0.995887 0.995838 0.995789 0.995741 0.995694 0.995647 0.995603 0.995561 0.995522 0.995486 0.995453 0.995424 0.995399 0.995379 0.995363 0.995351 0.995345 0.995344 0.995347 0.995356 0.995369 0.995387 0.995409 0.995436 0.995466 0.995501 0.995538 0.995579 0.995622 
0.983203 0.983245 0.983288 0.983332 0.983375 0.983419 0.983461 0.983502 0.983542 0.983579 0.983614 0.983646 0.983675 0.9837 0.983722 0.98374 0.983753 0.983763 0.983768 0.983768 0.983764 0.983756 0.983744 0.983727 0.983707 0.983682 0.983654 0.983623 0.983589 0.983553 0.983514 0.983473 0.983431 0.983388 0.983345 0.983301 0.983258 0.983216 0.983175 0.983135 0.983098 0.983063 0.983031 0.983002 0.982977 0.982955 0.982938 0.982924 0.982915 0.98291 0.982909 0.982913 0.982921 0.982933 0.98295 0.98297 0.982995 0.983023 0.983054 0.983088 0.983124 0.983163 
0.962427 0.962461 0.962497 0.962532 0.962568 0.962603 0.962638 0.962671 0.962703 0.962733 0.962761 0.962786 0.962809 0.962829 0.962846 0.96286 0.96287 0.962877 0.96288 0.962879 0.962875 0.962867 0.962856 0.962842 0.962824 0.962803 0.96278 0.962753 0.962725 0.962694 0.962662 0.962629 0.962594 0.962559 0.962523 0.962487 0.962452 0.962418 0.962385 0.962353 0.962323 0.962295 0.96227 0.962247 0.962227 0.96221 0.962196 0.962186 0.962179 0.962176 0.962177 0.962181 0.962188 0.9622 0.962214 0.962232 0.962253 0.962276 0.962302 0.962331 0.962361 0.962393 
0.933333 0.933359 0.933385 0.933411 0.933436 0.933462 0.933486 0.93351 0.933533 0.933554 0.933573 0.933591 0.933606 0.93362 0.933631 0.933639 0.933646 0.933649 0.93365 0.933648 0.933644 0.933637 0.933628 0.933616 0.933602 0.933586 0.933567 0.933547 0.933526 0.933503 0.933479 0.933454 0.933429 0.933403 0.933377 0.933351 0.933326 0.933301 0.933277 0.933255 0.933234 0.933215 0.933197 0.933181 0.933168 0.933157 0.933148 0.933142 0.933139 0.933138 0.933139 0.933144 0.933151 0.93316 0.933172 0.933186 0.933202 0.93322 0.93324 0.933262 0.933284 0.933308 
0.895916 0.895932 0.895947 0.895963 0.895978 0.895993 0.896007 0.89602 0.896032 0.896044 0.896054 0.896063 0.896071 0.896078 0.896083 0.896086 0.896088 0.896088 0.896087 0.896084 0.89608 0.896074 0.896067 0.896058 0.896048 0.896037 0.896025 0.896012 0.895998 0.895984 0.895969 0.895954 0.895938 0.895923 0.895907 0.895892 0.895878 0.895863 0.89585 0.895838 0.895826 0.895816 0.895807 0.895799 0.895792 0.895787 0.895784 0.895782 0.895782 0.895783 0.895786 0.89579 0.895796 0.895803 0.895812 0.895822 0.895833 0.895845 0.895858 0.895872 0.895886 0.895901 
0.850172 0.850177 0.850182 0.850187 0.850192 0.850196 0.8502 0.850203 0.850206 0.850208 0.850209 0.85021 0.850211 0.850211 0.85021 0.850208 0.850206 0.850204 0.850201 0.850197 0.850193 0.850189 0.850184 0.850179 0.850173 0.850168 0.850162 0.850156 0.85015 0.850144 0.850138 0.850133 0.850127 0.850122 0.850117 0.850112 0.850108 0.850104 0.850101 0.850098 0.850096 0.850095 0.850094 0.850093 0.850093 0.850094 0.850096 0.850098 0.8501 0.850103 0.850107 0.850111 0.850115 0.85012 0.850125 0.85013 0.850136 0.850142 0.850148 0.850154 0.85016 0.850166 
0.796096 0.796092 0.796088 0.796083 0.796078 0.796073 0.796067 0.796061 0.796055 0.796049 0.796043 0.796037 0.796031 0.796025 0.796019 0.796014 0.796008 0.796004 0.795999 0.795996 0.795992 0.795989 0.795987 0.795986 0.795985 0.795984 0.795984 0.795985 0.795987 0.795989 0.795991 0.795995 0.795998 0.796002 0.796007 0.796012 0.796017 0.796023 0.796029 0.796035 0.796041 0.796047 0.796053 0.796059 0.796065 0.796071 0.796076 0.796081 0.796086 0.79609 0.796094 0.796097 0.7961 0.796102 0.796104 0.796105 0.796106 0.796105 0.796104 0.796103 0.796101 0.796099 
0.733686 0.733675 0.733662 0.73365 0.733636 0.733623 0.733609 0.733596 0.733583 0.73357 0.733558 0.733546 0.733535 0.733524 0.733515 0.733506 0.733499 0.733493 0.733488 0.733485 0.733482 0.733481 0.733482 0.733484 0.733487 0.733491 0.733497 0.733504 0.733512 0.733521 0.733531 0.733542 0.733553 0.733566 0.733578 0.733591 0.733605 0.733618 0.733631 0.733645 0.733657 0.73367 0.733682 0.733693 0.733703 0.733712 0.733721 0.733728 0.733734 0.733739 0.733743 0.733745 0.733746 0.733745 0.733744 0.733741 0.733736 0.73373 0.733724 0.733716 0.733707 0.733697 
0.662942 0.662924 0.662905 0.662886 0.662867 0.662847 0.662828 0.662808 0.66279 0.662772 0.662755 0.662739 0.662724 0.662711 0.662699 0.662689 0.66268 0.662674 0.662669 0.662666 0.662665 0.662666 0.662669 0.662674 0.662681 0.66269 0.6627 0.662712 0.662726 0.662741 0.662757 0.662774 0.662792 0.66281 0.66283 0.662849 0.662868 0.662888 0.662907 0.662925 0.662943 0.66296 0.662976 0.662991 0.663004 0.663016 0.663026 0.663035 0.663042 0.663046 0.663049 0.66305 0.663049 0.663046 0.663041 0.663034 0.663025 0.663015 0.663003 0.66299 0.662975 0.662959 
0.583865 0.583842 0.583818 0.583794 0.58377 0.583746 0.583723 0.5837 0.583678 0.583656 0.583636 0.583618 0.583601 0.583586 0.583573 0.583562 0.583553 0.583547 0.583543 0.583541 0.583542 0.583545 0.583551 0.583558 0.583569 0.583581 0.583595 0.583611 0.583629 0.583649 0.583669 0.583691 0.583714 0.583737 0.583761 0.583785 0.583809 0.583832 0.583855 0.583878 0.583899 0.583919 0.583937 0.583954 0.583969 0.583982 0.583993 0.584002 0.584008 0.584012 0.584014 0.584013 0.58401 0.584004 0.583997 0.583986 0.583974 0.58396 0.583944 0.583926 0.583907 0.583886 
0.496455 0.496429 0.496402 0.496375 0.496348 0.496322 0.496295 0.49627 0.496246 0.496223 0.496201 0.496182 0.496164 0.496148 0.496135 0.496124 0.496116 0.496111 0.496108 0.496107 0.49611 0.496115 0.496123 0.496134 0.496147 0.496162 0.496179 0.496199 0.49622 0.496243 0.496267 0.496292 0.496318 0.496345 0.496372 0.496398 0.496425 0.496451 0.496477 0.496501 0.496524 0.496545 0.496565 0.496583 0.496598 0.496611 0.496622 0.49663 0.496636 0.496639 0.496639 0.496637 0.496631 0.496623 0.496613 0.4966 0.496585 0.496567 0.496548 0.496527 0.496504 0.49648 
0.400715 0.400687 0.400658 0.400629 0.400601 0.400572 0.400545 0.400518 0.400493 0.40047 0.400448 0.400428 0.400411 0.400396 0.400383 0.400373 0.400366 0.400362 0.40036 0.400362 0.400366 0.400374 0.400384 0.400397 0.400412 0.40043 0.40045 0.400471 0.400495 0.40052 0.400547 0.400574 0.400602 0.400631 0.40066 0.400688 0.400716 0.400744 0.40077 0.400795 0.400819 0.400841 0.40086 0.400878 0.400893 0.400906 0.400915 0.400923 0.400927 0.400928 0.400927 0.400922 0.400915 0.400905 0.400892 0.400877 0.400859 0.400839 0.400817 0.400794 0.400769 0.400742 
0.296646 0.296617 0.296587 0.296557 0.296528 0.296499 0.296471 0.296445 0.29642 0.296397 0.296375 0.296356 0.29634 0.296326 0.296314 0.296306 0.2963 0.296298 0.296298 0.296302 0.296308 0.296318 0.29633 0.296345 0.296362 0.296382 0.296404 0.296427 0.296453 0.29648 0.296508 0.296537 0.296566 0.296596 0.296626 0.296655 0.296684 0.296711 0.296738 0.296763 0.296786 0.296807 0.296826 0.296843 0.296857 0.296868 0.296877 0.296882 0.296885 0.296884 0.296881 0.296874 0.296865 0.296853 0.296838 0.296821 0.296801 0.296779 0.296755 0.29673 0.296703 0.296675 
0.184253 0.184223 0.184193 0.184164 0.184135 0.184106 0.184079 0.184054 0.18403 0.184008 0.183988 0.18397 0.183955 0.183943 0.183934 0.183927 0.183923 0.183923 0.183925 0.183931 0.183939 0.18395 0.183964 0.183981 0.184 0.184021 0.184044 0.184069 0.184096 0.184124 0.184152 0.184182 0.184212 0.184241 0.184271 0.1843 0.184328 0.184355 0.184381 0.184405 0.184427 0.184447 0.184464 0.184479 0.184492 0.184501 0.184508 0.184511 0.184512 0.184509 0.184504 0.184496 0.184484 0.18447 0.184454 0.184435 0.184414 0.18439 0.184365 0.184339 0.184311 0.184282 
0.0636323 0.0636081 0.0635839 0.0635601 0.0635368 0.0635143 0.0634929 0.0634727 0.0634541 0.0634371 0.063422 0.0634089 0.063398 0.0633893 0.063383 0.0633791 0.0633776 0.0633786 0.0633821 0.063388 0.0633963 0.0634068 0.0634195 0.0634343 0.0634509 0.0634693 0.0634891 0.0635104 0.0635327 0.0635559 0.0635797 0.0636039 0.0636283 0.0636526 0.0636765 0.0636998 0.0637223 0.0637437 0.0637638 0.0637825 0.0637994 0.0638145 0.0638276 0.0638385 0.0638472 0.0638535 0.0638575 0.0638589 0.0638579 0.0638544 0.0638485 0.0638403 0.0638298 0.0638171 0.0638023 0.0637857 0.0637674 0.0637475 0.0637263 0.0637039 0.0636807 0.0636566 
