0.0580478 0.058049 0.0580499 0.0580506 0.058051 0.0580512 0.0580511 0.0580508 0.0580501 0.0580493 0.0580482 0.0580468 0.0580453 0.0580435 0.0580416 0.0580395 0.0580372 0.0580348 0.0580323 0.0580298 0.0580272 0.0580246 0.058022 0.0580194 0.0580169 0.0580144 0.0580121 0.0580099 0.0580079 0.0580061 0.0580044 0.058003 0.0580018 0.0580008 0.0580001 0.0579996 0.0579995 0.0579995 0.0579999 0.0580005 0.0580013 0.0580024 0.0580038 0.0580053 0.0580071 0.058009 0.0580111 0.0580134 0.0580158 0.0580182 0.0580208 0.0580234 0.058026 0.0580286 0.0580311 0.0580336 0.058036 0.0580383 0.0580404 0.0580424 0.0580443 0.0580461 
0.172411 0.17242 0.172427 0.172435 0.172441 0.172447 0.172452 0.172456 0.172459 0.172461 0.172462 0.172463 0.172462 0.17246 0.172458 0.172455 0.17245 0.172445 0.17244 0.172433 0.172426 0.172418 0.17241 0.172401 0.172392 0.172383 0.172374 0.172365 0.172355 0.172346 0.172337 0.172329 0.172321 0.172313 0.172306 0.1723 0.172294 0.172289 0.172285 0.172282 0.17228 0.172279 0.172278 0.172279 0.17228 0.172283 0.172286 0.172291 0.172296 0.172301 0.172308 0.172315 0.172323 0.172331 0.17234 0.172348 0.172358 0.172367 0.172376 0.172385 0.172394 0.172403 
0.282025 0.282041 0.282057 0.282073 0.282089 0.282105 0.282121 0.282135 0.282149 0.282162 0.282173 0.282184 0.282193 0.2822 0.282206 0.282211 0.282214 0.282215 0.282215 0.282213 0.282209 0.282204 0.282197 0.282189 0.28218 0.282169 0.282157 0.282144 0.28213 0.282115 0.2821 0.282084 0.282068 0.282051 0.282035 0.282019 0.282004 0.281988 0.281974 0.28196 0.281948 0.281936 0.281926 0.281917 0.281909 0.281903 0.281899 0.281896 0.281894 0.281895 0.281897 0.2819 0.281906 0.281912 0.281921 0.28193 0.281941 0.281953 0.281966 0.28198 0.281995 0.282009 
0.384941 0.384957 0.384975 0.384994 0.385015 0.385036 0.385059 0.385082 0.385106 0.38513 0.385153 0.385176 0.385199 0.385221 0.385242 0.385261 0.385279 0.385295 0.385309 0.385322 0.385332 0.38534 0.385346 0.38535 0.385351 0.385349 0.385346 0.38534 0.385332 0.385321 0.385308 0.385294 0.385278 0.38526 0.38524 0.385219 0.385197 0.385175 0.385152 0.385128 0.385104 0.385081 0.385058 0.385035 0.385013 0.384993 0.384973 0.384956 0.384939 0.384925 0.384913 0.384902 0.384894 0.384889 0.384885 0.384884 0.384886 0.38489 0.384896 0.384904 0.384914 0.384927 
0.480223 0.480227 0.480234 0.480245 0.480258 0.480274 0.480293 0.480314 0.480337 0.480362 0.480389 0.480418 0.480447 0.480477 0.480508 0.480539 0.48057 0.4806 0.48063 0.480659 0.480686 0.480711 0.480735 0.480757 0.480776 0.480793 0.480807 0.480818 0.480826 0.480831 0.480833 0.480832 0.480828 0.48082 0.48081 0.480797 0.480781 0.480762 0.480741 0.480717 0.480692 0.480665 0.480637 0.480607 0.480577 0.480546 0.480515 0.480484 0.480453 0.480424 0.480395 0.480368 0.480342 0.480319 0.480297 0.480278 0.480261 0.480248 0.480237 0.480229 0.480224 0.480222 
0.567517 0.567502 0.56749 0.567482 0.567478 0.567477 0.56748 0.567487 0.567497 0.567511 0.567528 0.567549 0.567572 0.567599 0.567627 0.567658 0.567691 0.567725 0.567761 0.567797 0.567834 0.567871 0.567907 0.567943 0.567978 0.568011 0.568043 0.568073 0.5681 0.568125 0.568146 0.568165 0.56818 0.568192 0.5682 0.568205 0.568205 0.568202 0.568196 0.568185 0.568172 0.568154 0.568134 0.56811 0.568084 0.568055 0.568024 0.567991 0.567956 0.567921 0.567884 0.567847 0.56781 0.567773 0.567737 0.567703 0.567669 0.567637 0.567608 0.567581 0.567557 0.567535 
0.646681 0.646648 0.646619 0.646592 0.646568 0.646547 0.64653 0.646517 0.646508 0.646502 0.646501 0.646504 0.646511 0.646522 0.646537 0.646555 0.646577 0.646602 0.646631 0.646662 0.646695 0.646731 0.646768 0.646807 0.646846 0.646886 0.646926 0.646966 0.647005 0.647043 0.64708 0.647115 0.647147 0.647177 0.647204 0.647228 0.647249 0.647266 0.647279 0.647289 0.647294 0.647295 0.647293 0.647286 0.647275 0.64726 0.647242 0.64722 0.647194 0.647166 0.647134 0.647101 0.647065 0.647028 0.646989 0.646949 0.646909 0.646868 0.646828 0.646789 0.646751 0.646715 
0.717612 0.717572 0.717533 0.717495 0.717458 0.717424 0.717391 0.717362 0.717335 0.717312 0.717292 0.717275 0.717263 0.717255 0.71725 0.71725 0.717254 0.717262 0.717273 0.717289 0.717308 0.717331 0.717357 0.717386 0.717418 0.717452 0.717488 0.717526 0.717565 0.717605 0.717645 0.717685 0.717725 0.717764 0.717802 0.717839 0.717873 0.717905 0.717935 0.717962 0.717985 0.718005 0.718021 0.718034 0.718042 0.718047 0.718047 0.718044 0.718036 0.718024 0.718008 0.717989 0.717966 0.71794 0.717911 0.717879 0.717844 0.717808 0.71777 0.717731 0.717691 0.717651 
0.780216 0.780181 0.780144 0.780107 0.780069 0.780032 0.779995 0.779959 0.779924 0.77989 0.779859 0.77983 0.779803 0.779779 0.779759 0.779741 0.779727 0.779717 0.779711 0.779708 0.779709 0.779714 0.779723 0.779735 0.779751 0.77977 0.779792 0.779817 0.779845 0.779876 0.779908 0.779942 0.779977 0.780014 0.780051 0.780089 0.780126 0.780163 0.780199 0.780234 0.780267 0.780298 0.780327 0.780354 0.780377 0.780398 0.780416 0.78043 0.78044 0.780447 0.780449 0.780449 0.780444 0.780435 0.780423 0.780407 0.780388 0.780366 0.78034 0.780312 0.780282 0.78025 
0.834431 0.834408 0.834384 0.834357 0.834329 0.834299 0.834268 0.834236 0.834204 0.834171 0.834139 0.834107 0.834075 0.834045 0.834017 0.83399 0.833965 0.833943 0.833923 0.833905 0.833891 0.83388 0.833871 0.833866 0.833865 0.833866 0.833871 0.833879 0.83389 0.833905 0.833922 0.833942 0.833964 0.833989 0.834015 0.834043 0.834073 0.834104 0.834136 0.834168 0.8342 0.834233 0.834265 0.834295 0.834325 0.834354 0.83438 0.834405 0.834428 0.834448 0.834465 0.83448 0.834491 0.8345 0.834505 0.834507 0.834505 0.8345 0.834492 0.834481 0.834467 0.83445 
0.880233 0.880227 0.880219 0.880208 0.880195 0.880179 0.880162 0.880142 0.880121 0.880098 0.880073 0.880048 0.880022 0.879995 0.879968 0.879941 0.879914 0.879888 0.879862 0.879838 0.879815 0.879794 0.879774 0.879756 0.879741 0.879728 0.879718 0.87971 0.879704 0.879702 0.879702 0.879705 0.87971 0.879719 0.879729 0.879743 0.879758 0.879776 0.879796 0.879817 0.87984 0.879864 0.879889 0.879916 0.879942 0.879969 0.879996 0.880023 0.880049 0.880074 0.880098 0.880121 0.880143 0.880162 0.88018 0.880195 0.880208 0.880219 0.880227 0.880233 0.880235 0.880235 
0.917637 0.917647 0.917654 0.91766 0.917663 0.917664 0.917662 0.917658 0.917651 0.917642 0.917631 0.917618 0.917603 0.917586 0.917567 0.917547 0.917526 0.917504 0.917481 0.917457 0.917433 0.917409 0.917385 0.917362 0.917339 0.917318 0.917297 0.917278 0.91726 0.917244 0.91723 0.917218 0.917208 0.9172 0.917195 0.917192 0.917191 0.917193 0.917197 0.917204 0.917213 0.917224 0.917237 0.917252 0.917269 0.917287 0.917307 0.917328 0.917351 0.917373 0.917397 0.917421 0.917445 0.917468 0.917492 0.917515 0.917536 0.917557 0.917576 0.917594 0.91761 0.917625 
0.946677 0.946699 0.946719 0.946738 0.946755 0.94677 0.946782 0.946793 0.946801 0.946807 0.94681 0.946811 0.946809 0.946804 0.946797 0.946788 0.946776 0.946762 0.946746 0.946728 0.946709 0.946688 0.946665 0.946642 0.946618 0.946593 0.946567 0.946542 0.946517 0.946493 0.946469 0.946446 0.946424 0.946404 0.946385 0.946368 0.946354 0.946341 0.94633 0.946322 0.946317 0.946314 0.946313 0.946315 0.94632 0.946327 0.946336 0.946348 0.946362 0.946378 0.946396 0.946415 0.946436 0.946458 0.946482 0.946506 0.946531 0.946556 0.946581 0.946606 0.946631 0.946655 
0.967391 0.96742 0.967449 0.967476 0.967503 0.967528 0.967552 0.967574 0.967594 0.967612 0.967627 0.967639 0.967649 0.967656 0.96766 0.967661 0.967659 0.967654 0.967646 0.967636 0.967623 0.967607 0.967589 0.967568 0.967546 0.967521 0.967495 0.967468 0.96744 0.967412 0.967382 0.967353 0.967324 0.967296 0.967268 0.967241 0.967216 0.967192 0.96717 0.96715 0.967133 0.967118 0.967105 0.967096 0.967089 0.967085 0.967084 0.967086 0.967091 0.967099 0.967109 0.967123 0.967139 0.967157 0.967177 0.9672 0.967224 0.96725 0.967277 0.967305 0.967333 0.967362 
0.979808 0.979841 0.979873 0.979906 0.979939 0.97997 0.980001 0.98003 0.980057 0.980082 0.980105 0.980125 0.980143 0.980158 0.980169 0.980178 0.980183 0.980185 0.980183 0.980179 0.980171 0.980159 0.980145 0.980128 0.980107 0.980085 0.98006 0.980033 0.980004 0.979974 0.979942 0.97991 0.979877 0.979844 0.979811 0.979778 0.979747 0.979716 0.979687 0.97966 0.979635 0.979612 0.979592 0.979574 0.97956 0.979548 0.97954 0.979535 0.979533 0.979535 0.97954 0.979548 0.979559 0.979574 0.979591 0.979611 0.979634 0.979659 0.979686 0.979714 0.979745 0.979776 
0.983945 0.983979 0.984013 0.984048 0.984082 0.984116 0.984149 0.98418 0.98421 0.984238 0.984264 0.984287 0.984308 0.984325 0.98434 0.984351 0.984359 0.984363 0.984364 0.984361 0.984355 0.984345 0.984332 0.984316 0.984297 0.984275 0.98425 0.984224 0.984194 0.984164 0.984131 0.984098 0.984064 0.984029 0.983994 0.98396 0.983926 0.983893 0.983861 0.983832 0.983804 0.983778 0.983755 0.983734 0.983717 0.983703 0.983692 0.983684 0.98368 0.983679 0.983682 0.983688 0.983698 0.983711 0.983727 0.983746 0.983769 0.983793 0.98382 0.983849 0.98388 0.983912 
0.979808 0.979842 0.979875 0.979909 0.979942 0.979974 0.980005 0.980035 0.980063 0.980088 0.980112 0.980132 0.98015 0.980165 0.980177 0.980186 0.980191 0.980193 0.980191 0.980186 0.980178 0.980166 0.980151 0.980134 0.980113 0.98009 0.980064 0.980037 0.980007 0.979976 0.979944 0.979911 0.979877 0.979843 0.97981 0.979777 0.979744 0.979713 0.979684 0.979656 0.97963 0.979607 0.979586 0.979568 0.979553 0.979542 0.979533 0.979528 0.979526 0.979528 0.979533 0.979542 0.979553 0.979568 0.979586 0.979607 0.97963 0.979656 0.979683 0.979713 0.979744 0.979776 
0.967394 0.967424 0.967454 0.967484 0.967512 0.967539 0.967564 0.967587 0.967608 0.967626 0.967642 0.967655 0.967665 0.967673 0.967677 0.967678 0.967676 0.967671 0.967663 0.967651 0.967637 0.967621 0.967601 0.96758 0.967556 0.967531 0.967503 0.967475 0.967445 0.967415 0.967384 0.967353 0.967322 0.967292 0.967263 0.967235 0.967208 0.967183 0.96716 0.967139 0.96712 0.967105 0.967091 0.967081 0.967074 0.96707 0.967069 0.967071 0.967076 0.967085 0.967096 0.96711 0.967127 0.967146 0.967168 0.967192 0.967217 0.967244 0.967273 0.967303 0.967333 0.967363 
0.946686 0.946711 0.946733 0.946754 0.946773 0.94679 0.946805 0.946817 0.946826 0.946833 0.946837 0.946839 0.946837 0.946833 0.946826 0.946816 0.946803 0.946788 0.946771 0.946752 0.946731 0.946708 0.946683 0.946657 0.946631 0.946603 0.946575 0.946548 0.94652 0.946492 0.946466 0.94644 0.946416 0.946393 0.946372 0.946353 0.946336 0.946321 0.946309 0.9463 0.946293 0.946289 0.946288 0.94629 0.946294 0.946301 0.946311 0.946324 0.946339 0.946356 0.946375 0.946396 0.946419 0.946444 0.94647 0.946496 0.946524 0.946552 0.946579 0.946607 0.946634 0.946661 
0.917658 0.917672 0.917683 0.917691 0.917697 0.9177 0.9177 0.917697 0.917692 0.917684 0.917673 0.91766 0.917645 0.917627 0.917607 0.917586 0.917562 0.917538 0.917512 0.917486 0.917458 0.917431 0.917403 0.917376 0.917349 0.917324 0.917299 0.917275 0.917253 0.917233 0.917215 0.917199 0.917186 0.917175 0.917167 0.917161 0.917158 0.917158 0.91716 0.917166 0.917174 0.917184 0.917198 0.917213 0.917231 0.917251 0.917272 0.917296 0.91732 0.917346 0.917372 0.9174 0.917427 0.917454 0.917482 0.917508 0.917534 0.917559 0.917583 0.917605 0.917625 0.917643 
0.880274 0.880272 0.880267 0.880259 0.880249 0.880235 0.880219 0.8802 0.880178 0.880155 0.88013 0.880103 0.880075 0.880045 0.880015 0.879984 0.879954 0.879923 0.879893 0.879864 0.879835 0.879809 0.879783 0.87976 0.879739 0.87972 0.879704 0.879691 0.87968 0.879673 0.879668 0.879667 0.879668 0.879673 0.879681 0.879692 0.879706 0.879722 0.879741 0.879762 0.879786 0.879811 0.879838 0.879866 0.879896 0.879926 0.879956 0.879987 0.880017 0.880047 0.880077 0.880105 0.880132 0.880157 0.88018 0.880201 0.88022 0.880236 0.88025 0.88026 0.880268 0.880273 
0.834496 0.834477 0.834455 0.83443 0.834402 0.834372 0.834341 0.834308 0.834273 0.834238 0.834202 0.834166 0.83413 0.834095 0.834061 0.834028 0.833997 0.833968 0.83394 0.833916 0.833894 0.833875 0.83386 0.833848 0.833839 0.833834 0.833833 0.833835 0.83384 0.83385 0.833863 0.833879 0.833898 0.83392 0.833945 0.833973 0.834003 0.834034 0.834067 0.834102 0.834137 0.834173 0.834209 0.834244 0.834279 0.834314 0.834346 0.834378 0.834407 0.834434 0.834458 0.83448 0.834499 0.834515 0.834527 0.834536 0.834541 0.834542 0.83454 0.834534 0.834525 0.834512 
0.780303 0.780268 0.780231 0.780193 0.780153 0.780113 0.780072 0.780032 0.779991 0.779952 0.779914 0.779878 0.779844 0.779812 0.779783 0.779758 0.779735 0.779716 0.779701 0.779689 0.779682 0.779679 0.77968 0.779685 0.779694 0.779707 0.779723 0.779744 0.779768 0.779795 0.779825 0.779858 0.779893 0.77993 0.779968 0.780008 0.780048 0.780089 0.780129 0.780169 0.780208 0.780246 0.780282 0.780316 0.780348 0.780377 0.780403 0.780426 0.780445 0.78046 0.780471 0.780479 0.780482 0.780481 0.780476 0.780467 0.780454 0.780437 0.780416 0.780392 0.780365 0.780335 
0.717704 0.717661 0.717618 0.717575 0.717533 0.717492 0.717453 0.717415 0.71738 0.717348 0.717319 0.717293 0.717271 0.717253 0.717239 0.717229 0.717223 0.717222 0.717225 0.717233 0.717245 0.717261 0.717281 0.717305 0.717332 0.717363 0.717396 0.717432 0.717471 0.717511 0.717552 0.717595 0.717638 0.717681 0.717724 0.717767 0.717808 0.717847 0.717884 0.717919 0.717952 0.717981 0.718007 0.718029 0.718047 0.718061 0.718071 0.718077 0.718078 0.718074 0.718067 0.718055 0.718039 0.718018 0.717994 0.717967 0.717936 0.717902 0.717866 0.717828 0.717788 0.717746 
0.646755 0.646715 0.646678 0.646642 0.64661 0.64658 0.646553 0.64653 0.646511 0.646495 0.646484 0.646477 0.646475 0.646476 0.646482 0.646493 0.646507 0.646526 0.646548 0.646574 0.646604 0.646636 0.646671 0.646709 0.646748 0.646789 0.646831 0.646874 0.646917 0.64696 0.647002 0.647043 0.647083 0.64712 0.647156 0.647189 0.647219 0.647246 0.647269 0.647288 0.647303 0.647315 0.647321 0.647324 0.647322 0.647316 0.647306 0.647291 0.647272 0.64725 0.647223 0.647194 0.647161 0.647126 0.647088 0.647049 0.647007 0.646965 0.646922 0.64688 0.646837 0.646795 
0.567547 0.567523 0.567502 0.567484 0.56747 0.56746 0.567453 0.567451 0.567453 0.567458 0.567468 0.567481 0.567498 0.567519 0.567543 0.56757 0.5676 0.567632 0.567666 0.567703 0.56774 0.567779 0.567818 0.567858 0.567897 0.567936 0.567974 0.568011 0.568046 0.568078 0.568109 0.568136 0.568161 0.568182 0.5682 0.568214 0.568224 0.568231 0.568233 0.568232 0.568226 0.568216 0.568203 0.568185 0.568165 0.568141 0.568113 0.568083 0.568051 0.568016 0.56798 0.567942 0.567903 0.567863 0.567824 0.567784 0.567745 0.567708 0.567671 0.567637 0.567604 0.567574 
0.480201 0.480197 0.480197 0.4802 0.480206 0.480215 0.480228 0.480244 0.480263 0.480284 0.480308 0.480334 0.480363 0.480393 0.480424 0.480456 0.48049 0.480523 0.480557 0.48059 0.480623 0.480654 0.480685 0.480713 0.48074 0.480765 0.480787 0.480807 0.480824 0.480837 0.480848 0.480855 0.480859 0.480859 0.480856 0.48085 0.48084 0.480828 0.480812 0.480793 0.480771 0.480747 0.480721 0.480692 0.480662 0.480631 0.480598 0.480565 0.480531 0.480498 0.480464 0.480432 0.4804 0.48037 0.480341 0.480314 0.48029 0.480268 0.480249 0.480232 0.480219 0.480208 
0.384885 0.384897 0.384912 0.384928 0.384947 0.384967 0.384989 0.385012 0.385037 0.385062 0.385088 0.385114 0.38514 0.385166 0.385191 0.385216 0.385239 0.385262 0.385283 0.385302 0.385319 0.385334 0.385347 0.385358 0.385366 0.385372 0.385375 0.385375 0.385373 0.385368 0.38536 0.38535 0.385338 0.385323 0.385307 0.385288 0.385267 0.385245 0.385222 0.385198 0.385172 0.385146 0.38512 0.385094 0.385068 0.385043 0.385019 0.384995 0.384973 0.384952 0.384933 0.384916 0.384901 0.384888 0.384877 0.384869 0.384864 0.384861 0.384861 0.384863 0.384868 0.384876 
0.281971 0.281988 0.282005 0.282023 0.282041 0.28206 0.282078 0.282096 0.282114 0.282131 0.282148 0.282163 0.282177 0.28219 0.282202 0.282212 0.28222 0.282227 0.282232 0.282235 0.282236 0.282236 0.282233 0.282229 0.282223 0.282215 0.282206 0.282195 0.282182 0.282169 0.282154 0.282138 0.282121 0.282104 0.282086 0.282067 0.282049 0.282031 0.282012 0.281995 0.281978 0.281962 0.281946 0.281932 0.281919 0.281908 0.281898 0.28189 0.281883 0.281878 0.281875 0.281874 0.281874 0.281877 0.281881 0.281887 0.281895 0.281905 0.281916 0.281928 0.281941 0.281956 
0.172385 0.172396 0.172406 0.172416 0.172426 0.172435 0.172444 0.172451 0.172458 0.172464 0.172469 0.172473 0.172476 0.172477 0.172478 0.172478 0.172476 0.172473 0.17247 0.172465 0.172459 0.172453 0.172445 0.172437 0.172428 0.172419 0.172409 0.172398 0.172388 0.172377 0.172366 0.172355 0.172344 0.172334 0.172324 0.172314 0.172305 0.172297 0.172289 0.172283 0.172277 0.172272 0.172268 0.172265 0.172264 0.172263 0.172263 0.172265 0.172268 0.172271 0.172276 0.172282 0.172288 0.172296 0.172304 0.172313 0.172322 0.172332 0.172342 0.172353 0.172364 0.172374 
0.0580436 0.0580462 0.0580485 0.0580506 0.0580524 0.058054 0.0580552 0.0580562 0.0580568 0.0580571 0.0580571 0.0580567 0.0580561 0.0580551 0.0580537 0.0580522 0.0580503 0.0580482 0.0580458 0.0580432 0.0580405 0.0580376 0.0580345 0.0580314 0.0580282 0.058025 0.0580218 0.0580186 0.0580155 0.0580124 0.0580096 0.0580068 0.0580043 0.058002 0.0579999 0.0579981 0.0579966 0.0579954 0.0579944 0.0579938 0.0579935 0.0579936 0.0579939 0.0579946 0.0579956 0.0579969 0.0579985 0.0580004 0.0580025 0.0580049 0.0580074 0.0580102 0.0580131 0.0580161 0.0580192 0.0580224 0.0580255 0.0580287 0.0580318 0.0580348 0.0580378 0.0580408 
