0.0576463 0.0576478 0.0576492 0.0576503 0.0576513 0.057652 0.0576525 0.0576527 0.0576527 0.0576524 0.0576519 0.0576511 0.0576501 0.0576489 0.0576475 0.0576459 0.0576441 0.0576421 0.05764 0.0576378 0.0576355 0.0576332 0.0576308 0.0576283 0.0576259 0.0576235 0.0576212 0.0576189 0.0576168 0.0576147 0.0576128 0.0576111 0.0576095 0.0576082 0.057607 0.0576061 0.0576054 0.057605 0.0576048 0.0576048 0.0576051 0.0576056 0.0576064 0.0576074 0.0576086 0.05761 0.0576116 0.0576134 0.0576154 0.0576175 0.0576197 0.057622 0.0576243 0.0576267 0.0576291 0.0576315 0.0576339 0.0576362 0.0576384 0.0576405 0.0576425 0.0576444 
0.171292 0.1713 0.171308 0.171315 0.171322 0.171329 0.171335 0.17134 0.171345 0.17135 0.171353 0.171356 0.171358 0.171359 0.171359 0.171359 0.171358 0.171355 0.171353 0.171349 0.171345 0.17134 0.171334 0.171328 0.171322 0.171315 0.171307 0.1713 0.171292 0.171284 0.171276 0.171268 0.17126 0.171252 0.171245 0.171238 0.171231 0.171225 0.17122 0.171215 0.171211 0.171207 0.171205 0.171203 0.171202 0.171201 0.171202 0.171203 0.171205 0.171208 0.171212 0.171216 0.171221 0.171226 0.171233 0.171239 0.171246 0.171253 0.171261 0.171269 0.171277 0.171284 
0.280417 0.28043 0.280442 0.280456 0.28047 0.280484 0.280498 0.280512 0.280526 0.28054 0.280553 0.280566 0.280578 0.280588 0.280598 0.280607 0.280615 0.280621 0.280626 0.28063 0.280632 0.280633 0.280633 0.280631 0.280627 0.280622 0.280616 0.280609 0.2806 0.280591 0.28058 0.280569 0.280556 0.280543 0.28053 0.280516 0.280502 0.280488 0.280474 0.28046 0.280446 0.280433 0.280421 0.280409 0.280398 0.280388 0.280379 0.280372 0.280366 0.280361 0.280357 0.280355 0.280354 0.280354 0.280356 0.28036 0.280365 0.280371 0.280378 0.280387 0.280396 0.280406 
0.383096 0.383103 0.383111 0.383122 0.383134 0.383148 0.383164 0.383181 0.3832 0.383219 0.383239 0.38326 0.383281 0.383303 0.383324 0.383345 0.383366 0.383386 0.383405 0.383423 0.383439 0.383455 0.383468 0.38348 0.38349 0.383498 0.383504 0.383508 0.38351 0.38351 0.383508 0.383503 0.383496 0.383488 0.383477 0.383465 0.38345 0.383435 0.383418 0.383399 0.38338 0.38336 0.383339 0.383318 0.383296 0.383275 0.383254 0.383233 0.383213 0.383194 0.383176 0.38316 0.383144 0.383131 0.383119 0.383109 0.383101 0.383095 0.383091 0.383089 0.38309 0.383092 
0.478331 0.478321 0.478314 0.47831 0.478309 0.47831 0.478314 0.478322 0.478332 0.478345 0.47836 0.478378 0.478398 0.47842 0.478444 0.478469 0.478496 0.478524 0.478552 0.478581 0.47861 0.478639 0.478667 0.478695 0.478721 0.478747 0.47877 0.478792 0.478812 0.47883 0.478845 0.478858 0.478868 0.478875 0.47888 0.478881 0.47888 0.478875 0.478868 0.478858 0.478845 0.47883 0.478812 0.478792 0.47877 0.478746 0.47872 0.478693 0.478666 0.478637 0.478608 0.478579 0.47855 0.478522 0.478494 0.478467 0.478442 0.478418 0.478397 0.478377 0.478359 0.478344 
0.565678 0.565649 0.565622 0.565598 0.565576 0.565557 0.565542 0.56553 0.565521 0.565516 0.565514 0.565516 0.565521 0.565531 0.565543 0.565559 0.565578 0.5656 0.565624 0.565652 0.565681 0.565712 0.565745 0.565779 0.565814 0.565849 0.565885 0.56592 0.565955 0.565988 0.566021 0.566052 0.566081 0.566108 0.566132 0.566154 0.566173 0.566188 0.566201 0.566209 0.566215 0.566216 0.566214 0.566209 0.5662 0.566187 0.566172 0.566152 0.566131 0.566106 0.566079 0.566049 0.566018 0.565985 0.565951 0.565916 0.56588 0.565845 0.565809 0.565775 0.565741 0.565708 
0.644905 0.644866 0.644827 0.644788 0.644751 0.644716 0.644682 0.644651 0.644622 0.644596 0.644574 0.644555 0.644539 0.644528 0.64452 0.644517 0.644517 0.644521 0.64453 0.644542 0.644558 0.644577 0.6446 0.644626 0.644655 0.644687 0.644721 0.644757 0.644794 0.644832 0.644871 0.644911 0.644951 0.64499 0.645028 0.645065 0.6451 0.645134 0.645165 0.645194 0.645219 0.645242 0.645261 0.645276 0.645288 0.645295 0.645299 0.645299 0.645295 0.645286 0.645274 0.645258 0.645239 0.645216 0.64519 0.64516 0.645129 0.645095 0.645059 0.645022 0.644983 0.644944 
0.71585 0.715814 0.715776 0.715737 0.715697 0.715656 0.715615 0.715575 0.715535 0.715497 0.715461 0.715426 0.715394 0.715364 0.715338 0.715314 0.715295 0.715279 0.715266 0.715258 0.715254 0.715254 0.715258 0.715266 0.715279 0.715295 0.715314 0.715337 0.715364 0.715393 0.715425 0.71546 0.715496 0.715534 0.715573 0.715613 0.715654 0.715694 0.715734 0.715773 0.715811 0.715848 0.715882 0.715914 0.715944 0.71597 0.715993 0.716013 0.716029 0.716042 0.71605 0.716054 0.716054 0.71605 0.716042 0.71603 0.716014 0.715995 0.715972 0.715945 0.715916 0.715884 
0.778403 0.778381 0.778356 0.778328 0.778297 0.778265 0.77823 0.778194 0.778157 0.778119 0.77808 0.778042 0.778004 0.777967 0.777931 0.777897 0.777865 0.777835 0.777807 0.777783 0.777761 0.777743 0.777728 0.777717 0.77771 0.777706 0.777707 0.777711 0.777719 0.777731 0.777747 0.777766 0.777788 0.777813 0.777841 0.777871 0.777904 0.777938 0.777974 0.778011 0.778049 0.778087 0.778125 0.778163 0.778199 0.778235 0.778269 0.778301 0.778331 0.778359 0.778383 0.778405 0.778423 0.778438 0.778449 0.778457 0.77846 0.77846 0.778456 0.778448 0.778436 0.778421 
0.832518 0.832514 0.832507 0.832497 0.832484 0.832467 0.832448 0.832426 0.832401 0.832374 0.832346 0.832316 0.832284 0.832252 0.832219 0.832185 0.832152 0.832119 0.832087 0.832056 0.832026 0.831998 0.831972 0.831948 0.831927 0.831908 0.831893 0.83188 0.831871 0.831864 0.831862 0.831862 0.831866 0.831873 0.831884 0.831898 0.831914 0.831934 0.831956 0.83198 0.832007 0.832035 0.832065 0.832097 0.832129 0.832162 0.832195 0.832228 0.832261 0.832293 0.832324 0.832353 0.832381 0.832407 0.832431 0.832452 0.832471 0.832487 0.832499 0.832509 0.832515 0.832518 
0.878211 0.878223 0.878232 0.878239 0.878243 0.878244 0.878242 0.878237 0.87823 0.87822 0.878208 0.878193 0.878175 0.878156 0.878135 0.878112 0.878088 0.878063 0.878036 0.878009 0.877982 0.877954 0.877927 0.8779 0.877874 0.877849 0.877825 0.877803 0.877782 0.877764 0.877747 0.877733 0.877722 0.877713 0.877706 0.877703 0.877702 0.877704 0.877709 0.877716 0.877726 0.877739 0.877754 0.877771 0.87779 0.877811 0.877834 0.877858 0.877884 0.87791 0.877937 0.877964 0.877991 0.878018 0.878045 0.878071 0.878096 0.87812 0.878142 0.878162 0.878181 0.878197 
0.915528 0.915549 0.915568 0.915587 0.915603 0.915618 0.915631 0.915642 0.915651 0.915657 0.915661 0.915663 0.915663 0.91566 0.915654 0.915647 0.915637 0.915625 0.915611 0.915595 0.915578 0.915559 0.915538 0.915517 0.915495 0.915472 0.915448 0.915425 0.915401 0.915378 0.915355 0.915334 0.915313 0.915293 0.915275 0.915259 0.915244 0.915231 0.91522 0.915212 0.915206 0.915202 0.9152 0.915201 0.915204 0.915209 0.915217 0.915227 0.915239 0.915253 0.915268 0.915286 0.915305 0.915325 0.915346 0.915368 0.915391 0.915414 0.915438 0.915461 0.915484 0.915507 
0.944515 0.944539 0.944563 0.944586 0.94461 0.944633 0.944656 0.944678 0.944698 0.944717 0.944735 0.944751 0.944765 0.944777 0.944786 0.944794 0.944799 0.944802 0.944802 0.9448 0.944795 0.944788 0.944779 0.944768 0.944754 0.944739 0.944722 0.944703 0.944683 0.944661 0.944639 0.944616 0.944592 0.944568 0.944544 0.944521 0.944497 0.944475 0.944453 0.944433 0.944414 0.944397 0.944381 0.944367 0.944355 0.944346 0.944338 0.944333 0.944331 0.94433 0.944333 0.944337 0.944344 0.944353 0.944365 0.944378 0.944394 0.944411 0.944429 0.944449 0.944471 0.944493 
0.965206 0.965229 0.965253 0.965278 0.965304 0.965331 0.965358 0.965386 0.965413 0.965441 0.965467 0.965493 0.965517 0.96554 0.965561 0.965581 0.965598 0.965613 0.965625 0.965635 0.965643 0.965647 0.965649 0.965648 0.965644 0.965638 0.965629 0.965617 0.965603 0.965586 0.965567 0.965547 0.965524 0.9655 0.965475 0.965449 0.965422 0.965394 0.965367 0.965339 0.965312 0.965285 0.96526 0.965236 0.965213 0.965192 0.965172 0.965155 0.96514 0.965128 0.965118 0.965111 0.965106 0.965104 0.965105 0.965109 0.965116 0.965125 0.965137 0.965151 0.965167 0.965186 
0.977617 0.977637 0.97766 0.977684 0.977711 0.977739 0.977768 0.977798 0.977829 0.977861 0.977892 0.977923 0.977953 0.977983 0.978011 0.978038 0.978063 0.978086 0.978107 0.978125 0.97814 0.978153 0.978162 0.978169 0.978172 0.978173 0.97817 0.978164 0.978154 0.978142 0.978127 0.978109 0.978089 0.978067 0.978042 0.978015 0.977987 0.977958 0.977927 0.977896 0.977865 0.977834 0.977803 0.977772 0.977743 0.977714 0.977688 0.977663 0.97764 0.977619 0.977601 0.977586 0.977573 0.977564 0.977557 0.977554 0.977554 0.977557 0.977563 0.977572 0.977584 0.977599 
0.981752 0.981771 0.981793 0.981818 0.981844 0.981872 0.981902 0.981934 0.981966 0.981999 0.982032 0.982065 0.982097 0.982129 0.98216 0.98219 0.982217 0.982243 0.982267 0.982288 0.982306 0.982322 0.982334 0.982343 0.982349 0.982352 0.982352 0.982348 0.98234 0.98233 0.982316 0.982299 0.98228 0.982258 0.982233 0.982207 0.982178 0.982148 0.982117 0.982085 0.982052 0.982019 0.981986 0.981953 0.981921 0.98189 0.981861 0.981833 0.981807 0.981784 0.981763 0.981744 0.981729 0.981717 0.981707 0.981701 0.981699 0.9817 0.981704 0.981711 0.981722 0.981735 
0.977612 0.977633 0.977656 0.977681 0.977708 0.977737 0.977767 0.977799 0.97783 0.977863 0.977895 0.977927 0.977958 0.977988 0.978017 0.978045 0.97807 0.978094 0.978115 0.978133 0.978149 0.978162 0.978172 0.978178 0.978181 0.978182 0.978178 0.978172 0.978162 0.97815 0.978134 0.978116 0.978095 0.978072 0.978046 0.978019 0.97799 0.97796 0.977928 0.977896 0.977864 0.977832 0.9778 0.977769 0.977738 0.977709 0.977682 0.977657 0.977633 0.977612 0.977594 0.977578 0.977565 0.977556 0.977549 0.977546 0.977546 0.977549 0.977556 0.977565 0.977578 0.977594 
0.965197 0.965221 0.965246 0.965273 0.965301 0.96533 0.965359 0.965389 0.965418 0.965447 0.965476 0.965503 0.965529 0.965553 0.965576 0.965597 0.965615 0.965631 0.965644 0.965655 0.965662 0.965667 0.965669 0.965668 0.965664 0.965657 0.965647 0.965634 0.965619 0.965601 0.965581 0.965559 0.965535 0.965509 0.965482 0.965454 0.965425 0.965396 0.965366 0.965337 0.965308 0.965279 0.965252 0.965226 0.965202 0.965179 0.965158 0.96514 0.965124 0.965111 0.965101 0.965093 0.965088 0.965086 0.965088 0.965092 0.965099 0.965109 0.965122 0.965137 0.965155 0.965175 
0.944504 0.94453 0.944557 0.944584 0.944611 0.944638 0.944663 0.944688 0.944712 0.944734 0.944754 0.944773 0.944789 0.944803 0.944814 0.944824 0.94483 0.944834 0.944835 0.944833 0.944828 0.944821 0.944811 0.944799 0.944785 0.944768 0.944749 0.944728 0.944706 0.944682 0.944657 0.944631 0.944604 0.944577 0.94455 0.944523 0.944497 0.944471 0.944446 0.944423 0.944401 0.94438 0.944362 0.944346 0.944332 0.94432 0.944311 0.944305 0.944301 0.9443 0.944302 0.944307 0.944314 0.944324 0.944336 0.944351 0.944368 0.944387 0.944407 0.94443 0.944454 0.944478 
0.915521 0.915547 0.915571 0.915594 0.915615 0.915635 0.915652 0.915668 0.91568 0.915691 0.915698 0.915703 0.915705 0.915704 0.915701 0.915694 0.915685 0.915674 0.91566 0.915643 0.915625 0.915604 0.915582 0.915558 0.915533 0.915507 0.91548 0.915453 0.915425 0.915398 0.915371 0.915344 0.915319 0.915294 0.915271 0.91525 0.915231 0.915213 0.915198 0.915185 0.915175 0.915168 0.915163 0.915161 0.915162 0.915166 0.915172 0.915181 0.915193 0.915207 0.915223 0.915242 0.915262 0.915285 0.915308 0.915333 0.915359 0.915386 0.915413 0.915441 0.915468 0.915495 
0.87822 0.878238 0.878254 0.878266 0.878276 0.878283 0.878286 0.878286 0.878283 0.878277 0.878268 0.878255 0.87824 0.878222 0.878202 0.878179 0.878154 0.878127 0.878099 0.878069 0.878039 0.878008 0.877976 0.877944 0.877913 0.877882 0.877853 0.877824 0.877797 0.877772 0.877749 0.877728 0.87771 0.877695 0.877682 0.877672 0.877666 0.877663 0.877663 0.877666 0.877672 0.877681 0.877694 0.877709 0.877727 0.877748 0.877771 0.877795 0.877822 0.877851 0.87788 0.877911 0.877942 0.877973 0.878005 0.878036 0.878067 0.878096 0.878125 0.878152 0.878177 0.8782 
0.832555 0.832559 0.832558 0.832555 0.832547 0.832536 0.832521 0.832503 0.832481 0.832457 0.83243 0.8324 0.832368 0.832335 0.8323 0.832264 0.832227 0.83219 0.832153 0.832116 0.83208 0.832045 0.832012 0.83198 0.831951 0.831924 0.8319 0.831879 0.831861 0.831847 0.831836 0.831828 0.831825 0.831825 0.831829 0.831837 0.831848 0.831863 0.831881 0.831903 0.831927 0.831954 0.831984 0.832016 0.832049 0.832084 0.83212 0.832157 0.832194 0.832231 0.832268 0.832304 0.832338 0.832372 0.832403 0.832432 0.832459 0.832483 0.832504 0.832522 0.832537 0.832548 
0.778476 0.77846 0.77844 0.778417 0.778391 0.778361 0.778328 0.778293 0.778256 0.778217 0.778176 0.778135 0.778093 0.778051 0.77801 0.777969 0.777929 0.777891 0.777856 0.777822 0.777791 0.777763 0.777739 0.777717 0.7777 0.777687 0.777678 0.777673 0.777672 0.777675 0.777683 0.777695 0.777711 0.77773 0.777754 0.77778 0.77781 0.777843 0.777878 0.777915 0.777954 0.777994 0.778035 0.778077 0.778119 0.77816 0.778201 0.77824 0.778278 0.778314 0.778348 0.778379 0.778407 0.778431 0.778452 0.77847 0.778483 0.778492 0.778497 0.778498 0.778495 0.778487 
0.715954 0.71592 0.715884 0.715845 0.715805 0.715763 0.715719 0.715675 0.715631 0.715587 0.715544 0.715502 0.715462 0.715423 0.715387 0.715354 0.715324 0.715297 0.715274 0.715255 0.71524 0.715229 0.715223 0.715221 0.715223 0.71523 0.715242 0.715257 0.715277 0.7153 0.715328 0.715358 0.715392 0.715428 0.715467 0.715507 0.715549 0.715592 0.715636 0.71568 0.715724 0.715767 0.715809 0.715849 0.715888 0.715924 0.715957 0.715987 0.716014 0.716037 0.716056 0.716071 0.716082 0.716088 0.71609 0.716088 0.716081 0.71607 0.716054 0.716034 0.716011 0.715984 
0.645014 0.644972 0.64493 0.644887 0.644844 0.644802 0.644761 0.644721 0.644684 0.644648 0.644616 0.644586 0.64456 0.644537 0.644518 0.644503 0.644493 0.644486 0.644484 0.644487 0.644493 0.644504 0.644519 0.644538 0.644561 0.644588 0.644617 0.64465 0.644685 0.644723 0.644763 0.644804 0.644846 0.644889 0.644932 0.644974 0.645016 0.645057 0.645097 0.645134 0.64517 0.645202 0.645232 0.645258 0.645281 0.6453 0.645315 0.645325 0.645332 0.645334 0.645331 0.645325 0.645314 0.645299 0.645279 0.645256 0.64523 0.6452 0.645167 0.645132 0.645094 0.645055 
0.565756 0.56572 0.565685 0.565652 0.565621 0.565592 0.565567 0.565544 0.565525 0.565509 0.565497 0.565488 0.565484 0.565483 0.565487 0.565494 0.565505 0.56552 0.565538 0.56556 0.565585 0.565612 0.565643 0.565675 0.56571 0.565746 0.565783 0.565822 0.56586 0.565899 0.565937 0.565975 0.566012 0.566047 0.56608 0.566111 0.56614 0.566165 0.566188 0.566207 0.566223 0.566235 0.566244 0.566248 0.566249 0.566245 0.566238 0.566227 0.566212 0.566193 0.566172 0.566147 0.566119 0.566088 0.566055 0.566021 0.565984 0.565947 0.565909 0.56587 0.565831 0.565793 
0.478352 0.478333 0.478316 0.478303 0.478292 0.478285 0.478281 0.478279 0.478282 0.478287 0.478295 0.478307 0.478322 0.478339 0.478359 0.478382 0.478406 0.478433 0.478461 0.478491 0.478522 0.478553 0.478585 0.478617 0.478649 0.47868 0.47871 0.47874 0.478767 0.478793 0.478817 0.478839 0.478858 0.478874 0.478888 0.478899 0.478906 0.47891 0.478911 0.478909 0.478904 0.478895 0.478884 0.478869 0.478851 0.478831 0.478809 0.478784 0.478757 0.478729 0.478699 0.478668 0.478636 0.478604 0.478572 0.478541 0.478509 0.478479 0.47845 0.478422 0.478397 0.478373 
0.383063 0.383063 0.383066 0.383071 0.383078 0.383088 0.383099 0.383113 0.383129 0.383147 0.383166 0.383186 0.383208 0.383231 0.383254 0.383278 0.383302 0.383326 0.38335 0.383373 0.383395 0.383417 0.383437 0.383456 0.383473 0.383489 0.383502 0.383514 0.383523 0.38353 0.383535 0.383537 0.383537 0.383534 0.383529 0.383522 0.383512 0.3835 0.383486 0.38347 0.383453 0.383433 0.383413 0.383391 0.383368 0.383345 0.383321 0.383297 0.383273 0.383249 0.383226 0.383204 0.383182 0.383162 0.383143 0.383126 0.383111 0.383097 0.383086 0.383077 0.38307 0.383065 
0.280366 0.280376 0.280388 0.280401 0.280415 0.280429 0.280445 0.280461 0.280477 0.280493 0.28051 0.280526 0.280542 0.280557 0.280572 0.280586 0.280599 0.28061 0.280621 0.28063 0.280638 0.280645 0.28065 0.280653 0.280654 0.280654 0.280653 0.280649 0.280644 0.280638 0.28063 0.280621 0.28061 0.280598 0.280585 0.280571 0.280557 0.280541 0.280525 0.280509 0.280493 0.280477 0.28046 0.280445 0.280429 0.280415 0.280401 0.280388 0.280376 0.280366 0.280356 0.280349 0.280342 0.280338 0.280334 0.280333 0.280333 0.280335 0.280338 0.280343 0.280349 0.280357 
0.171258 0.171267 0.171277 0.171286 0.171296 0.171305 0.171314 0.171323 0.171331 0.171339 0.171346 0.171352 0.171358 0.171363 0.171367 0.17137 0.171372 0.171373 0.171374 0.171373 0.171371 0.171369 0.171365 0.171361 0.171356 0.17135 0.171343 0.171336 0.171328 0.17132 0.171311 0.171302 0.171292 0.171283 0.171274 0.171264 0.171255 0.171246 0.171237 0.171229 0.171222 0.171215 0.171208 0.171203 0.171198 0.171194 0.171191 0.171189 0.171188 0.171187 0.171188 0.17119 0.171192 0.171196 0.1712 0.171205 0.171211 0.171218 0.171225 0.171233 0.171241 0.171249 
0.0576374 0.0576401 0.0576427 0.0576451 0.0576474 0.0576495 0.0576514 0.057653 0.0576544 0.0576554 0.0576563 0.0576568 0.057657 0.0576569 0.0576566 0.0576559 0.057655 0.0576538 0.0576524 0.0576507 0.0576488 0.0576467 0.0576444 0.0576419 0.0576393 0.0576366 0.0576338 0.057631 0.0576281 0.0576253 0.0576224 0.0576197 0.057617 0.0576145 0.0576121 0.0576099 0.0576078 0.057606 0.0576044 0.0576031 0.0576021 0.0576013 0.0576008 0.0576005 0.0576006 0.057601 0.0576016 0.0576025 0.0576037 0.0576052 0.0576069 0.0576088 0.0576109 0.0576132 0.0576157 0.0576182 0.0576209 0.0576237 0.0576264 0.0576292 0.0576319 0.0576347 
