0.0540498 0.0540495 0.0540491 0.0540488 0.0540483 0.0540479 0.0540474 0.0540469 0.0540464 0.0540459 0.0540453 0.0540447 0.0540442 0.0540436 0.0540431 0.0540425 0.054042 0.0540415 0.0540411 0.0540407 0.0540403 0.05404 0.0540397 0.0540395 0.0540393 0.0540392 0.0540392 0.0540392 0.0540392 0.0540394 0.0540395 0.0540398 0.05404 0.0540404 0.0540408 0.0540412 0.0540416 0.0540421 0.0540426 0.0540432 0.0540437 0.0540443 0.0540448 0.0540454 0.054046 0.0540465 0.054047 0.0540475 0.054048 0.0540485 0.0540489 0.0540492 0.0540496 0.0540498 0.05405 0.0540502 0.0540503 0.0540504 0.0540503 0.0540503 0.0540501 0.05405 
0.161097 0.161097 0.161096 0.161096 0.161095 0.161094 0.161093 0.161092 0.161091 0.161089 0.161088 0.161086 0.161085 0.161083 0.161081 0.161079 0.161078 0.161076 0.161074 0.161073 0.161071 0.16107 0.161069 0.161068 0.161067 0.161066 0.161065 0.161064 0.161064 0.161064 0.161064 0.161064 0.161064 0.161064 0.161065 0.161066 0.161067 0.161068 0.161069 0.16107 0.161072 0.161073 0.161075 0.161076 0.161078 0.16108 0.161081 0.161083 0.161085 0.161086 0.161088 0.161089 0.161091 0.161092 0.161093 0.161094 0.161095 0.161096 0.161097 0.161097 0.161097 0.161097 
0.26508 0.265081 0.265083 0.265084 0.265085 0.265086 0.265086 0.265086 0.265086 0.265086 0.265085 0.265084 0.265083 0.265082 0.265081 0.265079 0.265077 0.265075 0.265073 0.26507 0.265068 0.265065 0.265063 0.26506 0.265057 0.265055 0.265052 0.26505 0.265047 0.265045 0.265043 0.265041 0.26504 0.265038 0.265037 0.265036 0.265035 0.265035 0.265035 0.265035 0.265035 0.265036 0.265037 0.265038 0.265039 0.265041 0.265042 0.265044 0.265047 0.265049 0.265051 0.265054 0.265056 0.265059 0.265061 0.265064 0.265067 0.265069 0.265072 0.265074 0.265076 0.265078 
0.364262 0.364266 0.364269 0.364273 0.364276 0.364279 0.364283 0.364286 0.364289 0.364292 0.364294 0.364297 0.364299 0.364301 0.364302 0.364303 0.364304 0.364305 0.364305 0.364305 0.364304 0.364303 0.364302 0.3643 0.364299 0.364296 0.364294 0.364291 0.364288 0.364285 0.364282 0.364279 0.364275 0.364272 0.364268 0.364265 0.364261 0.364258 0.364255 0.364252 0.364249 0.364246 0.364244 0.364242 0.36424 0.364238 0.364237 0.364236 0.364236 0.364236 0.364236 0.364237 0.364238 0.364239 0.364241 0.364242 0.364245 0.364247 0.36425 0.364253 0.364256 0.364259 
0.457336 0.457337 0.457338 0.45734 0.457342 0.457344 0.457347 0.45735 0.457354 0.457357 0.457361 0.457366 0.45737 0.457374 0.457379 0.457384 0.457388 0.457393 0.457397 0.457401 0.457405 0.457409 0.457413 0.457416 0.457419 0.457421 0.457423 0.457425 0.457426 0.457427 0.457427 0.457427 0.457426 0.457425 0.457423 0.457421 0.457419 0.457416 0.457413 0.457409 0.457405 0.457401 0.457397 0.457393 0.457388 0.457383 0.457379 0.457374 0.45737 0.457365 0.457361 0.457357 0.457353 0.45735 0.457347 0.457344 0.457342 0.45734 0.457338 0.457337 0.457336 0.457336 
0.543432 0.543426 0.543421 0.543415 0.543411 0.543406 0.543403 0.5434 0.543397 0.543395 0.543394 0.543394 0.543394 0.543395 0.543397 0.543399 0.543402 0.543405 0.543409 0.543414 0.543419 0.543425 0.543431 0.543437 0.543443 0.54345 0.543457 0.543464 0.543471 0.543477 0.543484 0.54349 0.543496 0.543502 0.543507 0.543512 0.543516 0.54352 0.543523 0.543525 0.543527 0.543528 0.543528 0.543528 0.543527 0.543525 0.543523 0.54352 0.543516 0.543512 0.543508 0.543503 0.543497 0.543491 0.543485 0.543478 0.543472 0.543465 0.543458 0.543451 0.543445 0.543438 
0.621972 0.621963 0.621953 0.621944 0.621933 0.621923 0.621913 0.621902 0.621892 0.621881 0.621872 0.621862 0.621853 0.621845 0.621837 0.621831 0.621825 0.62182 0.621816 0.621813 0.62181 0.621809 0.62181 0.621811 0.621813 0.621816 0.62182 0.621826 0.621832 0.621839 0.621846 0.621855 0.621864 0.621873 0.621883 0.621893 0.621904 0.621914 0.621925 0.621935 0.621945 0.621955 0.621964 0.621973 0.621981 0.621989 0.621996 0.622002 0.622007 0.622011 0.622014 0.622016 0.622017 0.622016 0.622015 0.622013 0.62201 0.622005 0.622 0.621994 0.621987 0.62198 
0.692534 0.692532 0.692528 0.692523 0.692516 0.692509 0.6925 0.692489 0.692478 0.692466 0.692453 0.69244 0.692426 0.692411 0.692397 0.692382 0.692367 0.692353 0.692339 0.692326 0.692313 0.692301 0.692289 0.692279 0.69227 0.692263 0.692256 0.692251 0.692248 0.692246 0.692245 0.692246 0.692248 0.692252 0.692257 0.692264 0.692271 0.692281 0.692291 0.692302 0.692314 0.692327 0.69234 0.692354 0.692369 0.692383 0.692398 0.692413 0.692427 0.692441 0.692454 0.692467 0.692479 0.69249 0.6925 0.692509 0.692517 0.692523 0.692528 0.692532 0.692534 0.692535 
0.754846 0.754856 0.754864 0.754871 0.754876 0.754879 0.754881 0.754881 0.754879 0.754875 0.754869 0.754862 0.754853 0.754842 0.754831 0.754817 0.754803 0.754788 0.754772 0.754755 0.754737 0.75472 0.754702 0.754684 0.754666 0.754649 0.754632 0.754616 0.754601 0.754587 0.754575 0.754563 0.754553 0.754545 0.754538 0.754533 0.75453 0.754529 0.754529 0.754531 0.754535 0.754541 0.754548 0.754557 0.754568 0.75458 0.754593 0.754607 0.754623 0.754639 0.754656 0.754673 0.754691 0.754709 0.754727 0.754744 0.754761 0.754778 0.754794 0.754809 0.754822 0.754835 
0.808814 0.808832 0.808849 0.808865 0.80888 0.808895 0.808907 0.808919 0.808929 0.808937 0.808943 0.808948 0.808951 0.808951 0.80895 0.808947 0.808943 0.808936 0.808928 0.808917 0.808906 0.808893 0.808878 0.808863 0.808846 0.808829 0.808811 0.808793 0.808774 0.808755 0.808736 0.808718 0.8087 0.808683 0.808667 0.808651 0.808637 0.808625 0.808613 0.808603 0.808595 0.808589 0.808585 0.808582 0.808581 0.808583 0.808586 0.808591 0.808597 0.808606 0.808616 0.808628 0.808641 0.808655 0.808671 0.808687 0.808704 0.808722 0.808741 0.808759 0.808778 0.808796 
0.854472 0.854488 0.854504 0.854521 0.854537 0.854554 0.85457 0.854587 0.854602 0.854617 0.854631 0.854644 0.854656 0.854666 0.854675 0.854683 0.854689 0.854694 0.854697 0.854698 0.854698 0.854695 0.854691 0.854686 0.854679 0.85467 0.85466 0.854649 0.854636 0.854623 0.854608 0.854593 0.854577 0.854561 0.854544 0.854527 0.85451 0.854494 0.854478 0.854462 0.854447 0.854433 0.85442 0.854409 0.854398 0.854389 0.854381 0.854375 0.854371 0.854368 0.854367 0.854368 0.85437 0.854374 0.854379 0.854387 0.854395 0.854405 0.854417 0.854429 0.854443 0.854457 
0.891875 0.891881 0.891889 0.891897 0.891907 0.891917 0.891928 0.89194 0.891952 0.891964 0.891977 0.89199 0.892002 0.892015 0.892027 0.892039 0.89205 0.892061 0.89207 0.892079 0.892087 0.892094 0.8921 0.892105 0.892108 0.89211 0.892111 0.892111 0.892109 0.892106 0.892102 0.892096 0.89209 0.892082 0.892074 0.892064 0.892054 0.892043 0.892031 0.892019 0.892006 0.891994 0.891981 0.891968 0.891956 0.891943 0.891932 0.89192 0.89191 0.8919 0.891891 0.891883 0.891876 0.891871 0.891866 0.891863 0.891861 0.89186 0.89186 0.891862 0.891865 0.891869 
0.921031 0.921027 0.921024 0.921022 0.921021 0.92102 0.921021 0.921023 0.921025 0.921029 0.921034 0.921039 0.921045 0.921052 0.92106 0.921068 0.921077 0.921086 0.921096 0.921106 0.921115 0.921125 0.921135 0.921145 0.921154 0.921163 0.921172 0.92118 0.921187 0.921194 0.9212 0.921205 0.921209 0.921212 0.921215 0.921216 0.921216 0.921216 0.921214 0.921211 0.921207 0.921203 0.921197 0.921191 0.921184 0.921176 0.921168 0.921159 0.92115 0.92114 0.92113 0.921121 0.921111 0.921101 0.921091 0.921082 0.921073 0.921064 0.921056 0.921049 0.921042 0.921036 
0.941907 0.941895 0.941884 0.941873 0.941862 0.941852 0.941843 0.941834 0.941827 0.941821 0.941816 0.941811 0.941809 0.941807 0.941807 0.941807 0.94181 0.941813 0.941817 0.941823 0.94183 0.941838 0.941846 0.941856 0.941866 0.941877 0.941888 0.9419 0.941912 0.941925 0.941937 0.941949 0.941961 0.941973 0.941984 0.941995 0.942005 0.942014 0.942022 0.94203 0.942036 0.942041 0.942045 0.942048 0.94205 0.94205 0.942049 0.942047 0.942044 0.942039 0.942033 0.942027 0.942019 0.94201 0.942 0.94199 0.941979 0.941968 0.941956 0.941944 0.941932 0.941919 
0.954455 0.954439 0.954422 0.954405 0.954389 0.954373 0.954357 0.954341 0.954327 0.954313 0.954301 0.954289 0.954279 0.95427 0.954263 0.954257 0.954253 0.954251 0.95425 0.954251 0.954254 0.954258 0.954264 0.954271 0.95428 0.954291 0.954302 0.954315 0.954329 0.954343 0.954359 0.954375 0.954391 0.954408 0.954424 0.954441 0.954457 0.954473 0.954488 0.954503 0.954516 0.954529 0.95454 0.95455 0.954559 0.954566 0.954572 0.954576 0.954578 0.954579 0.954578 0.954575 0.954571 0.954565 0.954558 0.954549 0.954538 0.954527 0.954514 0.9545 0.954486 0.954471 
0.95864 0.958622 0.958603 0.958584 0.958565 0.958546 0.958527 0.958509 0.958492 0.958475 0.95846 0.958445 0.958432 0.958421 0.958411 0.958403 0.958396 0.958392 0.958389 0.958388 0.95839 0.958393 0.958398 0.958405 0.958414 0.958424 0.958436 0.958449 0.958464 0.95848 0.958497 0.958514 0.958533 0.958551 0.95857 0.95859 0.958609 0.958627 0.958645 0.958663 0.958679 0.958695 0.958709 0.958722 0.958733 0.958743 0.958751 0.958758 0.958762 0.958765 0.958765 0.958764 0.958761 0.958756 0.958749 0.95874 0.95873 0.958718 0.958704 0.95869 0.958674 0.958657 
0.954448 0.95443 0.954411 0.954392 0.954374 0.954356 0.954338 0.954322 0.954306 0.954291 0.954278 0.954266 0.954256 0.954247 0.95424 0.954235 0.954232 0.95423 0.954231 0.954233 0.954237 0.954243 0.954251 0.95426 0.954272 0.954284 0.954298 0.954313 0.954329 0.954346 0.954364 0.954382 0.954401 0.95442 0.954438 0.954457 0.954475 0.954492 0.954509 0.954525 0.954539 0.954552 0.954564 0.954575 0.954583 0.95459 0.954595 0.954599 0.9546 0.9546 0.954597 0.954593 0.954587 0.954579 0.95457 0.954559 0.954546 0.954532 0.954517 0.954501 0.954484 0.954466 
0.941886 0.94187 0.941855 0.94184 0.941826 0.941813 0.941801 0.941791 0.941782 0.941774 0.941769 0.941764 0.941762 0.941761 0.941762 0.941765 0.941769 0.941775 0.941783 0.941792 0.941802 0.941814 0.941827 0.941841 0.941856 0.941872 0.941888 0.941905 0.941922 0.941939 0.941956 0.941972 0.941988 0.942004 0.942019 0.942033 0.942046 0.942057 0.942068 0.942077 0.942084 0.94209 0.942094 0.942097 0.942097 0.942096 0.942094 0.942089 0.942083 0.942076 0.942067 0.942056 0.942044 0.942031 0.942017 0.942002 0.941986 0.94197 0.941953 0.941937 0.94192 0.941903 
0.920984 0.920975 0.920967 0.920961 0.920956 0.920953 0.920952 0.920953 0.920955 0.920959 0.920964 0.920972 0.92098 0.920991 0.921002 0.921015 0.921028 0.921043 0.921058 0.921075 0.921091 0.921108 0.921125 0.921142 0.921158 0.921175 0.92119 0.921205 0.92122 0.921233 0.921244 0.921255 0.921264 0.921272 0.921278 0.921283 0.921286 0.921287 0.921286 0.921284 0.92128 0.921274 0.921267 0.921258 0.921248 0.921237 0.921224 0.92121 0.921196 0.92118 0.921164 0.921147 0.921131 0.921114 0.921097 0.92108 0.921064 0.921048 0.921033 0.921019 0.921006 0.920994 
0.891792 0.891795 0.8918 0.891807 0.891815 0.891826 0.891838 0.891851 0.891866 0.891882 0.8919 0.891918 0.891937 0.891956 0.891976 0.891996 0.892015 0.892035 0.892054 0.892072 0.892089 0.892106 0.892121 0.892134 0.892147 0.892157 0.892166 0.892173 0.892178 0.892181 0.892182 0.892182 0.892179 0.892174 0.892167 0.892158 0.892148 0.892136 0.892122 0.892107 0.892091 0.892074 0.892056 0.892037 0.892017 0.891997 0.891978 0.891958 0.891938 0.891919 0.891901 0.891884 0.891868 0.891852 0.891839 0.891827 0.891816 0.891807 0.8918 0.891795 0.891792 0.891791 
0.854365 0.854382 0.8544 0.854419 0.85444 0.854462 0.854484 0.854507 0.85453 0.854553 0.854577 0.854599 0.854621 0.854642 0.854662 0.854681 0.854698 0.854713 0.854727 0.854739 0.854748 0.854755 0.85476 0.854763 0.854764 0.854762 0.854757 0.854751 0.854742 0.854731 0.854718 0.854703 0.854686 0.854668 0.854648 0.854628 0.854606 0.854583 0.85456 0.854537 0.854514 0.854491 0.854468 0.854446 0.854425 0.854405 0.854387 0.85437 0.854354 0.854341 0.854329 0.85432 0.854312 0.854307 0.854305 0.854305 0.854307 0.854311 0.854318 0.854327 0.854338 0.854351 
0.80872 0.808744 0.808769 0.808793 0.808818 0.808842 0.808865 0.808888 0.808909 0.808928 0.808946 0.808963 0.808977 0.808989 0.808999 0.809006 0.809011 0.809013 0.809013 0.809011 0.809005 0.808998 0.808988 0.808976 0.808961 0.808945 0.808927 0.808907 0.808886 0.808864 0.80884 0.808816 0.808791 0.808766 0.808741 0.808717 0.808693 0.808669 0.808647 0.808626 0.808607 0.808589 0.808573 0.808559 0.808547 0.808537 0.80853 0.808525 0.808523 0.808523 0.808526 0.808531 0.808539 0.808548 0.808561 0.808575 0.808592 0.80861 0.808629 0.808651 0.808673 0.808696 
0.75481 0.754831 0.75485 0.754868 0.754884 0.754899 0.754911 0.754922 0.75493 0.754936 0.754939 0.75494 0.754939 0.754935 0.754929 0.754921 0.754911 0.754898 0.754883 0.754867 0.754849 0.754829 0.754808 0.754786 0.754764 0.75474 0.754717 0.754693 0.754669 0.754646 0.754623 0.754602 0.754581 0.754562 0.754544 0.754527 0.754513 0.754501 0.75449 0.754482 0.754477 0.754473 0.754472 0.754474 0.754477 0.754484 0.754492 0.754503 0.754515 0.75453 0.754547 0.754565 0.754584 0.754605 0.754627 0.75465 0.754673 0.754697 0.75472 0.754744 0.754767 0.754789 
0.692575 0.692582 0.692586 0.692589 0.69259 0.692588 0.692585 0.69258 0.692572 0.692563 0.692552 0.69254 0.692525 0.69251 0.692493 0.692475 0.692457 0.692437 0.692418 0.692397 0.692377 0.692357 0.692338 0.692319 0.6923 0.692283 0.692266 0.692251 0.692238 0.692226 0.692215 0.692207 0.6922 0.692196 0.692193 0.692193 0.692194 0.692197 0.692203 0.69221 0.69222 0.692231 0.692243 0.692257 0.692273 0.69229 0.692308 0.692326 0.692346 0.692365 0.692385 0.692405 0.692425 0.692445 0.692464 0.692482 0.6925 0.692516 0.692531 0.692544 0.692556 0.692567 
0.622051 0.622044 0.622036 0.622026 0.622016 0.622004 0.621991 0.621978 0.621964 0.621949 0.621934 0.621919 0.621904 0.621889 0.621874 0.621859 0.621845 0.621832 0.62182 0.621808 0.621798 0.621789 0.621781 0.621775 0.62177 0.621766 0.621764 0.621764 0.621765 0.621768 0.621772 0.621777 0.621784 0.621793 0.621802 0.621813 0.621825 0.621838 0.621851 0.621865 0.62188 0.621895 0.62191 0.621925 0.62194 0.621955 0.62197 0.621983 0.621997 0.622009 0.62202 0.62203 0.622039 0.622047 0.622053 0.622058 0.622062 0.622064 0.622064 0.622063 0.62206 0.622056 
0.543484 0.543473 0.543463 0.543453 0.543442 0.543432 0.543422 0.543413 0.543404 0.543396 0.543388 0.543381 0.543375 0.54337 0.543366 0.543363 0.54336 0.543359 0.543359 0.54336 0.543362 0.543365 0.543369 0.543374 0.54338 0.543387 0.543394 0.543402 0.543411 0.54342 0.54343 0.54344 0.543451 0.543461 0.543471 0.543482 0.543492 0.543502 0.543511 0.54352 0.543528 0.543536 0.543543 0.543549 0.543554 0.543558 0.543561 0.543563 0.543564 0.543564 0.543563 0.543561 0.543558 0.543554 0.543549 0.543543 0.543537 0.543529 0.543521 0.543512 0.543503 0.543493 
0.457332 0.457327 0.457324 0.457321 0.457319 0.457317 0.457316 0.457315 0.457316 0.457317 0.457318 0.457321 0.457324 0.457327 0.457331 0.457336 0.457341 0.457347 0.457352 0.457359 0.457365 0.457372 0.457378 0.457385 0.457392 0.457399 0.457405 0.457411 0.457417 0.457423 0.457428 0.457433 0.457437 0.45744 0.457443 0.457446 0.457447 0.457448 0.457449 0.457449 0.457447 0.457446 0.457443 0.45744 0.457437 0.457433 0.457428 0.457423 0.457417 0.457411 0.457405 0.457399 0.457392 0.457385 0.457378 0.457372 0.457365 0.457359 0.457352 0.457347 0.457341 0.457336 
0.364231 0.364233 0.364236 0.364239 0.364242 0.364246 0.36425 0.364254 0.364258 0.364262 0.364266 0.364271 0.364275 0.36428 0.364284 0.364288 0.364292 0.364296 0.3643 0.364303 0.364306 0.364308 0.364311 0.364312 0.364314 0.364315 0.364315 0.364315 0.364315 0.364314 0.364312 0.364311 0.364308 0.364306 0.364303 0.3643 0.364296 0.364292 0.364288 0.364284 0.364279 0.364275 0.36427 0.364266 0.364261 0.364257 0.364253 0.364249 0.364245 0.364242 0.364238 0.364235 0.364233 0.364231 0.364229 0.364228 0.364227 0.364226 0.364226 0.364227 0.364228 0.364229 
0.265062 0.265065 0.265068 0.265071 0.265074 0.265077 0.26508 0.265082 0.265084 0.265086 0.265088 0.265089 0.26509 0.265091 0.265092 0.265092 0.265092 0.265092 0.265091 0.26509 0.265088 0.265087 0.265085 0.265083 0.26508 0.265078 0.265075 0.265072 0.265069 0.265066 0.265063 0.26506 0.265057 0.265053 0.26505 0.265047 0.265045 0.265042 0.26504 0.265037 0.265035 0.265034 0.265032 0.265031 0.26503 0.26503 0.265029 0.26503 0.26503 0.265031 0.265032 0.265033 0.265035 0.265037 0.265039 0.265041 0.265044 0.265047 0.26505 0.265053 0.265056 0.265059 
0.161098 0.161099 0.1611 0.161101 0.161101 0.161102 0.161102 0.161102 0.161102 0.161101 0.1611 0.161099 0.161098 0.161097 0.161096 0.161094 0.161092 0.16109 0.161088 0.161086 0.161084 0.161082 0.16108 0.161078 0.161076 0.161073 0.161071 0.16107 0.161068 0.161066 0.161064 0.161063 0.161062 0.161061 0.16106 0.16106 0.161059 0.161059 0.161059 0.161059 0.16106 0.161061 0.161062 0.161063 0.161064 0.161065 0.161067 0.161069 0.161071 0.161073 0.161075 0.161077 0.161079 0.161081 0.161083 0.161086 0.161088 0.16109 0.161092 0.161093 0.161095 0.161097 
0.0540529 0.054053 0.0540531 0.054053 0.0540529 0.0540527 0.0540524 0.054052 0.0540516 0.0540511 0.0540505 0.0540499 0.0540492 0.0540485 0.0540477 0.0540469 0.0540461 0.0540452 0.0540444 0.0540436 0.0540427 0.0540419 0.0540412 0.0540404 0.0540397 0.0540391 0.0540385 0.054038 0.0540376 0.0540372 0.0540369 0.0540367 0.0540366 0.0540365 0.0540366 0.0540367 0.0540369 0.0540372 0.0540376 0.054038 0.0540385 0.0540391 0.0540397 0.0540404 0.0540412 0.0540419 0.0540427 0.0540436 0.0540444 0.0540452 0.0540461 0.0540469 0.0540477 0.0540485 0.0540492 0.0540499 0.0540505 0.0540511 0.0540516 0.0540521 0.0540524 0.0540527 
