0.0610133 0.0610053 0.0609967 0.0609876 0.0609781 0.0609682 0.060958 0.0609477 0.0609373 0.0609271 0.060917 0.0609072 0.0608978 0.0608889 0.0608806 0.0608729 0.060866 0.0608599 0.0608547 0.0608505 0.0608472 0.0608449 0.0608436 0.0608434 0.0608442 0.0608461 0.060849 0.0608529 0.0608577 0.0608634 0.06087 0.0608773 0.0608854 0.060894 0.0609032 0.0609128 0.0609228 0.060933 0.0609433 0.0609536 0.0609638 0.0609739 0.0609837 0.060993 0.0610019 0.0610102 0.0610178 0.0610247 0.0610308 0.061036 0.0610403 0.0610436 0.0610459 0.0610472 0.0610474 0.0610466 0.0610448 0.0610419 0.0610381 0.0610333 0.0610276 0.0610208 
0.179881 0.179865 0.179847 0.179828 0.179808 0.179786 0.179764 0.179741 0.179718 0.179694 0.179671 0.179648 0.179625 0.179603 0.179582 0.179563 0.179544 0.179528 0.179513 0.1795 0.179489 0.17948 0.179474 0.17947 0.179468 0.179469 0.179472 0.179477 0.179485 0.179495 0.179507 0.179521 0.179537 0.179554 0.179573 0.179594 0.179615 0.179637 0.17966 0.179684 0.179707 0.17973 0.179754 0.179776 0.179798 0.179819 0.179838 0.179857 0.179873 0.179888 0.179901 0.179912 0.17992 0.179927 0.179931 0.179933 0.179932 0.179929 0.179924 0.179916 0.179907 0.179895 
0.291942 0.291929 0.291914 0.291897 0.291877 0.291855 0.291832 0.291807 0.29178 0.291753 0.291725 0.291696 0.291667 0.291638 0.29161 0.291582 0.291556 0.29153 0.291506 0.291484 0.291464 0.291446 0.29143 0.291417 0.291407 0.291399 0.291394 0.291393 0.291394 0.291398 0.291404 0.291414 0.291426 0.291441 0.291459 0.291478 0.2915 0.291523 0.291548 0.291575 0.291602 0.29163 0.291659 0.291688 0.291716 0.291745 0.291772 0.291799 0.291824 0.291848 0.29187 0.291891 0.291909 0.291924 0.291937 0.291948 0.291955 0.29196 0.291962 0.291961 0.291957 0.291951 
0.39597 0.395966 0.39596 0.39595 0.395938 0.395922 0.395904 0.395883 0.395861 0.395836 0.395809 0.395781 0.395752 0.395722 0.395691 0.39566 0.395629 0.395599 0.395569 0.39554 0.395512 0.395486 0.395462 0.39544 0.39542 0.395403 0.395388 0.395377 0.395368 0.395362 0.39536 0.39536 0.395364 0.395371 0.395381 0.395393 0.395409 0.395427 0.395448 0.39547 0.395495 0.395522 0.39555 0.395579 0.395609 0.395639 0.39567 0.395701 0.395731 0.395761 0.39579 0.395817 0.395843 0.395867 0.395889 0.395909 0.395926 0.395941 0.395953 0.395961 0.395967 0.39597 
0.491688 0.491694 0.491697 0.491696 0.491693 0.491686 0.491677 0.491664 0.491648 0.49163 0.491609 0.491586 0.49156 0.491533 0.491505 0.491475 0.491444 0.491412 0.491381 0.491349 0.491318 0.491287 0.491258 0.491229 0.491203 0.491178 0.491155 0.491135 0.491118 0.491103 0.491091 0.491082 0.491076 0.491073 0.491073 0.491077 0.491084 0.491094 0.491107 0.491123 0.491141 0.491162 0.491185 0.49121 0.491238 0.491266 0.491296 0.491327 0.491358 0.491389 0.491421 0.491452 0.491482 0.491512 0.49154 0.491566 0.491591 0.491614 0.491634 0.491651 0.491666 0.491678 
0.57905 0.579064 0.579076 0.579084 0.57909 0.579093 0.579092 0.579088 0.579081 0.579072 0.579059 0.579043 0.579025 0.579004 0.578982 0.578957 0.57893 0.578902 0.578872 0.578842 0.578811 0.57878 0.578749 0.578719 0.578689 0.578661 0.578633 0.578607 0.578583 0.578562 0.578542 0.578525 0.578511 0.578499 0.578491 0.578486 0.578483 0.578484 0.578488 0.578495 0.578505 0.578518 0.578534 0.578552 0.578573 0.578596 0.578621 0.578647 0.578675 0.578704 0.578734 0.578765 0.578796 0.578827 0.578857 0.578887 0.578915 0.578942 0.578968 0.578992 0.579014 0.579033 
0.658059 0.658079 0.658096 0.658112 0.658125 0.658135 0.658143 0.658148 0.65815 0.658149 0.658145 0.658139 0.658129 0.658117 0.658102 0.658085 0.658066 0.658044 0.658021 0.657996 0.657969 0.657942 0.657914 0.657885 0.657857 0.657828 0.6578 0.657773 0.657746 0.657721 0.657697 0.657675 0.657655 0.657638 0.657622 0.657609 0.657599 0.657592 0.657587 0.657585 0.657586 0.65759 0.657597 0.657607 0.657619 0.657634 0.657652 0.657671 0.657693 0.657716 0.657741 0.657767 0.657794 0.657822 0.65785 0.657879 0.657907 0.657935 0.657962 0.657989 0.658014 0.658037 
0.728723 0.728745 0.728766 0.728786 0.728803 0.728819 0.728833 0.728845 0.728855 0.728862 0.728867 0.728869 0.728869 0.728866 0.728861 0.728853 0.728843 0.72883 0.728816 0.728799 0.72878 0.72876 0.728739 0.728716 0.728692 0.728668 0.728643 0.728618 0.728594 0.728569 0.728545 0.728522 0.7285 0.728479 0.728459 0.728442 0.728426 0.728412 0.7284 0.728391 0.728384 0.728379 0.728377 0.728378 0.728381 0.728387 0.728395 0.728405 0.728417 0.728432 0.728449 0.728467 0.728487 0.728508 0.728531 0.728554 0.728579 0.728603 0.728628 0.728653 0.728677 0.728701 
0.791056 0.791076 0.791096 0.791116 0.791135 0.791154 0.791171 0.791187 0.791202 0.791215 0.791227 0.791237 0.791245 0.791251 0.791255 0.791257 0.791257 0.791255 0.79125 0.791244 0.791236 0.791225 0.791213 0.7912 0.791184 0.791168 0.79115 0.791132 0.791112 0.791093 0.791072 0.791052 0.791031 0.791011 0.790991 0.790972 0.790954 0.790936 0.79092 0.790906 0.790892 0.790881 0.790871 0.790864 0.790858 0.790854 0.790852 0.790852 0.790855 0.790859 0.790866 0.790874 0.790884 0.790896 0.79091 0.790925 0.790941 0.790959 0.790977 0.790996 0.791016 0.791036 
0.845067 0.845082 0.845098 0.845115 0.845132 0.845149 0.845167 0.845184 0.845202 0.845218 0.845235 0.84525 0.845265 0.845278 0.845291 0.845302 0.845312 0.84532 0.845326 0.845331 0.845334 0.845335 0.845334 0.845332 0.845327 0.845322 0.845314 0.845305 0.845294 0.845282 0.845269 0.845255 0.845239 0.845223 0.845207 0.845189 0.845172 0.845154 0.845137 0.84512 0.845103 0.845087 0.845071 0.845057 0.845043 0.845031 0.84502 0.845011 0.845003 0.844996 0.844992 0.844989 0.844988 0.844989 0.844991 0.844995 0.845001 0.845009 0.845018 0.845028 0.84504 0.845053 
0.890766 0.890773 0.890782 0.890793 0.890805 0.890819 0.890833 0.890849 0.890866 0.890884 0.890902 0.890921 0.89094 0.890959 0.890978 0.890997 0.891015 0.891033 0.891049 0.891065 0.891079 0.891092 0.891103 0.891112 0.89112 0.891126 0.89113 0.891132 0.891132 0.891131 0.891127 0.891122 0.891114 0.891105 0.891095 0.891082 0.891069 0.891054 0.891038 0.891021 0.891003 0.890984 0.890966 0.890947 0.890928 0.890909 0.89089 0.890872 0.890855 0.890839 0.890823 0.890809 0.890797 0.890786 0.890776 0.890768 0.890763 0.890758 0.890756 0.890756 0.890758 0.890761 
0.928158 0.928156 0.928156 0.928159 0.928164 0.928172 0.928182 0.928194 0.928209 0.928225 0.928243 0.928263 0.928285 0.928307 0.928331 0.928355 0.92838 0.928405 0.92843 0.928455 0.92848 0.928503 0.928526 0.928547 0.928566 0.928584 0.9286 0.928614 0.928626 0.928636 0.928643 0.928648 0.92865 0.92865 0.928647 0.928641 0.928633 0.928623 0.928611 0.928596 0.92858 0.928561 0.928541 0.92852 0.928497 0.928473 0.928449 0.928424 0.928399 0.928374 0.92835 0.928325 0.928302 0.92828 0.928259 0.928239 0.928221 0.928205 0.928191 0.92818 0.92817 0.928163 
0.957245 0.957233 0.957224 0.957219 0.957217 0.957218 0.957222 0.95723 0.95724 0.957254 0.957271 0.95729 0.957312 0.957336 0.957363 0.957391 0.95742 0.957451 0.957483 0.957516 0.957548 0.957581 0.957613 0.957644 0.957674 0.957703 0.95773 0.957755 0.957778 0.957798 0.957816 0.957831 0.957842 0.957851 0.957856 0.957858 0.957857 0.957853 0.957845 0.957834 0.95782 0.957803 0.957784 0.957762 0.957737 0.957711 0.957683 0.957653 0.957622 0.95759 0.957558 0.957525 0.957493 0.957461 0.95743 0.9574 0.957371 0.957344 0.95732 0.957297 0.957277 0.957259 
0.978024 0.978004 0.977988 0.977976 0.977967 0.977962 0.977961 0.977964 0.977971 0.977981 0.977996 0.978014 0.978036 0.97806 0.978088 0.978119 0.978151 0.978186 0.978223 0.97826 0.978299 0.978339 0.978378 0.978417 0.978456 0.978493 0.978528 0.978562 0.978594 0.978623 0.978649 0.978672 0.978692 0.978709 0.978721 0.97873 0.978735 0.978736 0.978732 0.978725 0.978714 0.9787 0.978681 0.97866 0.978635 0.978607 0.978576 0.978543 0.978509 0.978472 0.978434 0.978396 0.978356 0.978317 0.978278 0.97824 0.978203 0.978167 0.978134 0.978102 0.978073 0.978047 
0.990494 0.990469 0.990448 0.99043 0.990417 0.990408 0.990403 0.990402 0.990406 0.990415 0.990428 0.990444 0.990465 0.99049 0.990518 0.99055 0.990584 0.990621 0.99066 0.990702 0.990744 0.990787 0.990831 0.990875 0.990919 0.990962 0.991003 0.991043 0.99108 0.991115 0.991147 0.991176 0.991201 0.991222 0.99124 0.991253 0.991262 0.991267 0.991267 0.991263 0.991255 0.991242 0.991225 0.991203 0.991179 0.99115 0.991119 0.991084 0.991047 0.991008 0.990966 0.990924 0.990881 0.990837 0.990793 0.99075 0.990707 0.990666 0.990626 0.990589 0.990555 0.990523 
0.994652 0.994624 0.994601 0.994582 0.994567 0.994556 0.99455 0.994548 0.994551 0.994559 0.994571 0.994587 0.994608 0.994632 0.994661 0.994692 0.994727 0.994765 0.994805 0.994847 0.994891 0.994936 0.994982 0.995027 0.995073 0.995117 0.995161 0.995202 0.995242 0.995279 0.995313 0.995344 0.995371 0.995394 0.995414 0.995429 0.995439 0.995445 0.995447 0.995444 0.995436 0.995424 0.995407 0.995386 0.995361 0.995333 0.995301 0.995266 0.995228 0.995188 0.995146 0.995102 0.995057 0.995012 0.994966 0.994921 0.994876 0.994833 0.994792 0.994752 0.994716 0.994682 
0.990495 0.990469 0.990448 0.99043 0.990416 0.990407 0.990402 0.990402 0.990406 0.990414 0.990427 0.990443 0.990464 0.990489 0.990517 0.990549 0.990583 0.99062 0.99066 0.990701 0.990743 0.990787 0.990831 0.990875 0.990919 0.990962 0.991003 0.991043 0.991081 0.991116 0.991148 0.991177 0.991202 0.991224 0.991241 0.991255 0.991264 0.991269 0.991269 0.991265 0.991257 0.991244 0.991227 0.991206 0.991181 0.991152 0.991121 0.991086 0.991049 0.99101 0.990969 0.990926 0.990883 0.990839 0.990795 0.990751 0.990708 0.990667 0.990627 0.99059 0.990555 0.990523 
0.978024 0.978004 0.977988 0.977975 0.977966 0.97796 0.977959 0.977962 0.977969 0.977979 0.977994 0.978012 0.978034 0.978058 0.978086 0.978117 0.97815 0.978185 0.978221 0.978259 0.978298 0.978338 0.978378 0.978417 0.978456 0.978493 0.978529 0.978564 0.978595 0.978625 0.978651 0.978675 0.978695 0.978712 0.978724 0.978733 0.978738 0.978739 0.978736 0.97873 0.978719 0.978704 0.978686 0.978664 0.978639 0.978611 0.978581 0.978548 0.978513 0.978476 0.978438 0.978399 0.97836 0.97832 0.978281 0.978242 0.978205 0.978169 0.978135 0.978103 0.978074 0.978047 
0.957243 0.957231 0.957222 0.957216 0.957214 0.957215 0.957219 0.957226 0.957237 0.957251 0.957267 0.957287 0.957309 0.957334 0.95736 0.957389 0.957419 0.95745 0.957482 0.957515 0.957548 0.957581 0.957614 0.957646 0.957676 0.957705 0.957733 0.957758 0.957782 0.957802 0.95782 0.957835 0.957847 0.957856 0.957862 0.957864 0.957863 0.957859 0.957851 0.95784 0.957827 0.95781 0.95779 0.957768 0.957743 0.957717 0.957688 0.957658 0.957627 0.957595 0.957562 0.957529 0.957496 0.957464 0.957432 0.957402 0.957372 0.957345 0.95732 0.957296 0.957276 0.957258 
0.928153 0.928151 0.928151 0.928153 0.928159 0.928166 0.928177 0.928189 0.928204 0.92822 0.928239 0.928259 0.928281 0.928304 0.928329 0.928353 0.928379 0.928405 0.928431 0.928456 0.928481 0.928505 0.928529 0.92855 0.928571 0.928589 0.928606 0.928621 0.928633 0.928643 0.928651 0.928656 0.928658 0.928658 0.928655 0.92865 0.928642 0.928632 0.928619 0.928605 0.928588 0.928569 0.928549 0.928527 0.928504 0.928479 0.928455 0.928429 0.928403 0.928378 0.928352 0.928327 0.928303 0.92828 0.928259 0.928238 0.92822 0.928203 0.928189 0.928176 0.928166 0.928158 
0.890758 0.890765 0.890774 0.890785 0.890797 0.890811 0.890826 0.890843 0.89086 0.890878 0.890898 0.890917 0.890937 0.890957 0.890977 0.890997 0.891016 0.891034 0.891052 0.891069 0.891084 0.891097 0.891109 0.89112 0.891128 0.891135 0.89114 0.891143 0.891143 0.891142 0.891139 0.891133 0.891126 0.891117 0.891106 0.891094 0.89108 0.891065 0.891048 0.891031 0.891012 0.890993 0.890973 0.890953 0.890933 0.890913 0.890894 0.890875 0.890857 0.890839 0.890823 0.890808 0.890795 0.890782 0.890772 0.890764 0.890757 0.890752 0.890749 0.890748 0.89075 0.890753 
0.845055 0.84507 0.845087 0.845104 0.845121 0.84514 0.845158 0.845177 0.845195 0.845213 0.845231 0.845248 0.845264 0.845278 0.845292 0.845305 0.845316 0.845325 0.845333 0.845339 0.845344 0.845346 0.845346 0.845344 0.845341 0.845336 0.845329 0.84532 0.84531 0.845298 0.845285 0.84527 0.845255 0.845238 0.845221 0.845203 0.845185 0.845166 0.845148 0.84513 0.845112 0.845094 0.845077 0.845061 0.845047 0.845033 0.845021 0.84501 0.845 0.844993 0.844987 0.844983 0.844981 0.84498 0.844982 0.844985 0.84499 0.844997 0.845006 0.845016 0.845028 0.845041 
0.791041 0.791062 0.791083 0.791104 0.791124 0.791144 0.791162 0.79118 0.791197 0.791212 0.791225 0.791237 0.791247 0.791255 0.79126 0.791264 0.791266 0.791265 0.791263 0.791258 0.791251 0.791241 0.79123 0.791217 0.791203 0.791187 0.79117 0.791151 0.791132 0.791112 0.791091 0.79107 0.791049 0.791027 0.791007 0.790986 0.790967 0.790948 0.79093 0.790914 0.790899 0.790886 0.790874 0.790864 0.790857 0.790851 0.790848 0.790846 0.790847 0.79085 0.790855 0.790862 0.790871 0.790882 0.790894 0.790909 0.790925 0.790942 0.79096 0.790979 0.790999 0.79102 
0.728707 0.72873 0.728752 0.728774 0.728793 0.728811 0.728827 0.728841 0.728853 0.728862 0.728869 0.728874 0.728875 0.728875 0.728872 0.728866 0.728857 0.728847 0.728834 0.728818 0.728801 0.728782 0.728761 0.728739 0.728715 0.728691 0.728666 0.728641 0.728615 0.72859 0.728565 0.728541 0.728517 0.728495 0.728474 0.728454 0.728436 0.72842 0.728407 0.728395 0.728386 0.728379 0.728375 0.728373 0.728374 0.728378 0.728384 0.728392 0.728403 0.728416 0.728431 0.728449 0.728468 0.728488 0.72851 0.728534 0.728558 0.728582 0.728608 0.728633 0.728658 0.728683 
0.658043 0.658065 0.658085 0.658103 0.658118 0.658131 0.658141 0.658149 0.658153 0.658155 0.658154 0.658149 0.658142 0.658132 0.658119 0.658104 0.658086 0.658066 0.658044 0.65802 0.657994 0.657967 0.65794 0.657911 0.657882 0.657853 0.657824 0.657796 0.657768 0.657741 0.657716 0.657692 0.65767 0.657651 0.657633 0.657618 0.657605 0.657595 0.657588 0.657584 0.657582 0.657584 0.657588 0.657596 0.657606 0.657619 0.657634 0.657652 0.657672 0.657694 0.657718 0.657743 0.65777 0.657798 0.657826 0.657855 0.657884 0.657913 0.657941 0.657968 0.657995 0.65802 
0.579039 0.579056 0.57907 0.579081 0.579089 0.579095 0.579097 0.579096 0.579092 0.579084 0.579074 0.57906 0.579044 0.579025 0.579004 0.578981 0.578955 0.578928 0.578899 0.578869 0.578839 0.578807 0.578776 0.578745 0.578714 0.578684 0.578656 0.578628 0.578602 0.578578 0.578557 0.578537 0.578521 0.578507 0.578495 0.578487 0.578482 0.57848 0.578482 0.578486 0.578494 0.578504 0.578518 0.578534 0.578553 0.578574 0.578597 0.578623 0.57865 0.578679 0.578708 0.578739 0.57877 0.578801 0.578832 0.578863 0.578892 0.578921 0.578948 0.578974 0.578998 0.57902 
0.491684 0.491693 0.491698 0.491701 0.4917 0.491696 0.491689 0.491679 0.491665 0.491649 0.49163 0.491608 0.491585 0.491559 0.491531 0.491502 0.491471 0.49144 0.491408 0.491376 0.491344 0.491313 0.491282 0.491252 0.491224 0.491197 0.491173 0.49115 0.49113 0.491113 0.491098 0.491086 0.491078 0.491072 0.49107 0.491071 0.491075 0.491082 0.491093 0.491106 0.491122 0.491141 0.491163 0.491187 0.491213 0.49124 0.491269 0.491299 0.491331 0.491362 0.491394 0.491426 0.491457 0.491488 0.491518 0.491546 0.491572 0.491597 0.49162 0.49164 0.491657 0.491672 
0.395975 0.395974 0.39597 0.395963 0.395953 0.395939 0.395923 0.395905 0.395883 0.39586 0.395835 0.395807 0.395779 0.395749 0.395718 0.395687 0.395656 0.395624 0.395593 0.395563 0.395534 0.395506 0.39548 0.395456 0.395434 0.395414 0.395397 0.395383 0.395372 0.395363 0.395358 0.395356 0.395357 0.395361 0.395368 0.395379 0.395392 0.395408 0.395427 0.395448 0.395471 0.395497 0.395524 0.395552 0.395582 0.395612 0.395643 0.395675 0.395706 0.395737 0.395767 0.395796 0.395824 0.39585 0.395874 0.395896 0.395915 0.395932 0.395947 0.395958 0.395967 0.395972 
0.291955 0.291945 0.291932 0.291916 0.291898 0.291878 0.291856 0.291831 0.291806 0.291779 0.29175 0.291722 0.291692 0.291663 0.291634 0.291605 0.291577 0.29155 0.291524 0.2915 0.291477 0.291457 0.291439 0.291424 0.291411 0.2914 0.291393 0.291389 0.291387 0.291389 0.291393 0.291401 0.291411 0.291424 0.291439 0.291457 0.291478 0.2915 0.291524 0.29155 0.291577 0.291605 0.291634 0.291663 0.291692 0.291721 0.29175 0.291778 0.291805 0.291831 0.291855 0.291877 0.291897 0.291915 0.291931 0.291944 0.291954 0.291961 0.291966 0.291968 0.291966 0.291962 
0.179898 0.179883 0.179866 0.179848 0.179828 0.179807 0.179785 0.179762 0.179738 0.179714 0.17969 0.179666 0.179642 0.179619 0.179597 0.179575 0.179555 0.179537 0.17952 0.179505 0.179493 0.179482 0.179473 0.179467 0.179463 0.179462 0.179463 0.179467 0.179473 0.179481 0.179492 0.179504 0.179519 0.179535 0.179554 0.179573 0.179595 0.179617 0.17964 0.179663 0.179687 0.179711 0.179735 0.179759 0.179782 0.179804 0.179826 0.179846 0.179864 0.179881 0.179896 0.179908 0.179919 0.179928 0.179934 0.179938 0.179939 0.179938 0.179935 0.179929 0.179921 0.17991 
0.0610214 0.0610134 0.0610047 0.0609955 0.0609857 0.0609756 0.0609651 0.0609543 0.0609435 0.0609327 0.060922 0.0609116 0.0609015 0.0608918 0.0608828 0.0608743 0.0608666 0.0608597 0.0608537 0.0608486 0.0608446 0.0608415 0.0608396 0.0608387 0.0608389 0.0608402 0.0608426 0.060846 0.0608505 0.0608559 0.0608622 0.0608694 0.0608774 0.0608861 0.0608954 0.0609052 0.0609154 0.0609259 0.0609366 0.0609474 0.0609582 0.0609688 0.0609793 0.0609893 0.0609989 0.061008 0.0610164 0.0610241 0.061031 0.061037 0.0610421 0.0610462 0.0610492 0.0610512 0.0610521 0.061052 0.0610507 0.0610484 0.061045 0.0610406 0.0610352 0.0610288 
