0.051662 0.0516621 0.0516622 0.0516623 0.0516624 0.0516625 0.0516626 0.0516627 0.0516629 0.051663 0.0516632 0.0516633 0.0516634 0.0516636 0.0516637 0.0516638 0.0516639 0.0516641 0.0516642 0.0516642 0.0516643 0.0516644 0.0516644 0.0516644 0.0516645 0.0516645 0.0516645 0.0516644 0.0516644 0.0516643 0.0516643 0.0516642 0.0516641 0.051664 0.0516639 0.0516638 0.0516637 0.0516635 0.0516634 0.0516633 0.0516631 0.051663 0.0516628 0.0516627 0.0516626 0.0516624 0.0516623 0.0516622 0.0516621 0.051662 0.0516619 0.0516619 0.0516618 0.0516617 0.0516617 0.0516617 0.0516617 0.0516617 0.0516617 0.0516618 0.0516618 0.0516619 
0.154129 0.154129 0.15413 0.15413 0.15413 0.15413 0.15413 0.15413 0.15413 0.154131 0.154131 0.154131 0.154131 0.154131 0.154132 0.154132 0.154132 0.154132 0.154132 0.154132 0.154132 0.154132 0.154133 0.154133 0.154133 0.154133 0.154133 0.154133 0.154133 0.154133 0.154132 0.154132 0.154132 0.154132 0.154132 0.154132 0.154132 0.154132 0.154131 0.154131 0.154131 0.154131 0.154131 0.15413 0.15413 0.15413 0.15413 0.15413 0.15413 0.15413 0.154129 0.154129 0.154129 0.154129 0.154129 0.154129 0.154129 0.154129 0.154129 0.154129 0.154129 0.154129 
0.25408 0.25408 0.25408 0.25408 0.25408 0.25408 0.254081 0.254081 0.254081 0.254081 0.254081 0.254081 0.254081 0.254081 0.254081 0.254081 0.254081 0.254081 0.254081 0.254082 0.254082 0.254082 0.254082 0.254082 0.254082 0.254082 0.254082 0.254082 0.254082 0.254082 0.254082 0.254082 0.254082 0.254081 0.254081 0.254081 0.254081 0.254081 0.254081 0.254081 0.254081 0.254081 0.254081 0.254081 0.254081 0.25408 0.25408 0.25408 0.25408 0.25408 0.25408 0.25408 0.25408 0.25408 0.25408 0.25408 0.25408 0.25408 0.25408 0.25408 0.25408 0.25408 
0.350015 0.350015 0.350015 0.350015 0.350015 0.350015 0.350015 0.350015 0.350015 0.350015 0.350015 0.350015 0.350015 0.350015 0.350015 0.350015 0.350015 0.350015 0.350015 0.350015 0.350015 0.350015 0.350015 0.350015 0.350015 0.350015 0.350014 0.350014 0.350014 0.350014 0.350014 0.350014 0.350014 0.350014 0.350014 0.350014 0.350013 0.350013 0.350013 0.350013 0.350013 0.350013 0.350013 0.350013 0.350013 0.350013 0.350013 0.350013 0.350013 0.350013 0.350013 0.350013 0.350014 0.350014 0.350014 0.350014 0.350014 0.350014 0.350014 0.350014 0.350014 0.350015 
0.440667 0.440667 0.440667 0.440667 0.440667 0.440667 0.440667 0.440667 0.440667 0.440667 0.440667 0.440667 0.440667 0.440667 0.440667 0.440667 0.440667 0.440666 0.440666 0.440666 0.440666 0.440666 0.440666 0.440666 0.440665 0.440665 0.440665 0.440665 0.440665 0.440665 0.440665 0.440664 0.440664 0.440664 0.440664 0.440664 0.440664 0.440664 0.440664 0.440664 0.440664 0.440664 0.440664 0.440664 0.440664 0.440664 0.440664 0.440664 0.440665 0.440665 0.440665 0.440665 0.440665 0.440665 0.440665 0.440665 0.440666 0.440666 0.440666 0.440666 0.440666 0.440666 
0.52504 0.52504 0.52504 0.52504 0.52504 0.52504 0.525039 0.525039 0.525039 0.525039 0.525038 0.525038 0.525037 0.525037 0.525036 0.525036 0.525035 0.525035 0.525034 0.525033 0.525033 0.525032 0.525032 0.525031 0.525031 0.525031 0.52503 0.52503 0.52503 0.525029 0.525029 0.525029 0.525029 0.525029 0.525029 0.525029 0.52503 0.52503 0.52503 0.52503 0.525031 0.525031 0.525032 0.525032 0.525032 0.525033 0.525034 0.525034 0.525035 0.525035 0.525036 0.525036 0.525037 0.525037 0.525038 0.525038 0.525038 0.525039 0.525039 0.525039 0.52504 0.52504 
0.602396 0.602397 0.602397 0.602398 0.602398 0.602398 0.602398 0.602398 0.602398 0.602397 0.602397 0.602396 0.602395 0.602394 0.602392 0.602391 0.602389 0.602388 0.602386 0.602385 0.602383 0.602381 0.602379 0.602378 0.602376 0.602374 0.602373 0.602371 0.60237 0.602369 0.602368 0.602367 0.602366 0.602365 0.602365 0.602364 0.602364 0.602364 0.602365 0.602365 0.602365 0.602366 0.602367 0.602368 0.602369 0.60237 0.602372 0.602373 0.602375 0.602377 0.602378 0.60238 0.602382 0.602383 0.602385 0.602387 0.602388 0.60239 0.602391 0.602393 0.602394 0.602395 
0.672207 0.67221 0.672213 0.672216 0.672218 0.67222 0.672222 0.672224 0.672225 0.672226 0.672227 0.672227 0.672227 0.672226 0.672225 0.672224 0.672223 0.672221 0.672219 0.672216 0.672213 0.672211 0.672207 0.672204 0.672201 0.672197 0.672194 0.67219 0.672187 0.672183 0.67218 0.672177 0.672174 0.672171 0.672168 0.672166 0.672163 0.672162 0.67216 0.672159 0.672158 0.672157 0.672157 0.672157 0.672158 0.672159 0.67216 0.672162 0.672163 0.672166 0.672168 0.672171 0.672174 0.672177 0.67218 0.672183 0.672187 0.67219 0.672194 0.672197 0.672201 0.672204 
0.734124 0.734129 0.734135 0.73414 0.734146 0.734151 0.734156 0.734161 0.734165 0.734169 0.734173 0.734176 0.734179 0.734182 0.734183 0.734185 0.734185 0.734186 0.734185 0.734184 0.734183 0.734181 0.734179 0.734176 0.734172 0.734168 0.734164 0.734159 0.734155 0.734149 0.734144 0.734139 0.734133 0.734128 0.734122 0.734117 0.734112 0.734107 0.734102 0.734098 0.734093 0.73409 0.734086 0.734084 0.734081 0.734079 0.734078 0.734077 0.734077 0.734078 0.734079 0.73408 0.734082 0.734085 0.734088 0.734091 0.734095 0.734099 0.734104 0.734109 0.734114 0.734119 
0.78795 0.787956 0.787962 0.787968 0.787974 0.787981 0.787988 0.787995 0.788001 0.788008 0.788015 0.788021 0.788027 0.788033 0.788039 0.788043 0.788048 0.788052 0.788055 0.788058 0.78806 0.788061 0.788062 0.788062 0.788061 0.788059 0.788057 0.788055 0.788051 0.788047 0.788043 0.788038 0.788032 0.788026 0.78802 0.788014 0.788007 0.788 0.787993 0.787987 0.78798 0.787973 0.787967 0.787961 0.787955 0.787949 0.787945 0.78794 0.787936 0.787933 0.78793 0.787928 0.787927 0.787927 0.787927 0.787927 0.787929 0.787931 0.787934 0.787937 0.787941 0.787946 
0.833597 0.8336 0.833603 0.833607 0.833611 0.833616 0.833621 0.833627 0.833633 0.833639 0.833646 0.833652 0.833659 0.833666 0.833673 0.83368 0.833686 0.833692 0.833698 0.833704 0.833709 0.833713 0.833717 0.833721 0.833724 0.833726 0.833727 0.833728 0.833728 0.833728 0.833727 0.833725 0.833722 0.833719 0.833715 0.833711 0.833706 0.833701 0.833695 0.833689 0.833683 0.833676 0.833669 0.833662 0.833656 0.833649 0.833642 0.833636 0.833629 0.833624 0.833618 0.833613 0.833609 0.833605 0.833601 0.833598 0.833596 0.833595 0.833594 0.833594 0.833594 0.833595 
0.871019 0.871018 0.871017 0.871017 0.871018 0.871019 0.87102 0.871022 0.871025 0.871028 0.871031 0.871035 0.871039 0.871043 0.871047 0.871052 0.871057 0.871062 0.871067 0.871072 0.871077 0.871082 0.871087 0.871091 0.871096 0.8711 0.871103 0.871107 0.87111 0.871112 0.871114 0.871115 0.871116 0.871117 0.871117 0.871116 0.871115 0.871114 0.871112 0.871109 0.871106 0.871103 0.871099 0.871095 0.871091 0.871087 0.871082 0.871077 0.871072 0.871067 0.871062 0.871057 0.871052 0.871047 0.871043 0.871038 0.871034 0.871031 0.871027 0.871025 0.871022 0.87102 
0.900174 0.900171 0.900169 0.900166 0.900164 0.900162 0.90016 0.900158 0.900156 0.900155 0.900154 0.900153 0.900152 0.900152 0.900152 0.900152 0.900153 0.900154 0.900155 0.900156 0.900158 0.900159 0.900161 0.900163 0.900166 0.900168 0.900171 0.900173 0.900176 0.900179 0.900182 0.900184 0.900187 0.900189 0.900192 0.900194 0.900196 0.900198 0.9002 0.900202 0.900203 0.900204 0.900205 0.900206 0.900206 0.900206 0.900206 0.900205 0.900204 0.900203 0.900202 0.9002 0.900199 0.900197 0.900194 0.900192 0.90019 0.900187 0.900184 0.900182 0.900179 0.900176 
0.921024 0.921022 0.92102 0.921017 0.921014 0.92101 0.921006 0.921002 0.920998 0.920994 0.920989 0.920984 0.92098 0.920975 0.92097 0.920966 0.920961 0.920957 0.920953 0.920949 0.920946 0.920943 0.92094 0.920938 0.920936 0.920935 0.920934 0.920933 0.920933 0.920934 0.920935 0.920936 0.920938 0.920941 0.920943 0.920947 0.92095 0.920954 0.920958 0.920962 0.920967 0.920971 0.920976 0.920981 0.920985 0.92099 0.920995 0.920999 0.921003 0.921007 0.921011 0.921014 0.921017 0.92102 0.921022 0.921024 0.921025 0.921026 0.921027 0.921027 0.921026 0.921025 
0.933545 0.933544 0.933543 0.933541 0.933538 0.933535 0.93353 0.933525 0.933519 0.933513 0.933506 0.933499 0.933492 0.933484 0.933476 0.933467 0.933459 0.933451 0.933443 0.933435 0.933427 0.93342 0.933413 0.933407 0.933401 0.933396 0.933392 0.933388 0.933385 0.933383 0.933382 0.933381 0.933382 0.933383 0.933385 0.933388 0.933392 0.933396 0.933401 0.933407 0.933413 0.93342 0.933427 0.933435 0.933443 0.933451 0.933459 0.933467 0.933475 0.933483 0.933491 0.933499 0.933506 0.933513 0.933519 0.933525 0.93353 0.933534 0.933538 0.933541 0.933543 0.933544 
0.937726 0.937726 0.937725 0.937723 0.937719 0.937715 0.93771 0.937704 0.937697 0.93769 0.937681 0.937672 0.937663 0.937653 0.937643 0.937633 0.937623 0.937612 0.937602 0.937592 0.937582 0.937573 0.937565 0.937556 0.937549 0.937543 0.937537 0.937532 0.937528 0.937525 0.937523 0.937522 0.937523 0.937524 0.937526 0.937529 0.937534 0.937539 0.937545 0.937552 0.93756 0.937568 0.937577 0.937586 0.937596 0.937606 0.937616 0.937627 0.937637 0.937647 0.937657 0.937667 0.937676 0.937684 0.937692 0.9377 0.937706 0.937712 0.937717 0.937721 0.937724 0.937726 
0.933565 0.933562 0.933559 0.933554 0.933549 0.933543 0.933536 0.933528 0.93352 0.933511 0.933502 0.933492 0.933482 0.933471 0.933461 0.93345 0.93344 0.93343 0.933421 0.933411 0.933403 0.933394 0.933387 0.933381 0.933375 0.93337 0.933366 0.933363 0.933361 0.933361 0.933361 0.933362 0.933365 0.933368 0.933372 0.933378 0.933384 0.933391 0.933399 0.933407 0.933416 0.933426 0.933435 0.933446 0.933456 0.933466 0.933477 0.933487 0.933497 0.933507 0.933516 0.933524 0.933533 0.93354 0.933546 0.933552 0.933557 0.933561 0.933564 0.933565 0.933566 0.933566 
0.921055 0.921048 0.921042 0.921034 0.921026 0.921018 0.921009 0.921 0.92099 0.920981 0.920972 0.920962 0.920953 0.920944 0.920936 0.920928 0.92092 0.920913 0.920907 0.920902 0.920897 0.920894 0.920891 0.920889 0.920888 0.920888 0.920889 0.920891 0.920894 0.920897 0.920902 0.920907 0.920914 0.92092 0.920928 0.920936 0.920944 0.920953 0.920962 0.920972 0.920981 0.920991 0.921 0.921009 0.921018 0.921026 0.921034 0.921042 0.921049 0.921055 0.92106 0.921065 0.921068 0.921071 0.921073 0.921074 0.921074 0.921073 0.921071 0.921068 0.921064 0.92106 
0.900198 0.900189 0.90018 0.900171 0.900162 0.900153 0.900144 0.900136 0.900128 0.90012 0.900114 0.900108 0.900102 0.900098 0.900094 0.900092 0.90009 0.900089 0.900089 0.90009 0.900092 0.900095 0.900098 0.900103 0.900108 0.900114 0.900121 0.900128 0.900136 0.900144 0.900153 0.900162 0.900171 0.900181 0.90019 0.900199 0.900208 0.900217 0.900225 0.900233 0.90024 0.900247 0.900253 0.900258 0.900262 0.900266 0.900269 0.90027 0.900271 0.900271 0.90027 0.900268 0.900265 0.900262 0.900257 0.900252 0.900246 0.900239 0.900232 0.900224 0.900216 0.900207 
0.871018 0.871009 0.871001 0.870994 0.870987 0.870981 0.870977 0.870973 0.87097 0.870968 0.870967 0.870967 0.870968 0.87097 0.870974 0.870978 0.870983 0.870989 0.870996 0.871003 0.871012 0.871021 0.87103 0.87104 0.87105 0.87106 0.87107 0.87108 0.871091 0.871101 0.87111 0.871119 0.871128 0.871136 0.871143 0.87115 0.871156 0.87116 0.871164 0.871167 0.871169 0.87117 0.87117 0.871168 0.871166 0.871163 0.871159 0.871154 0.871148 0.871141 0.871133 0.871125 0.871116 0.871107 0.871097 0.871087 0.871077 0.871066 0.871056 0.871046 0.871036 0.871027 
0.833562 0.833558 0.833556 0.833554 0.833553 0.833554 0.833556 0.833558 0.833562 0.833567 0.833573 0.83358 0.833587 0.833595 0.833605 0.833614 0.833624 0.833635 0.833646 0.833657 0.833668 0.833679 0.83369 0.8337 0.83371 0.83372 0.833729 0.833737 0.833745 0.833752 0.833758 0.833763 0.833766 0.833769 0.833771 0.833771 0.833771 0.833769 0.833766 0.833762 0.833758 0.833752 0.833745 0.833737 0.833729 0.83372 0.83371 0.8337 0.833689 0.833679 0.833668 0.833657 0.833646 0.833635 0.833624 0.833614 0.833604 0.833595 0.833587 0.83358 0.833573 0.833567 
0.787895 0.787897 0.787901 0.787906 0.787911 0.787918 0.787925 0.787933 0.787941 0.78795 0.78796 0.78797 0.78798 0.78799 0.788001 0.788011 0.788021 0.788031 0.788041 0.78805 0.788059 0.788066 0.788074 0.78808 0.788085 0.78809 0.788094 0.788096 0.788098 0.788098 0.788098 0.788096 0.788093 0.78809 0.788085 0.78808 0.788073 0.788066 0.788058 0.78805 0.78804 0.788031 0.788021 0.788011 0.788 0.78799 0.787979 0.787969 0.787959 0.78795 0.787941 0.787932 0.787924 0.787917 0.787911 0.787905 0.787901 0.787897 0.787895 0.787893 0.787893 0.787893 
0.734076 0.734083 0.73409 0.734097 0.734105 0.734113 0.734121 0.73413 0.734138 0.734146 0.734155 0.734163 0.73417 0.734178 0.734184 0.734191 0.734196 0.734202 0.734206 0.73421 0.734212 0.734214 0.734215 0.734216 0.734215 0.734214 0.734212 0.734209 0.734205 0.7342 0.734195 0.734189 0.734183 0.734176 0.734168 0.73416 0.734152 0.734144 0.734136 0.734127 0.734119 0.734111 0.734103 0.734095 0.734088 0.734081 0.734075 0.734069 0.734064 0.73406 0.734056 0.734053 0.734051 0.73405 0.73405 0.73405 0.734052 0.734054 0.734057 0.734061 0.734066 0.734071 
0.672187 0.672193 0.672198 0.672204 0.67221 0.672215 0.67222 0.672225 0.672229 0.672234 0.672237 0.672241 0.672243 0.672246 0.672247 0.672249 0.672249 0.672249 0.672249 0.672248 0.672246 0.672244 0.672241 0.672238 0.672234 0.67223 0.672226 0.672221 0.672216 0.67221 0.672205 0.672199 0.672193 0.672188 0.672182 0.672177 0.672171 0.672166 0.672161 0.672157 0.672153 0.672149 0.672146 0.672143 0.672141 0.672139 0.672138 0.672137 0.672137 0.672138 0.672139 0.672141 0.672143 0.672146 0.672149 0.672152 0.672157 0.672161 0.672166 0.672171 0.672176 0.672182 
0.602398 0.6024 0.602403 0.602405 0.602407 0.602408 0.60241 0.602411 0.602412 0.602412 0.602413 0.602413 0.602412 0.602411 0.60241 0.602409 0.602408 0.602406 0.602404 0.602401 0.602399 0.602396 0.602394 0.602391 0.602388 0.602385 0.602382 0.602378 0.602375 0.602372 0.60237 0.602367 0.602364 0.602362 0.60236 0.602358 0.602356 0.602355 0.602354 0.602353 0.602352 0.602352 0.602352 0.602353 0.602353 0.602354 0.602356 0.602357 0.602359 0.602361 0.602363 0.602366 0.602369 0.602371 0.602374 0.602377 0.60238 0.602383 0.602386 0.602389 0.602392 0.602395 
0.525045 0.525046 0.525046 0.525047 0.525047 0.525047 0.525047 0.525046 0.525046 0.525046 0.525045 0.525045 0.525044 0.525043 0.525042 0.525041 0.52504 0.525039 0.525038 0.525037 0.525036 0.525035 0.525033 0.525032 0.525031 0.52503 0.525029 0.525028 0.525027 0.525026 0.525026 0.525025 0.525025 0.525024 0.525024 0.525024 0.525024 0.525024 0.525024 0.525025 0.525025 0.525026 0.525026 0.525027 0.525028 0.525029 0.52503 0.525031 0.525032 0.525033 0.525034 0.525035 0.525036 0.525037 0.525039 0.52504 0.525041 0.525042 0.525043 0.525043 0.525044 0.525045 
0.440668 0.440668 0.440668 0.440668 0.440668 0.440669 0.440669 0.440669 0.440669 0.440669 0.440669 0.440669 0.440669 0.440668 0.440668 0.440668 0.440668 0.440668 0.440668 0.440667 0.440667 0.440667 0.440666 0.440666 0.440666 0.440666 0.440665 0.440665 0.440665 0.440665 0.440664 0.440664 0.440664 0.440664 0.440664 0.440664 0.440664 0.440664 0.440664 0.440664 0.440664 0.440664 0.440664 0.440664 0.440664 0.440664 0.440664 0.440664 0.440665 0.440665 0.440665 0.440665 0.440666 0.440666 0.440666 0.440666 0.440667 0.440667 0.440667 0.440667 0.440667 0.440668 
0.350015 0.350016 0.350016 0.350016 0.350017 0.350017 0.350017 0.350017 0.350017 0.350018 0.350018 0.350018 0.350018 0.350018 0.350018 0.350018 0.350018 0.350017 0.350017 0.350017 0.350017 0.350017 0.350016 0.350016 0.350016 0.350016 0.350015 0.350015 0.350015 0.350014 0.350014 0.350014 0.350014 0.350013 0.350013 0.350013 0.350013 0.350012 0.350012 0.350012 0.350012 0.350012 0.350012 0.350012 0.350012 0.350012 0.350012 0.350012 0.350012 0.350012 0.350012 0.350012 0.350013 0.350013 0.350013 0.350013 0.350014 0.350014 0.350014 0.350015 0.350015 0.350015 
0.254083 0.254083 0.254083 0.254083 0.254083 0.254083 0.254083 0.254083 0.254083 0.254083 0.254083 0.254083 0.254083 0.254083 0.254083 0.254082 0.254082 0.254082 0.254082 0.254082 0.254082 0.254081 0.254081 0.254081 0.254081 0.254081 0.254081 0.25408 0.25408 0.25408 0.25408 0.25408 0.25408 0.25408 0.254079 0.254079 0.254079 0.254079 0.254079 0.254079 0.254079 0.254079 0.254079 0.254079 0.25408 0.25408 0.25408 0.25408 0.25408 0.25408 0.25408 0.254081 0.254081 0.254081 0.254081 0.254081 0.254081 0.254082 0.254082 0.254082 0.254082 0.254082 
0.154131 0.154131 0.154131 0.154131 0.154131 0.154131 0.154131 0.154131 0.154131 0.154131 0.154131 0.154131 0.154131 0.154131 0.154131 0.154131 0.154131 0.154131 0.154131 0.154131 0.154131 0.154131 0.154131 0.154131 0.154131 0.154131 0.154131 0.154131 0.154131 0.154131 0.154131 0.154131 0.154131 0.154131 0.154131 0.154131 0.154131 0.154131 0.154131 0.154131 0.154131 0.154131 0.154131 0.154131 0.154131 0.154131 0.154131 0.154131 0.154131 0.154131 0.154131 0.154131 0.154131 0.154131 0.154131 0.154131 0.154131 0.154131 0.154131 0.154131 0.154131 0.154131 
0.0516624 0.0516625 0.0516625 0.0516625 0.0516625 0.0516625 0.0516626 0.0516626 0.0516626 0.0516627 0.0516628 0.0516628 0.0516629 0.051663 0.051663 0.0516631 0.0516632 0.0516633 0.0516633 0.0516634 0.0516635 0.0516635 0.0516636 0.0516637 0.0516637 0.0516637 0.0516638 0.0516638 0.0516638 0.0516639 0.0516639 0.0516639 0.0516639 0.0516638 0.0516638 0.0516638 0.0516638 0.0516637 0.0516637 0.0516636 0.0516636 0.0516635 0.0516634 0.0516634 0.0516633 0.0516632 0.0516632 0.0516631 0.051663 0.0516629 0.0516629 0.0516628 0.0516627 0.0516627 0.0516626 0.0516626 0.0516625 0.0516625 0.0516625 0.0516624 0.0516624 0.0516624 
