0.0511085 0.0511084 0.0511083 0.0511082 0.0511082 0.0511081 0.051108 0.051108 0.051108 0.051108 0.0511079 0.0511079 0.051108 0.051108 0.051108 0.0511081 0.0511081 0.0511082 0.0511083 0.0511084 0.0511085 0.0511086 0.0511087 0.0511088 0.0511089 0.0511091 0.0511092 0.0511093 0.0511094 0.0511095 0.0511096 0.0511097 0.0511098 0.0511099 0.05111 0.0511101 0.0511101 0.0511102 0.0511102 0.0511102 0.0511103 0.0511103 0.0511103 0.0511102 0.0511102 0.0511102 0.0511101 0.0511101 0.05111 0.0511099 0.0511098 0.0511097 0.0511096 0.0511095 0.0511094 0.0511093 0.0511092 0.051109 0.0511089 0.0511088 0.0511087 0.0511086 
0.152503 0.152503 0.152503 0.152503 0.152503 0.152503 0.152503 0.152502 0.152502 0.152502 0.152502 0.152502 0.152502 0.152503 0.152503 0.152503 0.152503 0.152503 0.152503 0.152503 0.152503 0.152504 0.152504 0.152504 0.152504 0.152504 0.152505 0.152505 0.152505 0.152505 0.152505 0.152506 0.152506 0.152506 0.152506 0.152506 0.152506 0.152506 0.152506 0.152506 0.152506 0.152506 0.152506 0.152506 0.152506 0.152506 0.152506 0.152506 0.152506 0.152506 0.152506 0.152505 0.152505 0.152505 0.152505 0.152505 0.152504 0.152504 0.152504 0.152504 0.152504 0.152503 
0.251481 0.251481 0.251481 0.25148 0.25148 0.25148 0.25148 0.25148 0.25148 0.25148 0.25148 0.25148 0.25148 0.25148 0.25148 0.25148 0.25148 0.25148 0.25148 0.25148 0.25148 0.25148 0.251481 0.251481 0.251481 0.251481 0.251481 0.251482 0.251482 0.251482 0.251482 0.251482 0.251483 0.251483 0.251483 0.251483 0.251483 0.251483 0.251483 0.251483 0.251484 0.251484 0.251484 0.251484 0.251484 0.251484 0.251483 0.251483 0.251483 0.251483 0.251483 0.251483 0.251483 0.251483 0.251482 0.251482 0.251482 0.251482 0.251482 0.251481 0.251481 0.251481 
0.346588 0.346588 0.346587 0.346587 0.346587 0.346587 0.346587 0.346587 0.346587 0.346587 0.346587 0.346587 0.346587 0.346587 0.346587 0.346587 0.346587 0.346587 0.346587 0.346587 0.346587 0.346587 0.346587 0.346587 0.346587 0.346587 0.346587 0.346587 0.346587 0.346588 0.346588 0.346588 0.346588 0.346588 0.346588 0.346588 0.346588 0.346588 0.346589 0.346589 0.346589 0.346589 0.346589 0.346589 0.346589 0.346589 0.346589 0.346589 0.346589 0.346589 0.346589 0.346589 0.346589 0.346589 0.346589 0.346588 0.346588 0.346588 0.346588 0.346588 0.346588 0.346588 
0.436579 0.436579 0.436579 0.436579 0.436579 0.436579 0.436579 0.436579 0.43658 0.43658 0.43658 0.43658 0.43658 0.43658 0.43658 0.43658 0.43658 0.43658 0.43658 0.43658 0.43658 0.43658 0.436579 0.436579 0.436579 0.436579 0.436579 0.436579 0.436579 0.436579 0.436579 0.436579 0.436579 0.436579 0.436579 0.436579 0.436578 0.436578 0.436578 0.436578 0.436578 0.436578 0.436578 0.436578 0.436578 0.436578 0.436578 0.436578 0.436578 0.436578 0.436578 0.436578 0.436578 0.436578 0.436578 0.436579 0.436579 0.436579 0.436579 0.436579 0.436579 0.436579 
0.520451 0.520451 0.520452 0.520452 0.520453 0.520453 0.520454 0.520455 0.520455 0.520456 0.520456 0.520456 0.520457 0.520457 0.520458 0.520458 0.520458 0.520458 0.520459 0.520459 0.520459 0.520459 0.520459 0.520458 0.520458 0.520458 0.520458 0.520457 0.520457 0.520457 0.520456 0.520456 0.520455 0.520455 0.520454 0.520454 0.520453 0.520453 0.520452 0.520452 0.520451 0.520451 0.52045 0.52045 0.520449 0.520449 0.520449 0.520449 0.520448 0.520448 0.520448 0.520448 0.520448 0.520448 0.520448 0.520449 0.520449 0.520449 0.520449 0.52045 0.52045 0.520451 
0.59744 0.59744 0.597441 0.597443 0.597444 0.597445 0.597446 0.597448 0.597449 0.59745 0.597452 0.597453 0.597455 0.597456 0.597457 0.597459 0.59746 0.597461 0.597462 0.597463 0.597464 0.597465 0.597465 0.597466 0.597466 0.597466 0.597466 0.597466 0.597465 0.597465 0.597464 0.597464 0.597463 0.597462 0.597461 0.597459 0.597458 0.597457 0.597456 0.597454 0.597453 0.597451 0.59745 0.597448 0.597447 0.597446 0.597444 0.597443 0.597442 0.597441 0.59744 0.597439 0.597439 0.597438 0.597438 0.597437 0.597437 0.597437 0.597438 0.597438 0.597438 0.597439 
0.667003 0.667003 0.667004 0.667005 0.667006 0.667007 0.667009 0.66701 0.667012 0.667015 0.667017 0.667019 0.667022 0.667025 0.667028 0.66703 0.667033 0.667036 0.667039 0.667041 0.667044 0.667046 0.667049 0.667051 0.667053 0.667054 0.667056 0.667057 0.667058 0.667058 0.667059 0.667059 0.667059 0.667058 0.667057 0.667056 0.667055 0.667053 0.667052 0.66705 0.667047 0.667045 0.667043 0.66704 0.667037 0.667034 0.667032 0.667029 0.667026 0.667023 0.667021 0.667018 0.667016 0.667013 0.667011 0.667009 0.667008 0.667006 0.667005 0.667004 0.667004 0.667003 
0.728789 0.728787 0.728785 0.728784 0.728783 0.728783 0.728783 0.728784 0.728785 0.728786 0.728788 0.72879 0.728793 0.728796 0.728799 0.728802 0.728806 0.72881 0.728814 0.728818 0.728823 0.728827 0.728831 0.728836 0.72884 0.728844 0.728848 0.728851 0.728855 0.728858 0.728861 0.728863 0.728865 0.728867 0.728868 0.728869 0.728869 0.728869 0.728868 0.728867 0.728866 0.728864 0.728862 0.728859 0.728856 0.728853 0.728849 0.728845 0.728841 0.728837 0.728833 0.728829 0.728824 0.72882 0.728816 0.728812 0.728808 0.728804 0.7288 0.728797 0.728794 0.728791 
0.782576 0.782572 0.782568 0.782564 0.78256 0.782557 0.782554 0.782552 0.782551 0.78255 0.782549 0.782549 0.78255 0.782551 0.782553 0.782555 0.782557 0.782561 0.782564 0.782568 0.782573 0.782577 0.782582 0.782587 0.782593 0.782598 0.782603 0.782609 0.782614 0.782619 0.782625 0.782629 0.782634 0.782638 0.782642 0.782646 0.782649 0.782652 0.782654 0.782655 0.782656 0.782657 0.782657 0.782656 0.782655 0.782653 0.782651 0.782648 0.782645 0.782642 0.782638 0.782633 0.782629 0.782624 0.782619 0.782613 0.782608 0.782602 0.782597 0.782592 0.782586 0.782581 
0.828221 0.828216 0.828211 0.828205 0.8282 0.828195 0.828191 0.828186 0.828183 0.828179 0.828176 0.828173 0.828171 0.82817 0.828169 0.828168 0.828168 0.828169 0.82817 0.828172 0.828174 0.828177 0.82818 0.828183 0.828187 0.828192 0.828196 0.828201 0.828206 0.828212 0.828217 0.828223 0.828228 0.828234 0.828239 0.828244 0.828249 0.828253 0.828258 0.828262 0.828265 0.828268 0.828271 0.828273 0.828274 0.828276 0.828276 0.828276 0.828275 0.828274 0.828272 0.82827 0.828267 0.828264 0.828261 0.828257 0.828252 0.828247 0.828243 0.828237 0.828232 0.828227 
0.865622 0.865619 0.865615 0.865611 0.865607 0.865603 0.865599 0.865595 0.865592 0.865588 0.865584 0.865581 0.865577 0.865575 0.865572 0.86557 0.865568 0.865566 0.865565 0.865564 0.865563 0.865563 0.865564 0.865564 0.865566 0.865567 0.865569 0.865571 0.865574 0.865577 0.86558 0.865583 0.865587 0.865591 0.865595 0.865598 0.865602 0.865606 0.86561 0.865614 0.865618 0.865622 0.865625 0.865628 0.865631 0.865634 0.865636 0.865638 0.86564 0.865641 0.865642 0.865642 0.865642 0.865642 0.865641 0.86564 0.865638 0.865637 0.865634 0.865632 0.865629 0.865626 
0.89472 0.89472 0.89472 0.894719 0.894719 0.894718 0.894717 0.894716 0.894715 0.894714 0.894712 0.894711 0.894709 0.894708 0.894706 0.894704 0.894702 0.8947 0.894699 0.894697 0.894695 0.894693 0.894692 0.89469 0.894689 0.894688 0.894687 0.894686 0.894685 0.894685 0.894684 0.894684 0.894684 0.894684 0.894685 0.894685 0.894686 0.894687 0.894688 0.894689 0.89469 0.894692 0.894693 0.894695 0.894696 0.894698 0.8947 0.894702 0.894704 0.894705 0.894707 0.894709 0.89471 0.894712 0.894713 0.894715 0.894716 0.894717 0.894718 0.894719 0.894719 0.89472 
0.915494 0.915498 0.915501 0.915505 0.915508 0.915512 0.915515 0.915518 0.915521 0.915524 0.915526 0.915528 0.91553 0.915531 0.915532 0.915533 0.915533 0.915533 0.915533 0.915532 0.915531 0.915529 0.915527 0.915525 0.915523 0.91552 0.915517 0.915514 0.915511 0.915507 0.915504 0.9155 0.915497 0.915493 0.915489 0.915486 0.915482 0.915479 0.915476 0.915473 0.915471 0.915468 0.915466 0.915464 0.915463 0.915462 0.915461 0.915461 0.915461 0.915461 0.915462 0.915463 0.915465 0.915467 0.915469 0.915471 0.915474 0.915477 0.91548 0.915483 0.915487 0.91549 
0.927951 0.927957 0.927964 0.92797 0.927977 0.927984 0.927991 0.927997 0.928004 0.92801 0.928016 0.928021 0.928026 0.92803 0.928034 0.928038 0.92804 0.928042 0.928044 0.928044 0.928044 0.928044 0.928042 0.92804 0.928038 0.928034 0.928031 0.928026 0.928021 0.928016 0.92801 0.928004 0.927998 0.927991 0.927984 0.927977 0.927971 0.927964 0.927957 0.927951 0.927945 0.927939 0.927934 0.927929 0.927924 0.92792 0.927917 0.927914 0.927912 0.927911 0.92791 0.92791 0.927911 0.927912 0.927914 0.927917 0.92792 0.927924 0.927929 0.927934 0.927939 0.927945 
0.932104 0.932112 0.93212 0.932129 0.932137 0.932146 0.932154 0.932163 0.932171 0.932179 0.932186 0.932193 0.9322 0.932205 0.93221 0.932215 0.932218 0.932221 0.932222 0.932223 0.932224 0.932223 0.932221 0.932219 0.932215 0.932211 0.932206 0.9322 0.932194 0.932187 0.93218 0.932172 0.932164 0.932156 0.932147 0.932139 0.93213 0.932121 0.932113 0.932105 0.932097 0.932089 0.932083 0.932076 0.93207 0.932065 0.932061 0.932058 0.932055 0.932053 0.932052 0.932052 0.932053 0.932055 0.932058 0.932061 0.932065 0.93207 0.932076 0.932082 0.932089 0.932096 
0.927961 0.92797 0.927979 0.927987 0.927996 0.928005 0.928013 0.928021 0.928028 0.928035 0.928041 0.928047 0.928052 0.928056 0.92806 0.928062 0.928064 0.928065 0.928065 0.928064 0.928062 0.928059 0.928056 0.928051 0.928046 0.92804 0.928034 0.928027 0.928019 0.928011 0.928003 0.927994 0.927986 0.927977 0.927968 0.927959 0.927951 0.927942 0.927934 0.927927 0.92792 0.927914 0.927908 0.927903 0.927899 0.927895 0.927893 0.927891 0.927891 0.927891 0.927892 0.927894 0.927896 0.9279 0.927904 0.92791 0.927915 0.927922 0.927929 0.927936 0.927944 0.927953 
0.91552 0.915528 0.915535 0.915542 0.915549 0.915555 0.91556 0.915565 0.915569 0.915572 0.915575 0.915576 0.915577 0.915577 0.915577 0.915575 0.915573 0.91557 0.915566 0.915562 0.915557 0.915551 0.915544 0.915538 0.915531 0.915523 0.915515 0.915507 0.915499 0.915491 0.915483 0.915475 0.915468 0.91546 0.915453 0.915447 0.915441 0.915436 0.915431 0.915427 0.915423 0.915421 0.915419 0.915418 0.915418 0.915419 0.91542 0.915423 0.915426 0.91543 0.915434 0.915439 0.915445 0.915451 0.915458 0.915465 0.915473 0.915481 0.915489 0.915497 0.915505 0.915513 
0.894768 0.894772 0.894775 0.894778 0.89478 0.894781 0.894781 0.89478 0.894779 0.894777 0.894774 0.89477 0.894766 0.894761 0.894755 0.894749 0.894743 0.894736 0.894728 0.894721 0.894713 0.894705 0.894697 0.894689 0.894682 0.894674 0.894667 0.89466 0.894654 0.894648 0.894643 0.894638 0.894634 0.894631 0.894628 0.894626 0.894625 0.894625 0.894626 0.894627 0.894629 0.894632 0.894636 0.89464 0.894645 0.894651 0.894657 0.894663 0.89467 0.894678 0.894685 0.894693 0.894701 0.894709 0.894717 0.894725 0.894732 0.894739 0.894746 0.894752 0.894758 0.894763 
0.865689 0.865687 0.865685 0.865682 0.865678 0.865673 0.865668 0.865661 0.865655 0.865648 0.86564 0.865632 0.865624 0.865615 0.865607 0.865598 0.865589 0.865581 0.865573 0.865565 0.865557 0.86555 0.865544 0.865538 0.865533 0.865529 0.865525 0.865522 0.86552 0.865519 0.865519 0.865519 0.865521 0.865523 0.865527 0.865531 0.865535 0.865541 0.865547 0.865554 0.865561 0.865569 0.865577 0.865585 0.865593 0.865602 0.865611 0.865619 0.865628 0.865636 0.865644 0.865651 0.865658 0.865664 0.86567 0.865675 0.86568 0.865683 0.865686 0.865688 0.865689 0.865689 
0.828289 0.828282 0.828275 0.828267 0.828259 0.828251 0.828242 0.828233 0.828224 0.828215 0.828206 0.828197 0.828188 0.82818 0.828172 0.828165 0.828158 0.828152 0.828147 0.828143 0.828139 0.828136 0.828134 0.828133 0.828133 0.828134 0.828136 0.828139 0.828142 0.828147 0.828152 0.828158 0.828165 0.828172 0.82818 0.828188 0.828196 0.828205 0.828214 0.828223 0.828232 0.828241 0.82825 0.828259 0.828267 0.828275 0.828282 0.828289 0.828295 0.8283 0.828304 0.828308 0.828311 0.828312 0.828313 0.828313 0.828312 0.82831 0.828308 0.828304 0.8283 0.828295 
0.782622 0.782614 0.782606 0.782597 0.782589 0.78258 0.782572 0.782565 0.782557 0.782551 0.782544 0.782539 0.782534 0.78253 0.782526 0.782523 0.782522 0.782521 0.782521 0.782521 0.782523 0.782525 0.782529 0.782533 0.782537 0.782543 0.782549 0.782556 0.782563 0.78257 0.782578 0.782586 0.782595 0.782603 0.782612 0.78262 0.782629 0.782637 0.782644 0.782651 0.782658 0.782664 0.78267 0.782675 0.782679 0.782683 0.782685 0.782687 0.782688 0.782688 0.782687 0.782686 0.782683 0.78268 0.782676 0.782671 0.782666 0.78266 0.782653 0.782646 0.782638 0.78263 
0.728802 0.728796 0.72879 0.728785 0.728779 0.728775 0.728771 0.728767 0.728765 0.728762 0.728761 0.72876 0.72876 0.72876 0.728762 0.728764 0.728766 0.728769 0.728773 0.728777 0.728782 0.728787 0.728793 0.728799 0.728806 0.728812 0.728819 0.728826 0.728832 0.728839 0.728846 0.728852 0.728859 0.728864 0.72887 0.728875 0.728879 0.728884 0.728887 0.72889 0.728892 0.728893 0.728894 0.728894 0.728894 0.728893 0.728891 0.728888 0.728885 0.728881 0.728877 0.728872 0.728867 0.728861 0.728855 0.728848 0.728842 0.728835 0.728828 0.728822 0.728815 0.728808 
0.666994 0.666991 0.66699 0.666988 0.666987 0.666986 0.666986 0.666987 0.666988 0.666989 0.666991 0.666993 0.666995 0.666998 0.667001 0.667005 0.667009 0.667013 0.667017 0.667022 0.667026 0.667031 0.667036 0.66704 0.667045 0.667049 0.667054 0.667058 0.667061 0.667065 0.667068 0.667071 0.667073 0.667075 0.667076 0.667077 0.667078 0.667078 0.667078 0.667077 0.667076 0.667074 0.667072 0.667069 0.667066 0.667063 0.667059 0.667055 0.667051 0.667047 0.667042 0.667038 0.667033 0.667028 0.667024 0.667019 0.667015 0.667011 0.667007 0.667003 0.667 0.666997 
0.597427 0.597427 0.597427 0.597428 0.597429 0.59743 0.597431 0.597433 0.597435 0.597437 0.597439 0.597441 0.597444 0.597446 0.597449 0.597452 0.597454 0.597457 0.597459 0.597462 0.597464 0.597467 0.597469 0.597471 0.597473 0.597474 0.597476 0.597477 0.597478 0.597478 0.597479 0.597479 0.597479 0.597478 0.597477 0.597476 0.597475 0.597474 0.597472 0.59747 0.597468 0.597466 0.597464 0.597461 0.597459 0.597456 0.597454 0.597451 0.597448 0.597446 0.597443 0.597441 0.597438 0.597436 0.597434 0.597433 0.597431 0.59743 0.597429 0.597428 0.597427 0.597427 
0.520444 0.520445 0.520445 0.520446 0.520447 0.520448 0.520449 0.52045 0.520451 0.520453 0.520454 0.520455 0.520456 0.520457 0.520459 0.52046 0.520461 0.520462 0.520463 0.520463 0.520464 0.520465 0.520465 0.520466 0.520466 0.520466 0.520466 0.520466 0.520466 0.520465 0.520465 0.520464 0.520464 0.520463 0.520462 0.520461 0.52046 0.520459 0.520458 0.520457 0.520456 0.520454 0.520453 0.520452 0.520451 0.52045 0.520449 0.520448 0.520447 0.520446 0.520445 0.520444 0.520444 0.520443 0.520443 0.520442 0.520442 0.520442 0.520442 0.520443 0.520443 0.520443 
0.436577 0.436577 0.436577 0.436578 0.436578 0.436579 0.436579 0.43658 0.43658 0.43658 0.436581 0.436581 0.436582 0.436582 0.436582 0.436583 0.436583 0.436583 0.436583 0.436584 0.436584 0.436584 0.436584 0.436584 0.436584 0.436584 0.436584 0.436583 0.436583 0.436583 0.436583 0.436582 0.436582 0.436582 0.436581 0.436581 0.43658 0.43658 0.43658 0.436579 0.436579 0.436578 0.436578 0.436577 0.436577 0.436577 0.436576 0.436576 0.436576 0.436576 0.436576 0.436575 0.436575 0.436575 0.436575 0.436575 0.436576 0.436576 0.436576 0.436576 0.436576 0.436577 
0.346587 0.346588 0.346588 0.346588 0.346588 0.346588 0.346588 0.346588 0.346588 0.346588 0.346589 0.346589 0.346589 0.346589 0.346589 0.346589 0.346589 0.346589 0.346589 0.346589 0.346589 0.346589 0.346589 0.346589 0.346589 0.346589 0.346589 0.346589 0.346589 0.346589 0.346589 0.346589 0.346589 0.346589 0.346589 0.346588 0.346588 0.346588 0.346588 0.346588 0.346588 0.346588 0.346588 0.346588 0.346587 0.346587 0.346587 0.346587 0.346587 0.346587 0.346587 0.346587 0.346587 0.346587 0.346587 0.346587 0.346587 0.346587 0.346587 0.346587 0.346587 0.346587 
0.251482 0.251482 0.251482 0.251482 0.251482 0.251482 0.251482 0.251482 0.251482 0.251482 0.251482 0.251482 0.251482 0.251482 0.251482 0.251482 0.251482 0.251482 0.251482 0.251482 0.251482 0.251482 0.251482 0.251482 0.251482 0.251482 0.251482 0.251482 0.251482 0.251482 0.251482 0.251482 0.251482 0.251482 0.251482 0.251482 0.251482 0.251482 0.251482 0.251482 0.251482 0.251482 0.251482 0.251482 0.251482 0.251482 0.251482 0.251482 0.251482 0.251482 0.251482 0.251482 0.251482 0.251482 0.251482 0.251482 0.251482 0.251482 0.251482 0.251482 0.251482 0.251482 
0.152505 0.152505 0.152504 0.152504 0.152504 0.152504 0.152504 0.152504 0.152504 0.152504 0.152504 0.152504 0.152504 0.152504 0.152503 0.152503 0.152503 0.152503 0.152503 0.152503 0.152504 0.152504 0.152504 0.152504 0.152504 0.152504 0.152504 0.152504 0.152504 0.152504 0.152504 0.152505 0.152505 0.152505 0.152505 0.152505 0.152505 0.152505 0.152505 0.152505 0.152506 0.152506 0.152506 0.152506 0.152506 0.152506 0.152506 0.152506 0.152506 0.152506 0.152506 0.152506 0.152506 0.152506 0.152506 0.152505 0.152505 0.152505 0.152505 0.152505 0.152505 0.152505 
0.0511091 0.051109 0.0511089 0.0511088 0.0511087 0.0511086 0.0511086 0.0511085 0.0511084 0.0511084 0.0511083 0.0511082 0.0511082 0.0511082 0.0511082 0.0511082 0.0511082 0.0511082 0.0511082 0.0511082 0.0511083 0.0511083 0.0511084 0.0511085 0.0511085 0.0511086 0.0511087 0.0511088 0.0511089 0.051109 0.0511091 0.0511092 0.0511093 0.0511094 0.0511095 0.0511096 0.0511097 0.0511098 0.0511099 0.0511099 0.05111 0.0511101 0.0511101 0.0511101 0.0511102 0.0511102 0.0511102 0.0511102 0.0511102 0.0511101 0.0511101 0.0511101 0.05111 0.0511099 0.0511099 0.0511098 0.0511097 0.0511096 0.0511095 0.0511094 0.0511093 0.0511092 
