0.0501107 0.0501107 0.0501108 0.0501109 0.0501109 0.050111 0.050111 0.050111 0.0501111 0.0501111 0.0501112 0.0501112 0.0501112 0.0501112 0.0501112 0.0501112 0.0501112 0.0501112 0.0501112 0.0501111 0.0501111 0.0501111 0.050111 0.050111 0.0501109 0.0501109 0.0501108 0.0501108 0.0501107 0.0501106 0.0501106 0.0501105 0.0501105 0.0501104 0.0501103 0.0501103 0.0501102 0.0501102 0.0501101 0.0501101 0.0501101 0.05011 0.05011 0.05011 0.05011 0.05011 0.05011 0.05011 0.05011 0.05011 0.0501101 0.0501101 0.0501101 0.0501102 0.0501102 0.0501103 0.0501103 0.0501104 0.0501104 0.0501105 0.0501106 0.0501106 
0.149567 0.149567 0.149567 0.149567 0.149567 0.149567 0.149567 0.149567 0.149567 0.149567 0.149567 0.149567 0.149567 0.149567 0.149567 0.149567 0.149567 0.149567 0.149567 0.149567 0.149567 0.149567 0.149566 0.149566 0.149566 0.149566 0.149566 0.149566 0.149566 0.149566 0.149565 0.149565 0.149565 0.149565 0.149565 0.149565 0.149565 0.149565 0.149565 0.149565 0.149565 0.149565 0.149565 0.149565 0.149565 0.149565 0.149565 0.149565 0.149565 0.149565 0.149565 0.149565 0.149565 0.149565 0.149566 0.149566 0.149566 0.149566 0.149566 0.149566 0.149566 0.149566 
0.246765 0.246765 0.246766 0.246766 0.246766 0.246766 0.246766 0.246766 0.246766 0.246766 0.246766 0.246766 0.246766 0.246766 0.246766 0.246766 0.246766 0.246766 0.246766 0.246766 0.246766 0.246766 0.246766 0.246765 0.246765 0.246765 0.246765 0.246765 0.246765 0.246764 0.246764 0.246764 0.246764 0.246764 0.246764 0.246763 0.246763 0.246763 0.246763 0.246763 0.246763 0.246763 0.246763 0.246763 0.246763 0.246763 0.246763 0.246763 0.246763 0.246763 0.246763 0.246763 0.246764 0.246764 0.246764 0.246764 0.246764 0.246764 0.246765 0.246765 0.246765 0.246765 
0.340331 0.340332 0.340332 0.340332 0.340332 0.340332 0.340332 0.340332 0.340333 0.340333 0.340333 0.340333 0.340333 0.340333 0.340333 0.340333 0.340333 0.340333 0.340333 0.340333 0.340333 0.340333 0.340333 0.340333 0.340333 0.340332 0.340332 0.340332 0.340332 0.340332 0.340332 0.340332 0.340331 0.340331 0.340331 0.340331 0.340331 0.34033 0.34033 0.34033 0.34033 0.34033 0.34033 0.34033 0.34033 0.34033 0.34033 0.34033 0.34033 0.34033 0.34033 0.34033 0.34033 0.34033 0.34033 0.34033 0.34033 0.34033 0.340331 0.340331 0.340331 0.340331 
0.429064 0.429064 0.429064 0.429064 0.429064 0.429064 0.429064 0.429064 0.429064 0.429064 0.429064 0.429064 0.429064 0.429064 0.429064 0.429064 0.429064 0.429064 0.429064 0.429064 0.429064 0.429064 0.429064 0.429064 0.429064 0.429064 0.429064 0.429064 0.429064 0.429064 0.429064 0.429064 0.429064 0.429064 0.429064 0.429064 0.429064 0.429064 0.429064 0.429064 0.429064 0.429064 0.429064 0.429064 0.429064 0.429064 0.429064 0.429063 0.429063 0.429063 0.429063 0.429063 0.429063 0.429063 0.429063 0.429063 0.429064 0.429064 0.429064 0.429064 0.429064 0.429064 
0.511968 0.511968 0.511968 0.511968 0.511968 0.511967 0.511967 0.511967 0.511967 0.511966 0.511966 0.511966 0.511965 0.511965 0.511965 0.511964 0.511964 0.511964 0.511964 0.511963 0.511963 0.511963 0.511963 0.511963 0.511963 0.511963 0.511963 0.511963 0.511963 0.511963 0.511963 0.511963 0.511963 0.511963 0.511964 0.511964 0.511964 0.511964 0.511965 0.511965 0.511965 0.511965 0.511966 0.511966 0.511966 0.511967 0.511967 0.511967 0.511967 0.511968 0.511968 0.511968 0.511968 0.511968 0.511968 0.511968 0.511968 0.511969 0.511969 0.511968 0.511968 0.511968 
0.588262 0.588262 0.588262 0.588262 0.588261 0.588261 0.58826 0.58826 0.588259 0.588259 0.588258 0.588257 0.588256 0.588255 0.588254 0.588253 0.588252 0.588252 0.588251 0.58825 0.588249 0.588248 0.588247 0.588246 0.588246 0.588245 0.588245 0.588244 0.588244 0.588243 0.588243 0.588243 0.588243 0.588243 0.588243 0.588244 0.588244 0.588245 0.588245 0.588246 0.588247 0.588247 0.588248 0.588249 0.58825 0.588251 0.588252 0.588253 0.588254 0.588254 0.588255 0.588256 0.588257 0.588258 0.588259 0.588259 0.58826 0.58826 0.588261 0.588261 0.588262 0.588262 
0.657355 0.657356 0.657357 0.657357 0.657358 0.657358 0.657358 0.657358 0.657357 0.657357 0.657356 0.657355 0.657354 0.657353 0.657352 0.65735 0.657348 0.657347 0.657345 0.657343 0.657341 0.657339 0.657338 0.657336 0.657334 0.657332 0.65733 0.657329 0.657327 0.657326 0.657325 0.657323 0.657323 0.657322 0.657321 0.657321 0.657321 0.657321 0.657321 0.657321 0.657322 0.657322 0.657323 0.657324 0.657326 0.657327 0.657328 0.65733 0.657332 0.657333 0.657335 0.657337 0.657339 0.657341 0.657343 0.657345 0.657346 0.657348 0.65735 0.657351 0.657352 0.657354 
0.718824 0.718826 0.718829 0.718831 0.718833 0.718834 0.718836 0.718837 0.718838 0.718839 0.718839 0.718839 0.718839 0.718838 0.718838 0.718836 0.718835 0.718833 0.718832 0.71883 0.718827 0.718825 0.718822 0.718819 0.718817 0.718814 0.718811 0.718808 0.718805 0.718802 0.718799 0.718797 0.718794 0.718792 0.71879 0.718788 0.718786 0.718784 0.718783 0.718782 0.718782 0.718781 0.718781 0.718782 0.718782 0.718783 0.718784 0.718785 0.718787 0.718789 0.718791 0.718793 0.718796 0.718798 0.718801 0.718804 0.718807 0.71881 0.718813 0.718816 0.718818 0.718821 
0.772386 0.772389 0.772393 0.772396 0.7724 0.772403 0.772406 0.772409 0.772412 0.772414 0.772416 0.772418 0.77242 0.772421 0.772421 0.772422 0.772422 0.772421 0.772421 0.77242 0.772418 0.772416 0.772414 0.772412 0.772409 0.772406 0.772403 0.7724 0.772396 0.772393 0.772389 0.772385 0.772382 0.772378 0.772374 0.772371 0.772367 0.772364 0.772361 0.772359 0.772356 0.772354 0.772353 0.772351 0.77235 0.772349 0.772349 0.772349 0.772349 0.77235 0.772351 0.772353 0.772355 0.772357 0.772359 0.772362 0.772365 0.772368 0.772371 0.772375 0.772378 0.772382 
0.817869 0.817873 0.817876 0.81788 0.817883 0.817887 0.817891 0.817894 0.817898 0.817901 0.817905 0.817908 0.817911 0.817913 0.817915 0.817917 0.817919 0.81792 0.817921 0.817921 0.817922 0.817921 0.817921 0.81792 0.817918 0.817917 0.817915 0.817912 0.81791 0.817907 0.817904 0.8179 0.817897 0.817893 0.81789 0.817886 0.817882 0.817878 0.817875 0.817871 0.817868 0.817865 0.817862 0.817859 0.817856 0.817854 0.817852 0.817851 0.817849 0.817849 0.817848 0.817848 0.817848 0.817849 0.81785 0.817851 0.817853 0.817855 0.817857 0.81786 0.817863 0.817866 
0.855178 0.85518 0.855182 0.855184 0.855186 0.855189 0.855191 0.855194 0.855197 0.855199 0.855202 0.855205 0.855207 0.85521 0.855212 0.855214 0.855216 0.855218 0.85522 0.855221 0.855222 0.855223 0.855224 0.855224 0.855225 0.855224 0.855224 0.855223 0.855222 0.855221 0.85522 0.855218 0.855216 0.855214 0.855212 0.85521 0.855207 0.855205 0.855202 0.855199 0.855197 0.855194 0.855191 0.855189 0.855186 0.855184 0.855182 0.85518 0.855178 0.855176 0.855175 0.855173 0.855173 0.855172 0.855171 0.855171 0.855171 0.855172 0.855173 0.855174 0.855175 0.855176 
0.884253 0.884253 0.884253 0.884253 0.884253 0.884253 0.884254 0.884254 0.884254 0.884255 0.884255 0.884256 0.884257 0.884257 0.884258 0.884259 0.88426 0.88426 0.884261 0.884262 0.884263 0.884264 0.884264 0.884265 0.884266 0.884266 0.884267 0.884267 0.884268 0.884268 0.884268 0.884268 0.884269 0.884269 0.884269 0.884268 0.884268 0.884268 0.884268 0.884267 0.884267 0.884266 0.884266 0.884265 0.884264 0.884263 0.884263 0.884262 0.884261 0.88426 0.88426 0.884259 0.884258 0.884257 0.884257 0.884256 0.884255 0.884255 0.884254 0.884254 0.884254 0.884253 
0.905054 0.905052 0.90505 0.905048 0.905046 0.905044 0.905042 0.90504 0.905038 0.905035 0.905033 0.905031 0.905029 0.905027 0.905025 0.905023 0.905021 0.90502 0.905019 0.905018 0.905017 0.905016 0.905015 0.905015 0.905015 0.905015 0.905016 0.905017 0.905018 0.905019 0.90502 0.905021 0.905023 0.905025 0.905027 0.905029 0.905031 0.905033 0.905035 0.905038 0.90504 0.905042 0.905044 0.905046 0.905048 0.90505 0.905052 0.905054 0.905055 0.905056 0.905058 0.905058 0.905059 0.90506 0.90506 0.90506 0.90506 0.905059 0.905058 0.905057 0.905056 0.905055 
0.917549 0.917546 0.917543 0.91754 0.917536 0.917532 0.917528 0.917523 0.917519 0.917514 0.917509 0.917505 0.9175 0.917496 0.917491 0.917487 0.917483 0.917479 0.917476 0.917473 0.91747 0.917468 0.917466 0.917465 0.917464 0.917463 0.917463 0.917464 0.917465 0.917466 0.917468 0.91747 0.917473 0.917476 0.917479 0.917483 0.917487 0.917491 0.917496 0.9175 0.917505 0.91751 0.917514 0.917519 0.917523 0.917528 0.917532 0.917536 0.91754 0.917543 0.917546 0.917549 0.917551 0.917553 0.917554 0.917555 0.917556 0.917556 0.917555 0.917554 0.917553 0.917551 
0.921718 0.921714 0.92171 0.921705 0.9217 0.921695 0.921689 0.921684 0.921678 0.921671 0.921665 0.921659 0.921653 0.921647 0.921641 0.921636 0.921631 0.921626 0.921622 0.921618 0.921615 0.921612 0.92161 0.921608 0.921607 0.921607 0.921607 0.921608 0.921609 0.921611 0.921614 0.921617 0.921621 0.921625 0.92163 0.921635 0.92164 0.921646 0.921652 0.921658 0.921664 0.92167 0.921677 0.921683 0.921689 0.921694 0.9217 0.921705 0.921709 0.921714 0.921718 0.921721 0.921724 0.921726 0.921727 0.921728 0.921729 0.921728 0.921728 0.921726 0.921724 0.921721 
0.917552 0.917547 0.917542 0.917536 0.91753 0.917524 0.917518 0.917511 0.917505 0.917498 0.917492 0.917486 0.91748 0.917474 0.917469 0.917464 0.91746 0.917456 0.917453 0.91745 0.917448 0.917447 0.917446 0.917446 0.917446 0.917448 0.917449 0.917452 0.917455 0.917458 0.917463 0.917467 0.917472 0.917478 0.917483 0.917489 0.917496 0.917502 0.917508 0.917515 0.917521 0.917528 0.917534 0.91754 0.917545 0.91755 0.917555 0.91756 0.917563 0.917567 0.917569 0.917571 0.917573 0.917574 0.917574 0.917573 0.917572 0.91757 0.917568 0.917565 0.917561 0.917557 
0.905054 0.905048 0.905042 0.905036 0.90503 0.905024 0.905018 0.905012 0.905007 0.905002 0.904997 0.904993 0.904989 0.904986 0.904983 0.904981 0.90498 0.904979 0.904978 0.904978 0.904979 0.904981 0.904983 0.904986 0.904989 0.904992 0.904997 0.905001 0.905006 0.905011 0.905017 0.905023 0.905029 0.905035 0.905041 0.905047 0.905053 0.905059 0.905064 0.905069 0.905074 0.905079 0.905083 0.905087 0.90509 0.905093 0.905095 0.905097 0.905098 0.905098 0.905098 0.905097 0.905095 0.905093 0.905091 0.905088 0.905084 0.90508 0.905075 0.90507 0.905065 0.905059 
0.884239 0.884234 0.884229 0.884224 0.88422 0.884216 0.884212 0.884209 0.884207 0.884205 0.884204 0.884203 0.884203 0.884204 0.884205 0.884207 0.884209 0.884212 0.884215 0.884219 0.884223 0.884228 0.884233 0.884238 0.884244 0.884249 0.884255 0.884261 0.884267 0.884273 0.884279 0.884284 0.88429 0.884295 0.8843 0.884304 0.884308 0.884311 0.884314 0.884316 0.884318 0.88432 0.88432 0.88432 0.88432 0.884318 0.884317 0.884314 0.884312 0.884308 0.884304 0.8843 0.884295 0.88429 0.884285 0.88428 0.884274 0.884268 0.884262 0.884256 0.88425 0.884245 
0.855144 0.855141 0.855139 0.855138 0.855137 0.855137 0.855137 0.855138 0.85514 0.855142 0.855145 0.855148 0.855152 0.855157 0.855162 0.855167 0.855172 0.855178 0.855184 0.855191 0.855197 0.855203 0.855209 0.855216 0.855222 0.855227 0.855233 0.855238 0.855243 0.855247 0.855251 0.855254 0.855257 0.855259 0.85526 0.855261 0.855261 0.855261 0.85526 0.855258 0.855256 0.855253 0.85525 0.855246 0.855241 0.855236 0.855231 0.855225 0.85522 0.855214 0.855207 0.855201 0.855195 0.855189 0.855182 0.855176 0.855171 0.855165 0.85516 0.855155 0.855151 0.855147 
0.817822 0.817823 0.817825 0.817828 0.817831 0.817834 0.817838 0.817843 0.817848 0.817853 0.817859 0.817865 0.817871 0.817878 0.817884 0.817891 0.817897 0.817904 0.81791 0.817916 0.817921 0.817927 0.817931 0.817936 0.81794 0.817943 0.817946 0.817948 0.817949 0.81795 0.81795 0.81795 0.817948 0.817947 0.817944 0.817941 0.817938 0.817933 0.817929 0.817924 0.817918 0.817913 0.817906 0.8179 0.817894 0.817887 0.817881 0.817874 0.817868 0.817862 0.817856 0.81785 0.817845 0.81784 0.817836 0.817832 0.817829 0.817826 0.817824 0.817823 0.817822 0.817822 
0.772342 0.772346 0.772351 0.772355 0.772361 0.772366 0.772372 0.772378 0.772384 0.77239 0.772396 0.772402 0.772407 0.772413 0.772418 0.772423 0.772427 0.772432 0.772435 0.772438 0.772441 0.772443 0.772445 0.772445 0.772446 0.772445 0.772444 0.772443 0.772441 0.772438 0.772435 0.772431 0.772427 0.772423 0.772418 0.772412 0.772407 0.772401 0.772395 0.772389 0.772383 0.772377 0.772372 0.772366 0.77236 0.772355 0.77235 0.772346 0.772342 0.772338 0.772335 0.772332 0.77233 0.772329 0.772328 0.772328 0.772328 0.772329 0.77233 0.772333 0.772335 0.772338 
0.718798 0.718803 0.718808 0.718813 0.718817 0.718822 0.718827 0.718831 0.718835 0.718839 0.718843 0.718847 0.71885 0.718852 0.718854 0.718856 0.718858 0.718858 0.718859 0.718859 0.718858 0.718857 0.718855 0.718853 0.718851 0.718848 0.718845 0.718841 0.718837 0.718833 0.718829 0.718824 0.71882 0.718815 0.71881 0.718805 0.7188 0.718796 0.718791 0.718787 0.718783 0.718779 0.718776 0.718773 0.71877 0.718768 0.718767 0.718765 0.718764 0.718764 0.718764 0.718765 0.718766 0.718768 0.71877 0.718772 0.718775 0.718778 0.718782 0.718786 0.71879 0.718794 
0.65735 0.657354 0.657356 0.657359 0.657362 0.657364 0.657366 0.657368 0.65737 0.657371 0.657372 0.657373 0.657373 0.657373 0.657373 0.657372 0.657371 0.65737 0.657368 0.657366 0.657364 0.657361 0.657359 0.657356 0.657353 0.65735 0.657346 0.657343 0.65734 0.657337 0.657333 0.65733 0.657327 0.657324 0.657321 0.657319 0.657316 0.657314 0.657312 0.657311 0.657309 0.657308 0.657308 0.657307 0.657308 0.657308 0.657309 0.65731 0.657311 0.657313 0.657315 0.657317 0.657319 0.657322 0.657325 0.657328 0.657331 0.657334 0.657337 0.657341 0.657344 0.657347 
0.588269 0.58827 0.588271 0.588272 0.588272 0.588273 0.588273 0.588273 0.588273 0.588272 0.588272 0.588271 0.58827 0.588269 0.588267 0.588266 0.588264 0.588263 0.588261 0.588259 0.588257 0.588255 0.588253 0.588251 0.58825 0.588248 0.588246 0.588244 0.588242 0.588241 0.588239 0.588238 0.588237 0.588236 0.588235 0.588235 0.588234 0.588234 0.588234 0.588234 0.588235 0.588235 0.588236 0.588237 0.588238 0.58824 0.588241 0.588243 0.588244 0.588246 0.588248 0.58825 0.588252 0.588254 0.588256 0.588258 0.588259 0.588261 0.588263 0.588265 0.588266 0.588268 
0.511976 0.511976 0.511976 0.511975 0.511975 0.511975 0.511974 0.511974 0.511973 0.511972 0.511972 0.511971 0.51197 0.511969 0.511968 0.511967 0.511966 0.511966 0.511965 0.511964 0.511963 0.511962 0.511961 0.51196 0.51196 0.511959 0.511959 0.511958 0.511958 0.511958 0.511957 0.511957 0.511957 0.511957 0.511958 0.511958 0.511958 0.511959 0.511959 0.51196 0.511961 0.511961 0.511962 0.511963 0.511964 0.511965 0.511966 0.511967 0.511968 0.511968 0.511969 0.51197 0.511971 0.511972 0.511973 0.511973 0.511974 0.511974 0.511975 0.511975 0.511975 0.511976 
0.429067 0.429067 0.429067 0.429066 0.429066 0.429066 0.429066 0.429065 0.429065 0.429065 0.429064 0.429064 0.429064 0.429064 0.429063 0.429063 0.429063 0.429063 0.429062 0.429062 0.429062 0.429062 0.429062 0.429062 0.429062 0.429062 0.429062 0.429062 0.429062 0.429062 0.429062 0.429062 0.429062 0.429063 0.429063 0.429063 0.429063 0.429064 0.429064 0.429064 0.429065 0.429065 0.429065 0.429065 0.429066 0.429066 0.429066 0.429067 0.429067 0.429067 0.429067 0.429067 0.429067 0.429068 0.429068 0.429068 0.429068 0.429068 0.429068 0.429067 0.429067 0.429067 
0.340331 0.340331 0.340331 0.340331 0.340331 0.340331 0.340331 0.340332 0.340332 0.340332 0.340332 0.340332 0.340332 0.340332 0.340332 0.340332 0.340332 0.340332 0.340332 0.340332 0.340332 0.340332 0.340332 0.340332 0.340332 0.340332 0.340332 0.340332 0.340332 0.340332 0.340332 0.340332 0.340332 0.340332 0.340332 0.340332 0.340332 0.340332 0.340332 0.340332 0.340332 0.340332 0.340332 0.340332 0.340332 0.340332 0.340332 0.340332 0.340332 0.340332 0.340332 0.340332 0.340332 0.340332 0.340332 0.340332 0.340332 0.340332 0.340331 0.340331 0.340331 0.340331 
0.246764 0.246765 0.246765 0.246765 0.246765 0.246765 0.246765 0.246765 0.246766 0.246766 0.246766 0.246766 0.246766 0.246766 0.246766 0.246766 0.246766 0.246766 0.246766 0.246766 0.246766 0.246766 0.246766 0.246766 0.246766 0.246766 0.246766 0.246766 0.246766 0.246766 0.246766 0.246766 0.246765 0.246765 0.246765 0.246765 0.246765 0.246765 0.246765 0.246764 0.246764 0.246764 0.246764 0.246764 0.246764 0.246764 0.246764 0.246764 0.246764 0.246764 0.246764 0.246764 0.246764 0.246764 0.246764 0.246764 0.246764 0.246764 0.246764 0.246764 0.246764 0.246764 
0.149566 0.149566 0.149566 0.149567 0.149567 0.149567 0.149567 0.149567 0.149567 0.149567 0.149567 0.149567 0.149567 0.149568 0.149568 0.149568 0.149568 0.149568 0.149568 0.149568 0.149567 0.149567 0.149567 0.149567 0.149567 0.149567 0.149567 0.149567 0.149567 0.149567 0.149566 0.149566 0.149566 0.149566 0.149566 0.149566 0.149566 0.149565 0.149565 0.149565 0.149565 0.149565 0.149565 0.149565 0.149565 0.149565 0.149565 0.149565 0.149565 0.149565 0.149565 0.149565 0.149565 0.149565 0.149565 0.149565 0.149565 0.149565 0.149566 0.149566 0.149566 0.149566 
0.0501106 0.0501107 0.0501108 0.0501108 0.0501109 0.050111 0.0501111 0.0501111 0.0501112 0.0501112 0.0501113 0.0501113 0.0501114 0.0501114 0.0501114 0.0501114 0.0501115 0.0501115 0.0501114 0.0501114 0.0501114 0.0501114 0.0501113 0.0501113 0.0501112 0.0501112 0.0501111 0.050111 0.050111 0.0501109 0.0501108 0.0501107 0.0501107 0.0501106 0.0501105 0.0501104 0.0501103 0.0501103 0.0501102 0.0501101 0.0501101 0.05011 0.05011 0.0501099 0.0501099 0.0501099 0.0501099 0.0501099 0.0501099 0.0501099 0.0501099 0.0501099 0.0501099 0.05011 0.05011 0.0501101 0.0501101 0.0501102 0.0501103 0.0501104 0.0501104 0.0501105 
