0.0490914 0.0490913 0.0490913 0.0490913 0.0490913 0.0490912 0.0490912 0.0490911 0.0490911 0.049091 0.049091 0.0490909 0.0490909 0.0490909 0.0490908 0.0490908 0.0490907 0.0490907 0.0490907 0.0490906 0.0490906 0.0490906 0.0490906 0.0490906 0.0490906 0.0490906 0.0490906 0.0490906 0.0490906 0.0490906 0.0490906 0.0490906 0.0490907 0.0490907 0.0490907 0.0490908 0.0490908 0.0490909 0.0490909 0.049091 0.049091 0.049091 0.0490911 0.0490911 0.0490912 0.0490912 0.0490913 0.0490913 0.0490913 0.0490914 0.0490914 0.0490914 0.0490914 0.0490915 0.0490915 0.0490915 0.0490915 0.0490915 0.0490915 0.0490914 0.0490914 0.0490914 
0.146558 0.146558 0.146558 0.146558 0.146558 0.146558 0.146558 0.146558 0.146558 0.146558 0.146558 0.146558 0.146557 0.146557 0.146557 0.146557 0.146557 0.146557 0.146557 0.146557 0.146557 0.146557 0.146557 0.146557 0.146557 0.146557 0.146557 0.146557 0.146557 0.146557 0.146557 0.146558 0.146558 0.146558 0.146558 0.146558 0.146558 0.146558 0.146558 0.146558 0.146558 0.146558 0.146558 0.146558 0.146558 0.146558 0.146558 0.146559 0.146559 0.146559 0.146559 0.146559 0.146559 0.146559 0.146559 0.146559 0.146559 0.146559 0.146558 0.146558 0.146558 0.146558 
0.241913 0.241913 0.241913 0.241913 0.241912 0.241912 0.241912 0.241912 0.241912 0.241912 0.241912 0.241912 0.241912 0.241912 0.241912 0.241912 0.241912 0.241912 0.241912 0.241912 0.241912 0.241912 0.241912 0.241912 0.241912 0.241912 0.241912 0.241912 0.241912 0.241912 0.241912 0.241912 0.241912 0.241912 0.241912 0.241912 0.241912 0.241913 0.241913 0.241913 0.241913 0.241913 0.241913 0.241913 0.241913 0.241913 0.241913 0.241913 0.241913 0.241913 0.241913 0.241913 0.241913 0.241913 0.241913 0.241913 0.241913 0.241913 0.241913 0.241913 0.241913 0.241913 
0.333853 0.333853 0.333853 0.333853 0.333852 0.333852 0.333852 0.333852 0.333852 0.333852 0.333852 0.333852 0.333852 0.333852 0.333852 0.333852 0.333852 0.333851 0.333851 0.333851 0.333851 0.333851 0.333851 0.333851 0.333851 0.333851 0.333852 0.333852 0.333852 0.333852 0.333852 0.333852 0.333852 0.333852 0.333852 0.333852 0.333852 0.333852 0.333853 0.333853 0.333853 0.333853 0.333853 0.333853 0.333853 0.333853 0.333853 0.333853 0.333853 0.333853 0.333853 0.333853 0.333853 0.333853 0.333853 0.333853 0.333853 0.333853 0.333853 0.333853 0.333853 0.333853 
0.421219 0.421219 0.421219 0.421219 0.421219 0.421219 0.421219 0.421219 0.421219 0.421219 0.421219 0.421219 0.421219 0.421219 0.421219 0.421219 0.421219 0.421219 0.421219 0.421219 0.421219 0.421219 0.421219 0.421219 0.421219 0.421219 0.421219 0.421219 0.421219 0.421219 0.421219 0.421219 0.421219 0.421219 0.421219 0.42122 0.42122 0.42122 0.42122 0.42122 0.42122 0.42122 0.42122 0.42122 0.42122 0.42122 0.42122 0.42122 0.42122 0.42122 0.42122 0.42122 0.42122 0.42122 0.42122 0.42122 0.42122 0.42122 0.42122 0.42122 0.42122 0.421219 
0.503028 0.503028 0.503028 0.503028 0.503028 0.503027 0.503027 0.503027 0.503027 0.503027 0.503027 0.503027 0.503028 0.503028 0.503028 0.503028 0.503028 0.503028 0.503029 0.503029 0.503029 0.503029 0.503029 0.50303 0.50303 0.50303 0.50303 0.503031 0.503031 0.503031 0.503031 0.503031 0.503031 0.503032 0.503032 0.503032 0.503032 0.503032 0.503032 0.503032 0.503032 0.503032 0.503032 0.503032 0.503032 0.503031 0.503031 0.503031 0.503031 0.503031 0.503031 0.50303 0.50303 0.50303 0.50303 0.503029 0.503029 0.503029 0.503029 0.503029 0.503028 0.503028 
0.578482 0.578482 0.578481 0.578481 0.57848 0.57848 0.57848 0.578479 0.578479 0.578479 0.578479 0.578479 0.578479 0.578479 0.57848 0.57848 0.57848 0.578481 0.578481 0.578481 0.578482 0.578483 0.578483 0.578484 0.578484 0.578485 0.578486 0.578486 0.578487 0.578488 0.578488 0.578489 0.578489 0.57849 0.57849 0.578491 0.578491 0.578491 0.578492 0.578492 0.578492 0.578492 0.578492 0.578492 0.578492 0.578492 0.578491 0.578491 0.578491 0.57849 0.57849 0.578489 0.578489 0.578488 0.578487 0.578487 0.578486 0.578485 0.578485 0.578484 0.578483 0.578483 
0.646968 0.646967 0.646965 0.646964 0.646963 0.646962 0.646961 0.64696 0.646959 0.646958 0.646958 0.646957 0.646957 0.646957 0.646956 0.646956 0.646957 0.646957 0.646957 0.646958 0.646958 0.646959 0.64696 0.646961 0.646962 0.646963 0.646964 0.646965 0.646966 0.646968 0.646969 0.64697 0.646972 0.646973 0.646974 0.646975 0.646976 0.646977 0.646978 0.646979 0.64698 0.646981 0.646981 0.646981 0.646982 0.646982 0.646982 0.646982 0.646981 0.646981 0.646981 0.64698 0.646979 0.646978 0.646978 0.646977 0.646975 0.646974 0.646973 0.646972 0.646971 0.646969 
0.70803 0.708028 0.708026 0.708024 0.708022 0.70802 0.708018 0.708016 0.708014 0.708012 0.708011 0.708009 0.708008 0.708007 0.708005 0.708005 0.708004 0.708003 0.708003 0.708003 0.708003 0.708003 0.708004 0.708004 0.708005 0.708006 0.708007 0.708009 0.70801 0.708012 0.708014 0.708015 0.708017 0.708019 0.708021 0.708023 0.708025 0.708027 0.708029 0.708031 0.708033 0.708034 0.708036 0.708037 0.708039 0.70804 0.708041 0.708041 0.708042 0.708042 0.708042 0.708042 0.708042 0.708042 0.708041 0.70804 0.708039 0.708038 0.708036 0.708035 0.708033 0.708032 
0.76134 0.761338 0.761336 0.761334 0.761332 0.761329 0.761327 0.761324 0.761322 0.761319 0.761317 0.761314 0.761312 0.761309 0.761307 0.761305 0.761303 0.761302 0.7613 0.761299 0.761298 0.761297 0.761297 0.761297 0.761297 0.761297 0.761297 0.761298 0.761299 0.7613 0.761302 0.761304 0.761305 0.761307 0.76131 0.761312 0.761314 0.761317 0.761319 0.761322 0.761324 0.761327 0.761329 0.761332 0.761334 0.761336 0.761338 0.76134 0.761342 0.761343 0.761344 0.761345 0.761346 0.761347 0.761347 0.761347 0.761346 0.761346 0.761345 0.761344 0.761343 0.761341 
0.80667 0.806669 0.806668 0.806666 0.806665 0.806663 0.806661 0.806658 0.806656 0.806654 0.806651 0.806649 0.806646 0.806643 0.806641 0.806638 0.806636 0.806634 0.806631 0.806629 0.806628 0.806626 0.806624 0.806623 0.806622 0.806622 0.806621 0.806621 0.806621 0.806621 0.806622 0.806623 0.806624 0.806625 0.806627 0.806628 0.80663 0.806632 0.806635 0.806637 0.806639 0.806642 0.806645 0.806647 0.80665 0.806652 0.806655 0.806657 0.80666 0.806662 0.806664 0.806666 0.806667 0.806669 0.80667 0.806671 0.806672 0.806672 0.806672 0.806672 0.806672 0.806671 
0.843873 0.843873 0.843873 0.843872 0.843871 0.84387 0.843869 0.843868 0.843867 0.843865 0.843863 0.843862 0.84386 0.843858 0.843856 0.843854 0.843852 0.84385 0.843849 0.843847 0.843845 0.843843 0.843842 0.84384 0.843839 0.843838 0.843837 0.843837 0.843836 0.843836 0.843835 0.843835 0.843836 0.843836 0.843837 0.843837 0.843838 0.843839 0.843841 0.843842 0.843844 0.843845 0.843847 0.843849 0.843851 0.843853 0.843855 0.843857 0.843858 0.84386 0.843862 0.843864 0.843865 0.843867 0.843868 0.84387 0.843871 0.843872 0.843872 0.843873 0.843873 0.843873 
0.872861 0.872861 0.872861 0.872861 0.872861 0.872861 0.872861 0.872861 0.87286 0.87286 0.87286 0.872859 0.872859 0.872859 0.872858 0.872858 0.872857 0.872857 0.872856 0.872856 0.872855 0.872855 0.872854 0.872854 0.872853 0.872853 0.872853 0.872852 0.872852 0.872852 0.872852 0.872852 0.872851 0.872851 0.872852 0.872852 0.872852 0.872852 0.872852 0.872852 0.872853 0.872853 0.872854 0.872854 0.872854 0.872855 0.872855 0.872856 0.872856 0.872857 0.872857 0.872858 0.872858 0.872859 0.872859 0.87286 0.87286 0.87286 0.872861 0.872861 0.872861 0.872861 
0.893588 0.893587 0.893587 0.893587 0.893587 0.893587 0.893587 0.893588 0.893588 0.893589 0.89359 0.893591 0.893592 0.893593 0.893594 0.893595 0.893597 0.893598 0.893599 0.893601 0.893602 0.893603 0.893604 0.893606 0.893607 0.893608 0.893609 0.89361 0.893611 0.893612 0.893612 0.893613 0.893613 0.893613 0.893613 0.893613 0.893613 0.893613 0.893613 0.893612 0.893611 0.893611 0.89361 0.893609 0.893608 0.893606 0.893605 0.893604 0.893603 0.893601 0.8936 0.893599 0.893597 0.893596 0.893595 0.893593 0.893592 0.893591 0.89359 0.89359 0.893589 0.893588 
0.906028 0.906027 0.906026 0.906026 0.906026 0.906026 0.906026 0.906027 0.906028 0.90603 0.906032 0.906034 0.906036 0.906038 0.906041 0.906044 0.906047 0.90605 0.906053 0.906056 0.906059 0.906062 0.906065 0.906068 0.906071 0.906073 0.906076 0.906078 0.90608 0.906082 0.906084 0.906085 0.906086 0.906086 0.906087 0.906087 0.906086 0.906086 0.906085 0.906084 0.906082 0.906081 0.906079 0.906076 0.906074 0.906071 0.906068 0.906066 0.906063 0.906059 0.906056 0.906053 0.90605 0.906047 0.906044 0.906041 0.906039 0.906036 0.906034 0.906032 0.90603 0.906029 
0.910169 0.910168 0.910168 0.910168 0.910168 0.910169 0.91017 0.910172 0.910174 0.910176 0.910179 0.910182 0.910185 0.910189 0.910192 0.910196 0.910201 0.910205 0.910209 0.910213 0.910217 0.910222 0.910226 0.91023 0.910233 0.910237 0.91024 0.910243 0.910245 0.910247 0.910249 0.91025 0.910251 0.910252 0.910252 0.910251 0.910251 0.910249 0.910248 0.910246 0.910243 0.910241 0.910238 0.910234 0.910231 0.910227 0.910223 0.910219 0.910215 0.91021 0.910206 0.910202 0.910198 0.910194 0.91019 0.910186 0.910183 0.91018 0.910177 0.910174 0.910172 0.91017 
0.906011 0.906011 0.906011 0.906013 0.906014 0.906016 0.906019 0.906021 0.906024 0.906028 0.906032 0.906036 0.90604 0.906044 0.906049 0.906054 0.906058 0.906063 0.906067 0.906072 0.906076 0.90608 0.906084 0.906088 0.906091 0.906094 0.906096 0.906098 0.9061 0.906101 0.906102 0.906102 0.906102 0.906101 0.9061 0.906099 0.906097 0.906094 0.906092 0.906088 0.906085 0.906081 0.906077 0.906073 0.906068 0.906064 0.906059 0.906055 0.90605 0.906045 0.906041 0.906037 0.906033 0.906029 0.906025 0.906022 0.906019 0.906017 0.906014 0.906013 0.906012 0.906011 
0.89356 0.893563 0.893565 0.893568 0.893571 0.893575 0.893579 0.893583 0.893587 0.893591 0.893596 0.8936 0.893605 0.893609 0.893613 0.893618 0.893622 0.893626 0.893629 0.893633 0.893636 0.893638 0.89364 0.893642 0.893644 0.893645 0.893645 0.893645 0.893645 0.893644 0.893643 0.893641 0.893639 0.893636 0.893634 0.89363 0.893627 0.893623 0.893619 0.893615 0.89361 0.893606 0.893601 0.893597 0.893592 0.893588 0.893584 0.89358 0.893576 0.893572 0.893569 0.893566 0.893563 0.893561 0.893559 0.893558 0.893557 0.893556 0.893556 0.893557 0.893557 0.893559 
0.872836 0.87284 0.872844 0.872848 0.872852 0.872857 0.872861 0.872866 0.87287 0.872874 0.872878 0.872882 0.872885 0.872889 0.872892 0.872894 0.872896 0.872898 0.8729 0.872901 0.872901 0.872901 0.872901 0.8729 0.872899 0.872897 0.872895 0.872892 0.872889 0.872886 0.872883 0.872879 0.872875 0.872871 0.872867 0.872862 0.872858 0.872853 0.872849 0.872845 0.87284 0.872836 0.872833 0.872829 0.872826 0.872823 0.87282 0.872818 0.872816 0.872815 0.872814 0.872814 0.872813 0.872814 0.872815 0.872816 0.872818 0.87282 0.872822 0.872825 0.872828 0.872832 
0.843861 0.843866 0.84387 0.843874 0.843878 0.843882 0.843886 0.843889 0.843892 0.843895 0.843897 0.843898 0.8439 0.8439 0.843901 0.843901 0.8439 0.843899 0.843897 0.843896 0.843893 0.84389 0.843887 0.843884 0.84388 0.843876 0.843872 0.843868 0.843863 0.843859 0.843854 0.843849 0.843845 0.84384 0.843836 0.843832 0.843828 0.843825 0.843822 0.843819 0.843816 0.843814 0.843812 0.843811 0.84381 0.84381 0.84381 0.843811 0.843812 0.843813 0.843815 0.843818 0.84382 0.843823 0.843827 0.843831 0.843835 0.843839 0.843843 0.843848 0.843852 0.843857 
0.806678 0.806682 0.806685 0.806687 0.806689 0.806691 0.806692 0.806693 0.806693 0.806693 0.806693 0.806691 0.80669 0.806688 0.806686 0.806683 0.80668 0.806676 0.806673 0.806669 0.806664 0.80666 0.806656 0.806651 0.806646 0.806642 0.806637 0.806633 0.806628 0.806624 0.80662 0.806617 0.806614 0.806611 0.806608 0.806606 0.806604 0.806603 0.806602 0.806602 0.806602 0.806603 0.806604 0.806605 0.806607 0.80661 0.806612 0.806616 0.806619 0.806623 0.806627 0.806631 0.806635 0.80664 0.806645 0.806649 0.806654 0.806658 0.806663 0.806667 0.806671 0.806675 
0.761363 0.761364 0.761364 0.761364 0.761364 0.761363 0.761362 0.76136 0.761358 0.761356 0.761353 0.76135 0.761346 0.761343 0.761339 0.761335 0.761331 0.761327 0.761323 0.761319 0.761314 0.76131 0.761306 0.761303 0.761299 0.761296 0.761293 0.76129 0.761288 0.761286 0.761284 0.761283 0.761282 0.761281 0.761281 0.761282 0.761283 0.761284 0.761286 0.761288 0.76129 0.761293 0.761296 0.761299 0.761303 0.761307 0.761311 0.761315 0.761319 0.761323 0.761327 0.761331 0.761335 0.761339 0.761343 0.761347 0.76135 0.761353 0.761356 0.761358 0.76136 0.761362 
0.708055 0.708054 0.708052 0.708051 0.708048 0.708046 0.708044 0.708041 0.708038 0.708035 0.708031 0.708028 0.708025 0.708021 0.708018 0.708015 0.708012 0.708009 0.708006 0.708003 0.708 0.707998 0.707996 0.707994 0.707993 0.707992 0.707991 0.707991 0.707991 0.707991 0.707991 0.707992 0.707994 0.707995 0.707997 0.707999 0.708001 0.708004 0.708007 0.70801 0.708013 0.708016 0.708019 0.708023 0.708026 0.70803 0.708033 0.708036 0.708039 0.708042 0.708045 0.708047 0.708049 0.708051 0.708053 0.708054 0.708056 0.708056 0.708057 0.708057 0.708057 0.708056 
0.646984 0.646982 0.64698 0.646978 0.646976 0.646974 0.646972 0.646969 0.646967 0.646965 0.646962 0.64696 0.646958 0.646956 0.646955 0.646953 0.646951 0.64695 0.646949 0.646948 0.646948 0.646947 0.646947 0.646947 0.646948 0.646948 0.646949 0.64695 0.646951 0.646953 0.646954 0.646956 0.646958 0.64696 0.646962 0.646964 0.646967 0.646969 0.646971 0.646974 0.646976 0.646978 0.64698 0.646982 0.646984 0.646986 0.646988 0.646989 0.64699 0.646991 0.646992 0.646993 0.646993 0.646993 0.646993 0.646993 0.646992 0.646991 0.64699 0.646989 0.646988 0.646986 
0.578488 0.578486 0.578485 0.578484 0.578482 0.578481 0.57848 0.578479 0.578478 0.578477 0.578476 0.578475 0.578474 0.578474 0.578474 0.578473 0.578473 0.578473 0.578473 0.578474 0.578474 0.578475 0.578475 0.578476 0.578477 0.578478 0.578479 0.57848 0.578482 0.578483 0.578484 0.578485 0.578487 0.578488 0.57849 0.578491 0.578492 0.578493 0.578494 0.578495 0.578496 0.578497 0.578498 0.578499 0.578499 0.5785 0.5785 0.5785 0.5785 0.5785 0.578499 0.578499 0.578498 0.578498 0.578497 0.578496 0.578495 0.578494 0.578493 0.578491 0.57849 0.578489 
0.503028 0.503027 0.503027 0.503026 0.503026 0.503025 0.503025 0.503025 0.503024 0.503024 0.503024 0.503024 0.503024 0.503024 0.503025 0.503025 0.503025 0.503025 0.503026 0.503026 0.503027 0.503027 0.503028 0.503028 0.503029 0.50303 0.50303 0.503031 0.503032 0.503032 0.503033 0.503033 0.503034 0.503034 0.503035 0.503035 0.503036 0.503036 0.503036 0.503036 0.503037 0.503037 0.503037 0.503037 0.503036 0.503036 0.503036 0.503036 0.503035 0.503035 0.503035 0.503034 0.503034 0.503033 0.503032 0.503032 0.503031 0.503031 0.50303 0.503029 0.503029 0.503028 
0.421219 0.421218 0.421218 0.421218 0.421218 0.421218 0.421218 0.421218 0.421218 0.421218 0.421218 0.421218 0.421218 0.421219 0.421219 0.421219 0.421219 0.421219 0.421219 0.421219 0.42122 0.42122 0.42122 0.42122 0.42122 0.421221 0.421221 0.421221 0.421221 0.421221 0.421221 0.421221 0.421222 0.421222 0.421222 0.421222 0.421222 0.421222 0.421222 0.421222 0.421222 0.421222 0.421222 0.421221 0.421221 0.421221 0.421221 0.421221 0.421221 0.421221 0.42122 0.42122 0.42122 0.42122 0.42122 0.42122 0.421219 0.421219 0.421219 0.421219 0.421219 0.421219 
0.333853 0.333853 0.333853 0.333853 0.333853 0.333853 0.333853 0.333853 0.333853 0.333853 0.333853 0.333853 0.333853 0.333853 0.333853 0.333853 0.333853 0.333853 0.333853 0.333853 0.333852 0.333852 0.333852 0.333852 0.333852 0.333852 0.333853 0.333853 0.333853 0.333853 0.333853 0.333853 0.333853 0.333853 0.333853 0.333853 0.333853 0.333853 0.333853 0.333853 0.333853 0.333853 0.333853 0.333853 0.333853 0.333853 0.333853 0.333853 0.333853 0.333853 0.333853 0.333853 0.333853 0.333853 0.333853 0.333853 0.333853 0.333853 0.333853 0.333853 0.333853 0.333853 
0.241913 0.241913 0.241913 0.241913 0.241913 0.241913 0.241913 0.241913 0.241913 0.241913 0.241913 0.241912 0.241912 0.241912 0.241912 0.241912 0.241912 0.241912 0.241912 0.241912 0.241912 0.241912 0.241912 0.241912 0.241912 0.241912 0.241912 0.241912 0.241912 0.241912 0.241912 0.241912 0.241912 0.241912 0.241912 0.241912 0.241912 0.241913 0.241913 0.241913 0.241913 0.241913 0.241913 0.241913 0.241913 0.241913 0.241913 0.241913 0.241914 0.241914 0.241914 0.241914 0.241914 0.241914 0.241914 0.241914 0.241914 0.241914 0.241914 0.241914 0.241914 0.241914 
0.146559 0.146559 0.146558 0.146558 0.146558 0.146558 0.146558 0.146558 0.146558 0.146558 0.146558 0.146558 0.146558 0.146558 0.146558 0.146557 0.146557 0.146557 0.146557 0.146557 0.146557 0.146557 0.146557 0.146557 0.146557 0.146557 0.146557 0.146557 0.146557 0.146557 0.146558 0.146558 0.146558 0.146558 0.146558 0.146558 0.146558 0.146558 0.146558 0.146558 0.146558 0.146558 0.146558 0.146559 0.146559 0.146559 0.146559 0.146559 0.146559 0.146559 0.146559 0.146559 0.146559 0.146559 0.146559 0.146559 0.146559 0.146559 0.146559 0.146559 0.146559 0.146559 
0.0490915 0.0490914 0.0490914 0.0490914 0.0490913 0.0490913 0.0490912 0.0490912 0.0490912 0.0490911 0.0490911 0.049091 0.049091 0.0490909 0.0490909 0.0490908 0.0490908 0.0490908 0.0490907 0.0490907 0.0490907 0.0490907 0.0490906 0.0490906 0.0490906 0.0490906 0.0490906 0.0490906 0.0490906 0.0490907 0.0490907 0.0490907 0.0490907 0.0490908 0.0490908 0.0490908 0.0490909 0.0490909 0.049091 0.049091 0.0490911 0.0490911 0.0490912 0.0490912 0.0490913 0.0490913 0.0490913 0.0490914 0.0490914 0.0490914 0.0490915 0.0490915 0.0490915 0.0490915 0.0490915 0.0490916 0.0490916 0.0490916 0.0490915 0.0490915 0.0490915 0.0490915 
