0.0483785 0.0483786 0.0483786 0.0483786 0.0483787 0.0483787 0.0483787 0.0483788 0.0483788 0.0483789 0.0483789 0.0483789 0.048379 0.048379 0.048379 0.0483791 0.0483791 0.0483791 0.0483791 0.0483792 0.0483792 0.0483792 0.0483792 0.0483792 0.0483792 0.0483792 0.0483792 0.0483791 0.0483791 0.0483791 0.0483791 0.048379 0.048379 0.048379 0.0483789 0.0483789 0.0483789 0.0483788 0.0483788 0.0483787 0.0483787 0.0483787 0.0483786 0.0483786 0.0483786 0.0483785 0.0483785 0.0483785 0.0483785 0.0483784 0.0483784 0.0483784 0.0483784 0.0483784 0.0483784 0.0483784 0.0483784 0.0483784 0.0483784 0.0483785 0.0483785 0.0483785 
0.144453 0.144453 0.144453 0.144453 0.144453 0.144453 0.144453 0.144453 0.144453 0.144453 0.144453 0.144453 0.144453 0.144453 0.144453 0.144453 0.144453 0.144453 0.144453 0.144453 0.144453 0.144453 0.144453 0.144453 0.144453 0.144453 0.144453 0.144453 0.144453 0.144453 0.144453 0.144453 0.144453 0.144453 0.144453 0.144453 0.144453 0.144453 0.144453 0.144453 0.144452 0.144452 0.144452 0.144452 0.144452 0.144452 0.144452 0.144452 0.144452 0.144452 0.144452 0.144452 0.144452 0.144452 0.144452 0.144452 0.144452 0.144452 0.144452 0.144452 0.144452 0.144452 
0.238505 0.238505 0.238505 0.238505 0.238505 0.238505 0.238505 0.238505 0.238505 0.238505 0.238505 0.238505 0.238505 0.238506 0.238506 0.238506 0.238506 0.238506 0.238506 0.238506 0.238506 0.238506 0.238506 0.238506 0.238506 0.238506 0.238506 0.238505 0.238505 0.238505 0.238505 0.238505 0.238505 0.238505 0.238505 0.238505 0.238505 0.238505 0.238505 0.238505 0.238505 0.238505 0.238504 0.238504 0.238504 0.238504 0.238504 0.238504 0.238504 0.238504 0.238504 0.238504 0.238504 0.238504 0.238504 0.238504 0.238504 0.238504 0.238504 0.238505 0.238505 0.238505 
0.32928 0.32928 0.32928 0.32928 0.32928 0.32928 0.329281 0.329281 0.329281 0.329281 0.329281 0.329281 0.329281 0.329281 0.329281 0.329281 0.329281 0.329281 0.329281 0.329281 0.329281 0.329281 0.329281 0.329281 0.329281 0.329281 0.329281 0.329281 0.329281 0.329281 0.329281 0.329281 0.329281 0.329281 0.32928 0.32928 0.32928 0.32928 0.32928 0.32928 0.32928 0.32928 0.32928 0.32928 0.32928 0.32928 0.32928 0.32928 0.32928 0.32928 0.32928 0.32928 0.32928 0.32928 0.32928 0.32928 0.32928 0.32928 0.32928 0.32928 0.32928 0.32928 
0.415651 0.415652 0.415652 0.415652 0.415652 0.415652 0.415652 0.415652 0.415652 0.415652 0.415652 0.415652 0.415652 0.415652 0.415652 0.415652 0.415652 0.415652 0.415652 0.415652 0.415652 0.415651 0.415651 0.415651 0.415651 0.415651 0.415651 0.415651 0.415651 0.415651 0.415651 0.415651 0.415651 0.415651 0.415651 0.415651 0.415651 0.415651 0.415651 0.415651 0.415651 0.415651 0.415651 0.415651 0.415651 0.415651 0.415651 0.415651 0.415651 0.415651 0.415651 0.415651 0.415651 0.415651 0.415651 0.415651 0.415651 0.415651 0.415651 0.415651 0.415651 0.415651 
0.496648 0.496648 0.496648 0.496648 0.496648 0.496648 0.496648 0.496648 0.496648 0.496648 0.496648 0.496648 0.496648 0.496648 0.496648 0.496647 0.496647 0.496647 0.496647 0.496647 0.496646 0.496646 0.496646 0.496646 0.496646 0.496645 0.496645 0.496645 0.496645 0.496645 0.496645 0.496645 0.496644 0.496644 0.496644 0.496644 0.496644 0.496644 0.496644 0.496644 0.496644 0.496644 0.496645 0.496645 0.496645 0.496645 0.496645 0.496645 0.496645 0.496646 0.496646 0.496646 0.496646 0.496646 0.496647 0.496647 0.496647 0.496647 0.496647 0.496648 0.496648 0.496648 
0.571467 0.571467 0.571468 0.571468 0.571468 0.571468 0.571468 0.571469 0.571469 0.571469 0.571469 0.571468 0.571468 0.571468 0.571468 0.571468 0.571467 0.571467 0.571466 0.571466 0.571465 0.571465 0.571464 0.571464 0.571463 0.571463 0.571462 0.571462 0.571461 0.571461 0.57146 0.57146 0.571459 0.571459 0.571459 0.571459 0.571458 0.571458 0.571458 0.571458 0.571458 0.571458 0.571458 0.571458 0.571459 0.571459 0.571459 0.57146 0.57146 0.57146 0.571461 0.571461 0.571462 0.571462 0.571463 0.571463 0.571464 0.571464 0.571465 0.571465 0.571466 0.571466 
0.63947 0.639471 0.639472 0.639473 0.639474 0.639475 0.639475 0.639476 0.639477 0.639477 0.639477 0.639477 0.639478 0.639478 0.639477 0.639477 0.639477 0.639477 0.639476 0.639476 0.639475 0.639474 0.639473 0.639472 0.639472 0.639471 0.63947 0.639469 0.639468 0.639467 0.639465 0.639464 0.639464 0.639463 0.639462 0.639461 0.63946 0.63946 0.639459 0.639458 0.639458 0.639458 0.639458 0.639457 0.639457 0.639457 0.639458 0.639458 0.639458 0.639459 0.639459 0.63946 0.639461 0.639462 0.639463 0.639463 0.639464 0.639465 0.639466 0.639467 0.639468 0.639469 
0.700174 0.700176 0.700177 0.700179 0.70018 0.700182 0.700183 0.700184 0.700186 0.700187 0.700188 0.700189 0.70019 0.70019 0.700191 0.700191 0.700192 0.700192 0.700192 0.700191 0.700191 0.70019 0.70019 0.700189 0.700188 0.700187 0.700186 0.700184 0.700183 0.700181 0.70018 0.700178 0.700177 0.700175 0.700174 0.700172 0.700171 0.700169 0.700168 0.700166 0.700165 0.700164 0.700163 0.700162 0.700162 0.700161 0.700161 0.700161 0.700161 0.700161 0.700161 0.700161 0.700162 0.700163 0.700164 0.700165 0.700166 0.700167 0.700168 0.70017 0.700171 0.700172 
0.753227 0.753229 0.753231 0.753233 0.753235 0.753237 0.753239 0.753241 0.753242 0.753244 0.753246 0.753248 0.75325 0.753251 0.753253 0.753254 0.753255 0.753256 0.753256 0.753257 0.753257 0.753257 0.753257 0.753257 0.753256 0.753256 0.753255 0.753254 0.753252 0.753251 0.753249 0.753248 0.753246 0.753244 0.753242 0.75324 0.753238 0.753236 0.753234 0.753232 0.75323 0.753229 0.753227 0.753225 0.753224 0.753222 0.753221 0.75322 0.753219 0.753219 0.753218 0.753218 0.753218 0.753218 0.753218 0.753219 0.753219 0.75322 0.753221 0.753223 0.753224 0.753226 
0.798389 0.79839 0.798392 0.798394 0.798395 0.798397 0.798399 0.798401 0.798403 0.798405 0.798407 0.798409 0.798411 0.798413 0.798415 0.798417 0.798418 0.79842 0.798421 0.798422 0.798423 0.798424 0.798425 0.798425 0.798425 0.798425 0.798425 0.798425 0.798424 0.798423 0.798422 0.798421 0.79842 0.798418 0.798417 0.798415 0.798413 0.798411 0.798409 0.798407 0.798405 0.798403 0.798401 0.798399 0.798397 0.798395 0.798393 0.798392 0.79839 0.798389 0.798388 0.798387 0.798386 0.798385 0.798385 0.798385 0.798385 0.798385 0.798385 0.798386 0.798387 0.798388 
0.835499 0.8355 0.8355 0.835501 0.835502 0.835504 0.835505 0.835506 0.835508 0.835509 0.835511 0.835512 0.835514 0.835516 0.835517 0.835519 0.83552 0.835521 0.835523 0.835524 0.835525 0.835526 0.835527 0.835528 0.835528 0.835529 0.835529 0.835529 0.835529 0.835529 0.835528 0.835528 0.835527 0.835526 0.835525 0.835524 0.835523 0.835521 0.83552 0.835519 0.835517 0.835516 0.835514 0.835512 0.835511 0.835509 0.835508 0.835506 0.835505 0.835504 0.835502 0.835501 0.8355 0.835499 0.835499 0.835498 0.835498 0.835498 0.835498 0.835498 0.835498 0.835498 
0.86445 0.86445 0.864451 0.864451 0.864451 0.864452 0.864452 0.864453 0.864453 0.864454 0.864454 0.864455 0.864455 0.864456 0.864457 0.864457 0.864458 0.864458 0.864459 0.864459 0.864459 0.86446 0.86446 0.86446 0.86446 0.86446 0.86446 0.86446 0.86446 0.86446 0.86446 0.86446 0.86446 0.864459 0.864459 0.864459 0.864458 0.864458 0.864457 0.864457 0.864456 0.864455 0.864455 0.864454 0.864454 0.864453 0.864453 0.864452 0.864452 0.864451 0.864451 0.86445 0.86445 0.86445 0.86445 0.86445 0.864449 0.864449 0.864449 0.864449 0.86445 0.86445 
0.885173 0.885173 0.885173 0.885173 0.885173 0.885173 0.885173 0.885173 0.885172 0.885172 0.885171 0.885171 0.88517 0.885169 0.885168 0.885168 0.885167 0.885166 0.885165 0.885164 0.885163 0.885162 0.885161 0.88516 0.88516 0.885159 0.885158 0.885157 0.885157 0.885156 0.885156 0.885156 0.885155 0.885155 0.885155 0.885155 0.885155 0.885155 0.885156 0.885156 0.885157 0.885157 0.885158 0.885158 0.885159 0.88516 0.885161 0.885162 0.885163 0.885164 0.885164 0.885165 0.885166 0.885167 0.885168 0.885169 0.88517 0.88517 0.885171 0.885172 0.885172 0.885172 
0.897625 0.897625 0.897625 0.897625 0.897625 0.897624 0.897623 0.897622 0.897621 0.89762 0.897618 0.897617 0.897615 0.897613 0.897611 0.897608 0.897606 0.897604 0.897602 0.897599 0.897597 0.897595 0.897593 0.897591 0.897589 0.897587 0.897586 0.897584 0.897583 0.897582 0.897581 0.897581 0.89758 0.89758 0.89758 0.897581 0.897581 0.897582 0.897583 0.897584 0.897586 0.897587 0.897589 0.897591 0.897593 0.897595 0.897597 0.897599 0.897602 0.897604 0.897606 0.897609 0.897611 0.897613 0.897615 0.897617 0.897618 0.89762 0.897621 0.897623 0.897624 0.897624 
0.901783 0.901783 0.901783 0.901782 0.901781 0.90178 0.901779 0.901777 0.901775 0.901772 0.90177 0.901767 0.901764 0.901761 0.901758 0.901755 0.901752 0.901748 0.901745 0.901742 0.901739 0.901736 0.901733 0.90173 0.901728 0.901726 0.901724 0.901722 0.901721 0.90172 0.901719 0.901719 0.901719 0.901719 0.90172 0.901721 0.901722 0.901724 0.901725 0.901728 0.90173 0.901732 0.901735 0.901738 0.901741 0.901744 0.901747 0.901751 0.901754 0.901757 0.90176 0.901763 0.901766 0.901769 0.901772 0.901774 0.901776 0.901778 0.90178 0.901781 0.901782 0.901783 
0.897638 0.897637 0.897636 0.897635 0.897633 0.89763 0.897628 0.897625 0.897622 0.897619 0.897616 0.897612 0.897608 0.897605 0.897601 0.897598 0.897594 0.89759 0.897587 0.897584 0.897581 0.897578 0.897576 0.897573 0.897571 0.89757 0.897569 0.897568 0.897567 0.897567 0.897567 0.897568 0.897569 0.89757 0.897572 0.897574 0.897576 0.897578 0.897581 0.897584 0.897587 0.897591 0.897594 0.897598 0.897601 0.897605 0.897609 0.897612 0.897616 0.897619 0.897622 0.897625 0.897628 0.897631 0.897633 0.897635 0.897636 0.897638 0.897638 0.897639 0.897639 0.897639 
0.885194 0.885191 0.885189 0.885186 0.885183 0.88518 0.885176 0.885173 0.885169 0.885165 0.885162 0.885158 0.885155 0.885151 0.885148 0.885145 0.885142 0.885139 0.885137 0.885134 0.885133 0.885131 0.88513 0.885129 0.885129 0.885129 0.885129 0.88513 0.885131 0.885132 0.885134 0.885136 0.885138 0.885141 0.885144 0.885147 0.88515 0.885153 0.885157 0.885161 0.885164 0.885168 0.885172 0.885175 0.885179 0.885182 0.885185 0.885188 0.885191 0.885193 0.885195 0.885197 0.885198 0.8852 0.8852 0.885201 0.885201 0.885201 0.8852 0.885199 0.885197 0.885196 
0.864468 0.864464 0.864461 0.864457 0.864454 0.86445 0.864447 0.864443 0.86444 0.864437 0.864434 0.864431 0.864428 0.864426 0.864424 0.864423 0.864421 0.864421 0.86442 0.86442 0.86442 0.864421 0.864422 0.864423 0.864424 0.864426 0.864429 0.864431 0.864434 0.864437 0.86444 0.864443 0.864447 0.864451 0.864454 0.864458 0.864461 0.864465 0.864468 0.864472 0.864475 0.864478 0.864481 0.864483 0.864485 0.864487 0.864489 0.86449 0.864491 0.864491 0.864492 0.864491 0.864491 0.86449 0.864488 0.864487 0.864485 0.864483 0.86448 0.864477 0.864474 0.864471 
0.835504 0.835501 0.835497 0.835494 0.835491 0.835488 0.835486 0.835484 0.835482 0.83548 0.835479 0.835478 0.835478 0.835478 0.835478 0.835479 0.83548 0.835481 0.835483 0.835485 0.835487 0.83549 0.835492 0.835495 0.835499 0.835502 0.835506 0.835509 0.835513 0.835517 0.83552 0.835524 0.835528 0.835531 0.835534 0.835537 0.83554 0.835542 0.835545 0.835546 0.835548 0.835549 0.83555 0.835551 0.835551 0.83555 0.83555 0.835549 0.835547 0.835546 0.835544 0.835541 0.835539 0.835536 0.835533 0.835529 0.835526 0.835522 0.835519 0.835515 0.835511 0.835508 
0.798378 0.798376 0.798374 0.798373 0.798372 0.798371 0.79837 0.79837 0.79837 0.798371 0.798372 0.798373 0.798375 0.798377 0.798379 0.798382 0.798384 0.798387 0.798391 0.798394 0.798398 0.798401 0.798405 0.798408 0.798412 0.798416 0.798419 0.798422 0.798426 0.798429 0.798431 0.798434 0.798436 0.798438 0.798439 0.798441 0.798442 0.798442 0.798442 0.798442 0.798441 0.79844 0.798439 0.798437 0.798435 0.798433 0.798431 0.798428 0.798425 0.798421 0.798418 0.798415 0.798411 0.798407 0.798404 0.7984 0.798396 0.798393 0.79839 0.798387 0.798384 0.798381 
0.753206 0.753206 0.753206 0.753207 0.753207 0.753209 0.75321 0.753212 0.753214 0.753216 0.753218 0.753221 0.753224 0.753227 0.75323 0.753233 0.753236 0.75324 0.753243 0.753246 0.753249 0.753252 0.753255 0.753258 0.753261 0.753263 0.753265 0.753267 0.753268 0.753269 0.75327 0.753271 0.753271 0.753271 0.75327 0.75327 0.753269 0.753267 0.753265 0.753263 0.753261 0.753259 0.753256 0.753253 0.75325 0.753247 0.753244 0.753241 0.753237 0.753234 0.753231 0.753228 0.753225 0.753222 0.753219 0.753217 0.753214 0.753212 0.75321 0.753209 0.753208 0.753207 
0.700154 0.700155 0.700157 0.700158 0.70016 0.700162 0.700165 0.700167 0.700169 0.700172 0.700175 0.700177 0.70018 0.700182 0.700185 0.700187 0.70019 0.700192 0.700194 0.700196 0.700198 0.700199 0.700201 0.700202 0.700202 0.700203 0.700203 0.700203 0.700203 0.700202 0.700202 0.7002 0.700199 0.700198 0.700196 0.700194 0.700192 0.70019 0.700187 0.700185 0.700182 0.70018 0.700177 0.700175 0.700172 0.700169 0.700167 0.700165 0.700162 0.70016 0.700158 0.700157 0.700155 0.700154 0.700153 0.700152 0.700152 0.700151 0.700151 0.700152 0.700152 0.700153 
0.639459 0.639461 0.639463 0.639464 0.639466 0.639468 0.63947 0.639472 0.639473 0.639475 0.639477 0.639478 0.63948 0.639481 0.639482 0.639483 0.639484 0.639485 0.639486 0.639486 0.639486 0.639487 0.639486 0.639486 0.639486 0.639485 0.639484 0.639483 0.639482 0.639481 0.639479 0.639478 0.639476 0.639474 0.639473 0.639471 0.639469 0.639467 0.639465 0.639464 0.639462 0.63946 0.639459 0.639457 0.639456 0.639455 0.639454 0.639453 0.639452 0.639451 0.639451 0.639451 0.639451 0.639451 0.639451 0.639451 0.639452 0.639453 0.639454 0.639455 0.639456 0.639458 
0.571465 0.571466 0.571467 0.571468 0.571469 0.57147 0.571471 0.571471 0.571472 0.571473 0.571473 0.571474 0.571474 0.571475 0.571475 0.571475 0.571475 0.571475 0.571475 0.571474 0.571474 0.571473 0.571473 0.571472 0.571471 0.57147 0.571469 0.571468 0.571467 0.571466 0.571465 0.571464 0.571463 0.571462 0.571461 0.57146 0.571459 0.571458 0.571457 0.571456 0.571456 0.571455 0.571455 0.571454 0.571454 0.571454 0.571454 0.571454 0.571454 0.571454 0.571454 0.571455 0.571455 0.571456 0.571457 0.571458 0.571458 0.571459 0.57146 0.571461 0.571462 0.571464 
0.49665 0.49665 0.496651 0.496651 0.496651 0.496651 0.496652 0.496652 0.496652 0.496652 0.496652 0.496652 0.496652 0.496652 0.496652 0.496652 0.496651 0.496651 0.496651 0.49665 0.49665 0.496649 0.496649 0.496648 0.496648 0.496647 0.496647 0.496646 0.496646 0.496645 0.496645 0.496644 0.496644 0.496643 0.496643 0.496643 0.496642 0.496642 0.496642 0.496642 0.496642 0.496642 0.496642 0.496642 0.496642 0.496642 0.496643 0.496643 0.496643 0.496644 0.496644 0.496644 0.496645 0.496645 0.496646 0.496646 0.496647 0.496647 0.496648 0.496648 0.496649 0.496649 
0.415653 0.415653 0.415653 0.415654 0.415654 0.415654 0.415654 0.415654 0.415654 0.415654 0.415654 0.415653 0.415653 0.415653 0.415653 0.415653 0.415653 0.415653 0.415653 0.415652 0.415652 0.415652 0.415652 0.415652 0.415651 0.415651 0.415651 0.415651 0.415651 0.415651 0.415651 0.41565 0.41565 0.41565 0.41565 0.41565 0.41565 0.41565 0.41565 0.41565 0.41565 0.41565 0.41565 0.41565 0.415651 0.415651 0.415651 0.415651 0.415651 0.415651 0.415651 0.415652 0.415652 0.415652 0.415652 0.415652 0.415652 0.415653 0.415653 0.415653 0.415653 0.415653 
0.329281 0.329281 0.329281 0.329281 0.329281 0.329281 0.329281 0.329281 0.329281 0.329281 0.329281 0.329281 0.329281 0.329281 0.329281 0.329281 0.329281 0.329281 0.329281 0.329281 0.329281 0.329281 0.329281 0.329281 0.329281 0.329281 0.329281 0.329281 0.329281 0.329281 0.329281 0.329281 0.329281 0.329281 0.329281 0.329281 0.329281 0.329281 0.329281 0.329281 0.329281 0.329281 0.329281 0.329281 0.329281 0.329281 0.329281 0.329281 0.329281 0.329281 0.329281 0.329281 0.329281 0.329281 0.329281 0.329281 0.329281 0.329281 0.329281 0.329281 0.329281 0.329281 
0.238505 0.238505 0.238505 0.238505 0.238505 0.238505 0.238505 0.238505 0.238505 0.238506 0.238506 0.238506 0.238506 0.238506 0.238506 0.238506 0.238506 0.238506 0.238506 0.238506 0.238506 0.238506 0.238506 0.238506 0.238506 0.238506 0.238506 0.238506 0.238506 0.238506 0.238506 0.238506 0.238506 0.238506 0.238505 0.238505 0.238505 0.238505 0.238505 0.238505 0.238505 0.238505 0.238505 0.238505 0.238505 0.238505 0.238505 0.238505 0.238505 0.238505 0.238505 0.238505 0.238505 0.238505 0.238505 0.238505 0.238505 0.238505 0.238505 0.238505 0.238505 0.238505 
0.144453 0.144453 0.144453 0.144453 0.144453 0.144453 0.144453 0.144453 0.144453 0.144453 0.144453 0.144453 0.144453 0.144453 0.144453 0.144453 0.144453 0.144454 0.144454 0.144454 0.144454 0.144454 0.144454 0.144454 0.144454 0.144454 0.144454 0.144453 0.144453 0.144453 0.144453 0.144453 0.144453 0.144453 0.144453 0.144453 0.144453 0.144453 0.144453 0.144453 0.144453 0.144453 0.144453 0.144453 0.144453 0.144453 0.144453 0.144452 0.144452 0.144452 0.144452 0.144452 0.144452 0.144452 0.144452 0.144452 0.144452 0.144452 0.144452 0.144453 0.144453 0.144453 
0.0483786 0.0483786 0.0483786 0.0483787 0.0483787 0.0483787 0.0483788 0.0483788 0.0483788 0.0483789 0.0483789 0.0483789 0.048379 0.048379 0.048379 0.0483791 0.0483791 0.0483791 0.0483792 0.0483792 0.0483792 0.0483792 0.0483792 0.0483792 0.0483792 0.0483792 0.0483792 0.0483792 0.0483792 0.0483792 0.0483792 0.0483791 0.0483791 0.0483791 0.0483791 0.048379 0.048379 0.048379 0.0483789 0.0483789 0.0483788 0.0483788 0.0483788 0.0483787 0.0483787 0.0483787 0.0483786 0.0483786 0.0483786 0.0483786 0.0483785 0.0483785 0.0483785 0.0483785 0.0483785 0.0483785 0.0483785 0.0483785 0.0483785 0.0483785 0.0483785 0.0483786 
