0.0454837 0.0454837 0.0454837 0.0454837 0.0454837 0.0454837 0.0454838 0.0454838 0.0454838 0.0454838 0.0454838 0.0454838 0.0454838 0.0454839 0.0454839 0.0454839 0.0454839 0.0454839 0.0454839 0.0454839 0.0454839 0.045484 0.045484 0.045484 0.045484 0.045484 0.045484 0.045484 0.045484 0.0454839 0.0454839 0.0454839 0.0454839 0.0454839 0.0454839 0.0454839 0.0454839 0.0454839 0.0454839 0.0454838 0.0454838 0.0454838 0.0454838 0.0454838 0.0454838 0.0454837 0.0454837 0.0454837 0.0454837 0.0454837 0.0454837 0.0454837 0.0454837 0.0454837 0.0454837 0.0454837 0.0454837 0.0454837 0.0454837 0.0454837 0.0454837 0.0454837 
0.135872 0.135872 0.135872 0.135872 0.135872 0.135872 0.135872 0.135872 0.135872 0.135872 0.135872 0.135872 0.135872 0.135872 0.135872 0.135872 0.135872 0.135872 0.135872 0.135872 0.135872 0.135872 0.135872 0.135872 0.135872 0.135872 0.135872 0.135872 0.135872 0.135872 0.135872 0.135872 0.135872 0.135872 0.135872 0.135872 0.135872 0.135872 0.135872 0.135872 0.135872 0.135872 0.135872 0.135872 0.135872 0.135872 0.135872 0.135872 0.135872 0.135872 0.135872 0.135872 0.135872 0.135872 0.135872 0.135872 0.135872 0.135872 0.135872 0.135872 0.135872 0.135872 
0.224539 0.224539 0.224539 0.224539 0.224539 0.224539 0.224539 0.224539 0.224539 0.224539 0.224539 0.224539 0.224539 0.224539 0.224539 0.224539 0.224539 0.224539 0.224539 0.224539 0.224539 0.224539 0.224539 0.224539 0.224539 0.224539 0.224539 0.224539 0.224539 0.224539 0.224539 0.224539 0.224539 0.224539 0.224539 0.224539 0.224539 0.224539 0.224539 0.224539 0.224539 0.224539 0.224539 0.224539 0.224539 0.224539 0.224539 0.224539 0.224539 0.224539 0.224539 0.224539 0.224539 0.224539 0.224539 0.224539 0.224539 0.224539 0.224539 0.224539 0.224539 0.224539 
0.310394 0.310395 0.310395 0.310395 0.310395 0.310395 0.310395 0.310395 0.310395 0.310395 0.310395 0.310395 0.310395 0.310395 0.310395 0.310395 0.310395 0.310395 0.310395 0.310395 0.310395 0.310395 0.310395 0.310395 0.310395 0.310395 0.310395 0.310395 0.310395 0.310395 0.310395 0.310395 0.310395 0.310395 0.310395 0.310395 0.310395 0.310395 0.310395 0.310395 0.310395 0.310395 0.310395 0.310395 0.310395 0.310395 0.310394 0.310394 0.310394 0.310394 0.310394 0.310394 0.310394 0.310394 0.310394 0.310394 0.310394 0.310394 0.310394 0.310394 0.310394 0.310394 
0.39243 0.39243 0.39243 0.39243 0.39243 0.39243 0.39243 0.39243 0.39243 0.39243 0.39243 0.39243 0.39243 0.39243 0.39243 0.39243 0.39243 0.39243 0.39243 0.39243 0.39243 0.39243 0.39243 0.39243 0.39243 0.39243 0.39243 0.39243 0.39243 0.39243 0.39243 0.39243 0.39243 0.39243 0.392429 0.392429 0.392429 0.392429 0.392429 0.392429 0.392429 0.392429 0.392429 0.392429 0.392429 0.392429 0.392429 0.392429 0.392429 0.392429 0.392429 0.392429 0.392429 0.392429 0.392429 0.39243 0.39243 0.39243 0.39243 0.39243 0.39243 0.39243 
0.469737 0.469737 0.469737 0.469737 0.469737 0.469737 0.469737 0.469737 0.469737 0.469737 0.469737 0.469737 0.469737 0.469737 0.469737 0.469737 0.469737 0.469737 0.469737 0.469737 0.469737 0.469737 0.469737 0.469737 0.469736 0.469736 0.469736 0.469736 0.469736 0.469736 0.469736 0.469736 0.469736 0.469736 0.469736 0.469736 0.469736 0.469736 0.469736 0.469736 0.469736 0.469736 0.469736 0.469736 0.469736 0.469736 0.469736 0.469736 0.469736 0.469736 0.469736 0.469736 0.469737 0.469737 0.469737 0.469737 0.469737 0.469737 0.469737 0.469737 0.469737 0.469737 
0.541527 0.541527 0.541527 0.541527 0.541527 0.541527 0.541527 0.541527 0.541527 0.541528 0.541528 0.541528 0.541528 0.541527 0.541527 0.541527 0.541527 0.541527 0.541527 0.541527 0.541527 0.541526 0.541526 0.541526 0.541526 0.541526 0.541525 0.541525 0.541525 0.541525 0.541525 0.541524 0.541524 0.541524 0.541524 0.541524 0.541524 0.541524 0.541524 0.541523 0.541523 0.541523 0.541523 0.541523 0.541523 0.541524 0.541524 0.541524 0.541524 0.541524 0.541524 0.541524 0.541525 0.541525 0.541525 0.541525 0.541525 0.541526 0.541526 0.541526 0.541526 0.541526 
0.607129 0.607129 0.607129 0.60713 0.60713 0.60713 0.607131 0.607131 0.607131 0.607132 0.607132 0.607132 0.607132 0.607132 0.607132 0.607132 0.607132 0.607132 0.607132 0.607132 0.607132 0.607131 0.607131 0.607131 0.60713 0.60713 0.60713 0.607129 0.607129 0.607129 0.607128 0.607128 0.607127 0.607127 0.607127 0.607126 0.607126 0.607126 0.607125 0.607125 0.607125 0.607125 0.607124 0.607124 0.607124 0.607124 0.607124 0.607124 0.607124 0.607124 0.607125 0.607125 0.607125 0.607125 0.607126 0.607126 0.607126 0.607127 0.607127 0.607127 0.607128 0.607128 
0.665995 0.665995 0.665996 0.665997 0.665997 0.665998 0.665999 0.665999 0.666 0.666 0.666001 0.666001 0.666002 0.666002 0.666002 0.666003 0.666003 0.666003 0.666003 0.666003 0.666003 0.666003 0.666003 0.666002 0.666002 0.666002 0.666001 0.666001 0.666001 0.666 0.665999 0.665999 0.665998 0.665998 0.665997 0.665996 0.665996 0.665995 0.665995 0.665994 0.665993 0.665993 0.665992 0.665992 0.665992 0.665991 0.665991 0.665991 0.665991 0.665991 0.665991 0.665991 0.665991 0.665991 0.665991 0.665992 0.665992 0.665992 0.665993 0.665993 0.665994 0.665994 
0.71769 0.717691 0.717692 0.717693 0.717693 0.717694 0.717695 0.717696 0.717697 0.717697 0.717698 0.717699 0.7177 0.717701 0.717701 0.717702 0.717702 0.717703 0.717703 0.717704 0.717704 0.717704 0.717704 0.717704 0.717704 0.717704 0.717704 0.717703 0.717703 0.717702 0.717702 0.717701 0.7177 0.7177 0.717699 0.717698 0.717697 0.717697 0.717696 0.717695 0.717694 0.717693 0.717693 0.717692 0.717691 0.71769 0.71769 0.717689 0.717689 0.717688 0.717688 0.717688 0.717688 0.717688 0.717688 0.717688 0.717688 0.717688 0.717688 0.717689 0.717689 0.71769 
0.761881 0.761882 0.761882 0.761883 0.761884 0.761884 0.761885 0.761886 0.761887 0.761888 0.761889 0.76189 0.761891 0.761892 0.761892 0.761893 0.761894 0.761895 0.761896 0.761896 0.761897 0.761897 0.761898 0.761898 0.761898 0.761898 0.761898 0.761898 0.761898 0.761898 0.761897 0.761897 0.761896 0.761896 0.761895 0.761894 0.761893 0.761893 0.761892 0.761891 0.76189 0.761889 0.761888 0.761887 0.761886 0.761885 0.761884 0.761884 0.761883 0.761882 0.761882 0.761881 0.761881 0.76188 0.76188 0.76188 0.76188 0.76188 0.76188 0.76188 0.76188 0.761881 
0.798317 0.798317 0.798318 0.798318 0.798319 0.798319 0.79832 0.798321 0.798321 0.798322 0.798323 0.798324 0.798325 0.798326 0.798326 0.798327 0.798328 0.798329 0.79833 0.79833 0.798331 0.798332 0.798332 0.798333 0.798333 0.798333 0.798333 0.798333 0.798333 0.798333 0.798333 0.798333 0.798333 0.798332 0.798332 0.798331 0.798331 0.79833 0.798329 0.798328 0.798328 0.798327 0.798326 0.798325 0.798324 0.798323 0.798322 0.798322 0.798321 0.79832 0.798319 0.798319 0.798318 0.798318 0.798317 0.798317 0.798317 0.798316 0.798316 0.798316 0.798316 0.798317 
0.826817 0.826817 0.826817 0.826818 0.826818 0.826819 0.826819 0.826819 0.82682 0.826821 0.826821 0.826822 0.826822 0.826823 0.826824 0.826824 0.826825 0.826825 0.826826 0.826826 0.826827 0.826827 0.826828 0.826828 0.826828 0.826828 0.826829 0.826829 0.826829 0.826829 0.826828 0.826828 0.826828 0.826828 0.826827 0.826827 0.826827 0.826826 0.826826 0.826825 0.826825 0.826824 0.826823 0.826823 0.826822 0.826822 0.826821 0.82682 0.82682 0.826819 0.826819 0.826818 0.826818 0.826818 0.826817 0.826817 0.826817 0.826817 0.826817 0.826817 0.826817 0.826817 
0.847255 0.847256 0.847256 0.847256 0.847257 0.847257 0.847257 0.847257 0.847258 0.847258 0.847258 0.847259 0.847259 0.847259 0.847259 0.847259 0.84726 0.84726 0.84726 0.84726 0.84726 0.84726 0.84726 0.84726 0.84726 0.84726 0.847259 0.847259 0.847259 0.847259 0.847259 0.847258 0.847258 0.847258 0.847258 0.847257 0.847257 0.847257 0.847256 0.847256 0.847256 0.847256 0.847255 0.847255 0.847255 0.847255 0.847254 0.847254 0.847254 0.847254 0.847254 0.847254 0.847254 0.847254 0.847254 0.847254 0.847254 0.847254 0.847255 0.847255 0.847255 0.847255 
0.859551 0.859551 0.859552 0.859552 0.859552 0.859552 0.859553 0.859553 0.859553 0.859553 0.859553 0.859552 0.859552 0.859552 0.859552 0.859551 0.859551 0.859551 0.85955 0.85955 0.859549 0.859549 0.859548 0.859548 0.859547 0.859547 0.859546 0.859546 0.859545 0.859545 0.859544 0.859544 0.859543 0.859543 0.859543 0.859542 0.859542 0.859542 0.859542 0.859542 0.859542 0.859542 0.859542 0.859542 0.859543 0.859543 0.859543 0.859544 0.859544 0.859544 0.859545 0.859545 0.859546 0.859546 0.859547 0.859548 0.859548 0.859549 0.859549 0.85955 0.85955 0.859551 
0.863658 0.863658 0.863658 0.863659 0.863659 0.863659 0.863659 0.863658 0.863658 0.863658 0.863657 0.863657 0.863656 0.863655 0.863655 0.863654 0.863653 0.863652 0.863651 0.86365 0.863649 0.863648 0.863647 0.863646 0.863645 0.863644 0.863643 0.863643 0.863642 0.863641 0.863641 0.86364 0.86364 0.86364 0.863639 0.863639 0.863639 0.863639 0.863639 0.86364 0.86364 0.863641 0.863641 0.863642 0.863643 0.863643 0.863644 0.863645 0.863646 0.863647 0.863648 0.863649 0.86365 0.863651 0.863652 0.863653 0.863654 0.863655 0.863655 0.863656 0.863657 0.863657 
0.859561 0.859561 0.859561 0.859561 0.85956 0.85956 0.859559 0.859559 0.859558 0.859557 0.859556 0.859555 0.859554 0.859553 0.859552 0.85955 0.859549 0.859548 0.859546 0.859545 0.859544 0.859542 0.859541 0.85954 0.859539 0.859538 0.859537 0.859536 0.859536 0.859535 0.859535 0.859535 0.859534 0.859534 0.859535 0.859535 0.859535 0.859536 0.859536 0.859537 0.859538 0.859539 0.85954 0.859541 0.859542 0.859544 0.859545 0.859546 0.859547 0.859549 0.85955 0.859551 0.859553 0.859554 0.859555 0.859556 0.859557 0.859558 0.859559 0.859559 0.85956 0.85956 
0.847272 0.847272 0.847271 0.84727 0.84727 0.847269 0.847268 0.847266 0.847265 0.847264 0.847263 0.847261 0.84726 0.847258 0.847257 0.847255 0.847254 0.847252 0.847251 0.847249 0.847248 0.847247 0.847246 0.847245 0.847244 0.847244 0.847243 0.847243 0.847243 0.847242 0.847243 0.847243 0.847243 0.847244 0.847244 0.847245 0.847246 0.847247 0.847248 0.84725 0.847251 0.847252 0.847254 0.847255 0.847257 0.847258 0.84726 0.847261 0.847263 0.847264 0.847265 0.847267 0.847268 0.847269 0.84727 0.84727 0.847271 0.847272 0.847272 0.847272 0.847272 0.847272 
0.826835 0.826834 0.826833 0.826832 0.826831 0.826829 0.826828 0.826826 0.826825 0.826823 0.826822 0.82682 0.826819 0.826817 0.826816 0.826814 0.826813 0.826812 0.826811 0.82681 0.826809 0.826809 0.826808 0.826808 0.826808 0.826808 0.826808 0.826808 0.826809 0.826809 0.82681 0.826811 0.826812 0.826813 0.826814 0.826816 0.826817 0.826819 0.82682 0.826822 0.826823 0.826825 0.826826 0.826828 0.826829 0.826831 0.826832 0.826833 0.826834 0.826835 0.826836 0.826837 0.826838 0.826838 0.826838 0.826839 0.826839 0.826838 0.826838 0.826838 0.826837 0.826836 
0.798331 0.79833 0.798328 0.798327 0.798325 0.798324 0.798322 0.798321 0.79832 0.798318 0.798317 0.798316 0.798315 0.798314 0.798313 0.798312 0.798312 0.798311 0.798311 0.798311 0.798311 0.798311 0.798311 0.798312 0.798312 0.798313 0.798314 0.798315 0.798316 0.798317 0.798319 0.79832 0.798321 0.798323 0.798324 0.798326 0.798327 0.798329 0.79833 0.798332 0.798333 0.798334 0.798336 0.798337 0.798338 0.798338 0.798339 0.79834 0.79834 0.79834 0.798341 0.798341 0.79834 0.79834 0.79834 0.798339 0.798338 0.798337 0.798336 0.798335 0.798334 0.798333 
0.761887 0.761886 0.761885 0.761883 0.761882 0.761881 0.76188 0.761879 0.761878 0.761878 0.761877 0.761876 0.761876 0.761876 0.761876 0.761876 0.761876 0.761877 0.761877 0.761878 0.761879 0.761879 0.76188 0.761881 0.761883 0.761884 0.761885 0.761887 0.761888 0.761889 0.761891 0.761892 0.761893 0.761895 0.761896 0.761897 0.761898 0.761899 0.7619 0.761901 0.761902 0.761903 0.761903 0.761903 0.761904 0.761904 0.761903 0.761903 0.761903 0.761902 0.761902 0.761901 0.7619 0.761899 0.761898 0.761897 0.761896 0.761894 0.761893 0.761892 0.76189 0.761889 
0.717689 0.717688 0.717687 0.717686 0.717686 0.717685 0.717685 0.717685 0.717685 0.717685 0.717685 0.717685 0.717686 0.717686 0.717687 0.717688 0.717688 0.717689 0.71769 0.717691 0.717692 0.717694 0.717695 0.717696 0.717697 0.717698 0.7177 0.717701 0.717702 0.717703 0.717704 0.717705 0.717706 0.717706 0.717707 0.717708 0.717708 0.717708 0.717709 0.717709 0.717709 0.717708 0.717708 0.717708 0.717707 0.717707 0.717706 0.717705 0.717704 0.717703 0.717702 0.717701 0.7177 0.717699 0.717697 0.717696 0.717695 0.717694 0.717693 0.717691 0.71769 0.717689 
0.665989 0.665988 0.665988 0.665988 0.665988 0.665989 0.665989 0.665989 0.66599 0.66599 0.665991 0.665992 0.665993 0.665993 0.665994 0.665995 0.665996 0.665997 0.665998 0.665999 0.666 0.666001 0.666002 0.666003 0.666003 0.666004 0.666005 0.666005 0.666006 0.666006 0.666007 0.666007 0.666007 0.666007 0.666007 0.666007 0.666007 0.666006 0.666006 0.666006 0.666005 0.666004 0.666004 0.666003 0.666002 0.666001 0.666 0.665999 0.665998 0.665997 0.665997 0.665996 0.665995 0.665994 0.665993 0.665992 0.665991 0.665991 0.66599 0.66599 0.665989 0.665989 
0.607123 0.607123 0.607123 0.607124 0.607124 0.607125 0.607125 0.607126 0.607126 0.607127 0.607128 0.607128 0.607129 0.60713 0.60713 0.607131 0.607132 0.607132 0.607133 0.607133 0.607134 0.607134 0.607135 0.607135 0.607135 0.607135 0.607136 0.607136 0.607136 0.607136 0.607135 0.607135 0.607135 0.607135 0.607134 0.607134 0.607133 0.607133 0.607132 0.607132 0.607131 0.60713 0.60713 0.607129 0.607128 0.607128 0.607127 0.607126 0.607126 0.607125 0.607125 0.607124 0.607124 0.607123 0.607123 0.607123 0.607123 0.607122 0.607122 0.607122 0.607122 0.607123 
0.541524 0.541524 0.541525 0.541525 0.541525 0.541526 0.541526 0.541527 0.541527 0.541527 0.541528 0.541528 0.541529 0.541529 0.541529 0.541529 0.54153 0.54153 0.54153 0.54153 0.54153 0.54153 0.54153 0.54153 0.54153 0.54153 0.54153 0.54153 0.54153 0.541529 0.541529 0.541529 0.541528 0.541528 0.541528 0.541527 0.541527 0.541526 0.541526 0.541526 0.541525 0.541525 0.541524 0.541524 0.541524 0.541523 0.541523 0.541523 0.541523 0.541522 0.541522 0.541522 0.541522 0.541522 0.541522 0.541522 0.541522 0.541523 0.541523 0.541523 0.541523 0.541524 
0.469737 0.469737 0.469738 0.469738 0.469738 0.469738 0.469738 0.469739 0.469739 0.469739 0.469739 0.469739 0.469739 0.469739 0.469739 0.469739 0.469739 0.469739 0.469739 0.469739 0.469739 0.469739 0.469739 0.469739 0.469739 0.469739 0.469739 0.469738 0.469738 0.469738 0.469738 0.469738 0.469737 0.469737 0.469737 0.469737 0.469736 0.469736 0.469736 0.469736 0.469736 0.469736 0.469735 0.469735 0.469735 0.469735 0.469735 0.469735 0.469735 0.469735 0.469735 0.469735 0.469735 0.469736 0.469736 0.469736 0.469736 0.469736 0.469736 0.469737 0.469737 0.469737 
0.39243 0.392431 0.392431 0.392431 0.392431 0.392431 0.392431 0.392431 0.392431 0.392431 0.392431 0.392431 0.392431 0.392431 0.392431 0.392431 0.392431 0.392431 0.392431 0.392431 0.392431 0.392431 0.392431 0.392431 0.39243 0.39243 0.39243 0.39243 0.39243 0.39243 0.39243 0.39243 0.39243 0.39243 0.39243 0.39243 0.39243 0.392429 0.392429 0.392429 0.392429 0.392429 0.392429 0.392429 0.392429 0.392429 0.392429 0.392429 0.392429 0.392429 0.39243 0.39243 0.39243 0.39243 0.39243 0.39243 0.39243 0.39243 0.39243 0.39243 0.39243 0.39243 
0.310395 0.310395 0.310395 0.310395 0.310395 0.310395 0.310395 0.310395 0.310395 0.310395 0.310395 0.310395 0.310395 0.310395 0.310395 0.310395 0.310395 0.310395 0.310395 0.310395 0.310395 0.310395 0.310395 0.310395 0.310395 0.310395 0.310395 0.310395 0.310395 0.310395 0.310395 0.310395 0.310395 0.310395 0.310395 0.310395 0.310395 0.310395 0.310395 0.310395 0.310395 0.310395 0.310395 0.310395 0.310395 0.310395 0.310395 0.310395 0.310395 0.310395 0.310395 0.310395 0.310395 0.310395 0.310395 0.310395 0.310395 0.310395 0.310395 0.310395 0.310395 0.310395 
0.224539 0.224539 0.224539 0.224539 0.224539 0.224539 0.224539 0.224539 0.224539 0.224539 0.224539 0.224539 0.224539 0.224539 0.224539 0.224539 0.224539 0.224539 0.224539 0.224539 0.224539 0.224539 0.224539 0.224539 0.224539 0.224539 0.224539 0.224539 0.224539 0.224539 0.224539 0.224539 0.224539 0.224539 0.224539 0.224539 0.224539 0.224539 0.224539 0.224539 0.224539 0.224539 0.224539 0.224539 0.224539 0.224539 0.224539 0.224539 0.224539 0.224539 0.224539 0.224539 0.224539 0.224539 0.224539 0.224539 0.224539 0.224539 0.224539 0.224539 0.224539 0.224539 
0.135872 0.135872 0.135872 0.135872 0.135872 0.135872 0.135872 0.135872 0.135872 0.135872 0.135872 0.135872 0.135872 0.135872 0.135872 0.135872 0.135872 0.135872 0.135872 0.135872 0.135872 0.135872 0.135872 0.135872 0.135872 0.135872 0.135872 0.135872 0.135872 0.135872 0.135872 0.135872 0.135872 0.135872 0.135872 0.135872 0.135872 0.135872 0.135872 0.135872 0.135872 0.135872 0.135872 0.135872 0.135872 0.135872 0.135872 0.135872 0.135872 0.135872 0.135872 0.135872 0.135872 0.135872 0.135872 0.135872 0.135872 0.135872 0.135872 0.135872 0.135872 0.135872 
0.0454837 0.0454837 0.0454838 0.0454838 0.0454838 0.0454838 0.0454838 0.0454838 0.0454838 0.0454838 0.0454838 0.0454839 0.0454839 0.0454839 0.0454839 0.0454839 0.0454839 0.0454839 0.045484 0.045484 0.045484 0.045484 0.045484 0.045484 0.045484 0.045484 0.045484 0.045484 0.045484 0.045484 0.045484 0.045484 0.045484 0.045484 0.045484 0.045484 0.045484 0.045484 0.045484 0.045484 0.0454839 0.0454839 0.0454839 0.0454839 0.0454839 0.0454839 0.0454839 0.0454838 0.0454838 0.0454838 0.0454838 0.0454838 0.0454838 0.0454838 0.0454838 0.0454838 0.0454837 0.0454837 0.0454837 0.0454837 0.0454837 0.0454837 
