0.0443701 0.0443701 0.0443701 0.0443701 0.0443701 0.0443701 0.0443702 0.0443702 0.0443702 0.0443702 0.0443702 0.0443702 0.0443702 0.0443702 0.0443702 0.0443702 0.0443702 0.0443702 0.0443702 0.0443702 0.0443702 0.0443702 0.0443702 0.0443702 0.0443702 0.0443702 0.0443702 0.0443701 0.0443701 0.0443701 0.0443701 0.0443701 0.0443701 0.0443701 0.0443701 0.0443701 0.0443701 0.04437 0.04437 0.04437 0.04437 0.04437 0.04437 0.04437 0.04437 0.04437 0.04437 0.04437 0.04437 0.04437 0.04437 0.04437 0.04437 0.04437 0.04437 0.04437 0.04437 0.0443701 0.0443701 0.0443701 0.0443701 0.0443701 
0.132563 0.132563 0.132563 0.132563 0.132563 0.132563 0.132563 0.132563 0.132563 0.132563 0.132563 0.132563 0.132563 0.132563 0.132563 0.132563 0.132563 0.132563 0.132563 0.132563 0.132563 0.132563 0.132563 0.132563 0.132563 0.132563 0.132563 0.132563 0.132563 0.132563 0.132563 0.132563 0.132563 0.132563 0.132563 0.132563 0.132563 0.132563 0.132563 0.132563 0.132563 0.132563 0.132563 0.132563 0.132563 0.132563 0.132563 0.132563 0.132563 0.132563 0.132563 0.132563 0.132563 0.132563 0.132563 0.132563 0.132563 0.132563 0.132563 0.132563 0.132563 0.132563 
0.219128 0.219128 0.219128 0.219128 0.219128 0.219128 0.219128 0.219128 0.219128 0.219128 0.219128 0.219128 0.219128 0.219128 0.219128 0.219128 0.219128 0.219128 0.219128 0.219128 0.219128 0.219128 0.219128 0.219128 0.219128 0.219128 0.219128 0.219128 0.219128 0.219128 0.219128 0.219128 0.219128 0.219128 0.219128 0.219128 0.219128 0.219128 0.219128 0.219128 0.219128 0.219128 0.219128 0.219128 0.219128 0.219128 0.219128 0.219128 0.219128 0.219128 0.219128 0.219128 0.219128 0.219128 0.219128 0.219128 0.219128 0.219128 0.219128 0.219128 0.219128 0.219128 
0.303028 0.303028 0.303028 0.303029 0.303029 0.303029 0.303029 0.303029 0.303029 0.303029 0.303029 0.303029 0.303029 0.303029 0.303029 0.303029 0.303029 0.303029 0.303029 0.303029 0.303029 0.303029 0.303029 0.303029 0.303029 0.303029 0.303029 0.303028 0.303028 0.303028 0.303028 0.303028 0.303028 0.303028 0.303028 0.303028 0.303028 0.303028 0.303028 0.303028 0.303028 0.303028 0.303028 0.303028 0.303028 0.303028 0.303028 0.303028 0.303028 0.303028 0.303028 0.303028 0.303028 0.303028 0.303028 0.303028 0.303028 0.303028 0.303028 0.303028 0.303028 0.303028 
0.383297 0.383297 0.383297 0.383297 0.383297 0.383297 0.383297 0.383297 0.383297 0.383297 0.383297 0.383297 0.383297 0.383297 0.383297 0.383297 0.383297 0.383297 0.383297 0.383297 0.383296 0.383296 0.383296 0.383296 0.383296 0.383296 0.383296 0.383296 0.383296 0.383296 0.383296 0.383296 0.383296 0.383296 0.383296 0.383296 0.383296 0.383296 0.383296 0.383296 0.383296 0.383296 0.383296 0.383296 0.383296 0.383296 0.383296 0.383296 0.383297 0.383297 0.383297 0.383297 0.383297 0.383297 0.383297 0.383297 0.383297 0.383297 0.383297 0.383297 0.383297 0.383297 
0.459053 0.459053 0.459053 0.459053 0.459053 0.459053 0.459053 0.459053 0.459052 0.459052 0.459052 0.459052 0.459052 0.459052 0.459052 0.459052 0.459052 0.459052 0.459052 0.459052 0.459052 0.459052 0.459052 0.459052 0.459052 0.459052 0.459052 0.459052 0.459052 0.459052 0.459052 0.459052 0.459052 0.459052 0.459052 0.459052 0.459052 0.459052 0.459052 0.459052 0.459052 0.459052 0.459052 0.459052 0.459052 0.459052 0.459052 0.459052 0.459052 0.459053 0.459053 0.459053 0.459053 0.459053 0.459053 0.459053 0.459053 0.459053 0.459053 0.459053 0.459053 0.459053 
0.529519 0.529519 0.529519 0.529519 0.529519 0.529519 0.529519 0.529519 0.529519 0.529519 0.529518 0.529518 0.529518 0.529518 0.529518 0.529518 0.529518 0.529517 0.529517 0.529517 0.529517 0.529517 0.529517 0.529517 0.529517 0.529516 0.529516 0.529516 0.529516 0.529516 0.529516 0.529516 0.529516 0.529516 0.529516 0.529516 0.529516 0.529516 0.529516 0.529517 0.529517 0.529517 0.529517 0.529517 0.529517 0.529517 0.529517 0.529518 0.529518 0.529518 0.529518 0.529518 0.529518 0.529518 0.529519 0.529519 0.529519 0.529519 0.529519 0.529519 0.529519 0.529519 
0.594026 0.594026 0.594026 0.594026 0.594026 0.594026 0.594026 0.594026 0.594026 0.594026 0.594026 0.594025 0.594025 0.594025 0.594025 0.594025 0.594024 0.594024 0.594024 0.594023 0.594023 0.594023 0.594023 0.594022 0.594022 0.594022 0.594022 0.594021 0.594021 0.594021 0.594021 0.594021 0.594021 0.59402 0.59402 0.59402 0.59402 0.59402 0.59402 0.59402 0.594021 0.594021 0.594021 0.594021 0.594021 0.594021 0.594022 0.594022 0.594022 0.594022 0.594023 0.594023 0.594023 0.594024 0.594024 0.594024 0.594024 0.594025 0.594025 0.594025 0.594025 0.594025 
0.652011 0.652011 0.652011 0.652012 0.652012 0.652012 0.652012 0.652012 0.652012 0.652012 0.652012 0.652012 0.652012 0.652012 0.652012 0.652012 0.652011 0.652011 0.652011 0.65201 0.65201 0.65201 0.652009 0.652009 0.652008 0.652008 0.652007 0.652007 0.652007 0.652006 0.652006 0.652005 0.652005 0.652005 0.652004 0.652004 0.652004 0.652004 0.652004 0.652004 0.652004 0.652004 0.652004 0.652004 0.652004 0.652004 0.652004 0.652005 0.652005 0.652005 0.652006 0.652006 0.652007 0.652007 0.652007 0.652008 0.652008 0.652009 0.652009 0.65201 0.65201 0.65201 
0.703017 0.703018 0.703018 0.703019 0.70302 0.70302 0.70302 0.703021 0.703021 0.703021 0.703022 0.703022 0.703022 0.703022 0.703022 0.703022 0.703021 0.703021 0.703021 0.703021 0.70302 0.70302 0.703019 0.703019 0.703018 0.703018 0.703017 0.703017 0.703016 0.703015 0.703015 0.703014 0.703014 0.703013 0.703013 0.703012 0.703012 0.703011 0.703011 0.703011 0.70301 0.70301 0.70301 0.70301 0.70301 0.70301 0.70301 0.70301 0.70301 0.703011 0.703011 0.703011 0.703012 0.703012 0.703013 0.703013 0.703014 0.703014 0.703015 0.703016 0.703016 0.703017 
0.746684 0.746685 0.746686 0.746686 0.746687 0.746688 0.746688 0.746689 0.746689 0.74669 0.74669 0.746691 0.746691 0.746691 0.746691 0.746692 0.746692 0.746692 0.746691 0.746691 0.746691 0.746691 0.74669 0.74669 0.746689 0.746689 0.746688 0.746688 0.746687 0.746686 0.746686 0.746685 0.746684 0.746684 0.746683 0.746682 0.746682 0.746681 0.74668 0.74668 0.746679 0.746679 0.746679 0.746678 0.746678 0.746678 0.746678 0.746678 0.746678 0.746678 0.746678 0.746678 0.746679 0.746679 0.746679 0.74668 0.74668 0.746681 0.746682 0.746682 0.746683 0.746684 
0.782735 0.782735 0.782736 0.782737 0.782737 0.782738 0.782739 0.782739 0.78274 0.78274 0.782741 0.782741 0.782742 0.782742 0.782743 0.782743 0.782743 0.782743 0.782743 0.782743 0.782743 0.782743 0.782743 0.782743 0.782742 0.782742 0.782741 0.782741 0.78274 0.78274 0.782739 0.782739 0.782738 0.782737 0.782736 0.782736 0.782735 0.782734 0.782734 0.782733 0.782733 0.782732 0.782732 0.782731 0.782731 0.78273 0.78273 0.78273 0.78273 0.78273 0.78273 0.78273 0.78273 0.78273 0.782731 0.782731 0.782731 0.782732 0.782732 0.782733 0.782733 0.782734 
0.810963 0.810964 0.810964 0.810965 0.810965 0.810966 0.810966 0.810967 0.810967 0.810968 0.810968 0.810969 0.810969 0.810969 0.81097 0.81097 0.81097 0.81097 0.81097 0.81097 0.81097 0.81097 0.81097 0.81097 0.81097 0.810969 0.810969 0.810969 0.810968 0.810968 0.810967 0.810967 0.810967 0.810966 0.810965 0.810965 0.810964 0.810964 0.810963 0.810963 0.810962 0.810962 0.810962 0.810961 0.810961 0.810961 0.81096 0.81096 0.81096 0.81096 0.81096 0.81096 0.81096 0.81096 0.81096 0.81096 0.810961 0.810961 0.810961 0.810962 0.810962 0.810963 
0.831223 0.831224 0.831224 0.831224 0.831225 0.831225 0.831225 0.831225 0.831225 0.831226 0.831226 0.831226 0.831226 0.831226 0.831226 0.831226 0.831226 0.831226 0.831226 0.831226 0.831226 0.831226 0.831226 0.831226 0.831225 0.831225 0.831225 0.831225 0.831225 0.831224 0.831224 0.831224 0.831223 0.831223 0.831223 0.831223 0.831222 0.831222 0.831222 0.831222 0.831222 0.831221 0.831221 0.831221 0.831221 0.831221 0.831221 0.831221 0.831221 0.831221 0.831221 0.831221 0.831221 0.831221 0.831222 0.831222 0.831222 0.831222 0.831222 0.831223 0.831223 0.831223 
0.843418 0.843418 0.843418 0.843418 0.843418 0.843418 0.843418 0.843418 0.843417 0.843417 0.843417 0.843417 0.843416 0.843416 0.843416 0.843416 0.843415 0.843415 0.843415 0.843415 0.843414 0.843414 0.843414 0.843414 0.843413 0.843413 0.843413 0.843413 0.843413 0.843413 0.843413 0.843412 0.843412 0.843412 0.843413 0.843413 0.843413 0.843413 0.843413 0.843413 0.843413 0.843414 0.843414 0.843414 0.843414 0.843415 0.843415 0.843415 0.843415 0.843416 0.843416 0.843416 0.843417 0.843417 0.843417 0.843417 0.843417 0.843418 0.843418 0.843418 0.843418 0.843418 
0.847491 0.84749 0.84749 0.84749 0.847489 0.847489 0.847488 0.847488 0.847487 0.847486 0.847486 0.847485 0.847485 0.847484 0.847483 0.847483 0.847482 0.847482 0.847481 0.847481 0.84748 0.84748 0.84748 0.84748 0.847479 0.847479 0.847479 0.847479 0.847479 0.847479 0.847479 0.84748 0.84748 0.84748 0.847481 0.847481 0.847482 0.847482 0.847483 0.847483 0.847484 0.847484 0.847485 0.847486 0.847486 0.847487 0.847487 0.847488 0.847488 0.847489 0.847489 0.84749 0.84749 0.84749 0.847491 0.847491 0.847491 0.847491 0.847491 0.847491 0.847491 0.847491 
0.843422 0.843421 0.843421 0.84342 0.843419 0.843418 0.843417 0.843417 0.843416 0.843415 0.843414 0.843413 0.843412 0.843411 0.843411 0.84341 0.843409 0.843409 0.843408 0.843408 0.843407 0.843407 0.843407 0.843407 0.843407 0.843407 0.843407 0.843407 0.843407 0.843408 0.843408 0.843409 0.84341 0.84341 0.843411 0.843412 0.843413 0.843413 0.843414 0.843415 0.843416 0.843417 0.843418 0.843419 0.84342 0.84342 0.843421 0.843422 0.843422 0.843423 0.843423 0.843424 0.843424 0.843424 0.843424 0.843424 0.843424 0.843424 0.843424 0.843423 0.843423 0.843423 
0.831229 0.831228 0.831227 0.831226 0.831225 0.831224 0.831223 0.831222 0.831221 0.83122 0.831219 0.831218 0.831217 0.831216 0.831216 0.831215 0.831215 0.831214 0.831214 0.831214 0.831214 0.831214 0.831214 0.831214 0.831214 0.831215 0.831215 0.831216 0.831216 0.831217 0.831218 0.831219 0.83122 0.831221 0.831222 0.831223 0.831224 0.831225 0.831226 0.831227 0.831228 0.831229 0.83123 0.831231 0.831232 0.831232 0.831233 0.831233 0.831234 0.831234 0.831234 0.831234 0.831234 0.831234 0.831234 0.831234 0.831233 0.831233 0.831232 0.831231 0.831231 0.83123 
0.810967 0.810965 0.810964 0.810963 0.810962 0.810961 0.81096 0.810959 0.810958 0.810958 0.810957 0.810956 0.810956 0.810955 0.810955 0.810955 0.810955 0.810955 0.810955 0.810955 0.810955 0.810956 0.810956 0.810957 0.810958 0.810959 0.81096 0.81096 0.810961 0.810963 0.810964 0.810965 0.810966 0.810967 0.810968 0.810969 0.81097 0.810971 0.810972 0.810973 0.810974 0.810974 0.810975 0.810975 0.810976 0.810976 0.810976 0.810976 0.810976 0.810976 0.810976 0.810976 0.810975 0.810975 0.810974 0.810973 0.810973 0.810972 0.810971 0.81097 0.810969 0.810968 
0.782733 0.782732 0.782731 0.78273 0.78273 0.782729 0.782728 0.782728 0.782727 0.782727 0.782727 0.782727 0.782727 0.782727 0.782727 0.782727 0.782728 0.782728 0.782729 0.78273 0.78273 0.782731 0.782732 0.782733 0.782734 0.782735 0.782736 0.782737 0.782738 0.782739 0.78274 0.782741 0.782742 0.782743 0.782744 0.782745 0.782745 0.782746 0.782747 0.782747 0.782747 0.782748 0.782748 0.782748 0.782748 0.782747 0.782747 0.782747 0.782746 0.782746 0.782745 0.782744 0.782743 0.782742 0.782741 0.78274 0.782739 0.782738 0.782737 0.782736 0.782735 0.782734 
0.746678 0.746677 0.746677 0.746676 0.746676 0.746676 0.746676 0.746676 0.746676 0.746676 0.746677 0.746677 0.746678 0.746678 0.746679 0.746679 0.74668 0.746681 0.746682 0.746683 0.746684 0.746685 0.746686 0.746687 0.746688 0.746689 0.746689 0.74669 0.746691 0.746692 0.746692 0.746693 0.746694 0.746694 0.746694 0.746695 0.746695 0.746695 0.746695 0.746695 0.746694 0.746694 0.746694 0.746693 0.746693 0.746692 0.746691 0.746691 0.74669 0.746689 0.746688 0.746687 0.746686 0.746685 0.746684 0.746683 0.746682 0.746681 0.74668 0.74668 0.746679 0.746678 
0.703009 0.703009 0.703009 0.703009 0.703009 0.703009 0.70301 0.70301 0.703011 0.703011 0.703012 0.703013 0.703013 0.703014 0.703015 0.703016 0.703017 0.703017 0.703018 0.703019 0.70302 0.703021 0.703021 0.703022 0.703022 0.703023 0.703023 0.703024 0.703024 0.703024 0.703025 0.703025 0.703025 0.703025 0.703024 0.703024 0.703024 0.703023 0.703023 0.703022 0.703022 0.703021 0.70302 0.70302 0.703019 0.703018 0.703017 0.703017 0.703016 0.703015 0.703014 0.703013 0.703013 0.703012 0.703011 0.703011 0.70301 0.70301 0.703009 0.703009 0.703009 0.703009 
0.652004 0.652004 0.652004 0.652005 0.652005 0.652006 0.652006 0.652007 0.652008 0.652008 0.652009 0.652009 0.65201 0.652011 0.652011 0.652012 0.652012 0.652013 0.652013 0.652014 0.652014 0.652014 0.652015 0.652015 0.652015 0.652015 0.652015 0.652015 0.652015 0.652015 0.652015 0.652014 0.652014 0.652013 0.652013 0.652013 0.652012 0.652011 0.652011 0.65201 0.65201 0.652009 0.652008 0.652008 0.652007 0.652006 0.652006 0.652005 0.652005 0.652004 0.652004 0.652004 0.652003 0.652003 0.652003 0.652003 0.652003 0.652003 0.652003 0.652003 0.652003 0.652003 
0.594022 0.594022 0.594023 0.594023 0.594024 0.594024 0.594025 0.594025 0.594026 0.594026 0.594026 0.594027 0.594027 0.594027 0.594028 0.594028 0.594028 0.594028 0.594028 0.594028 0.594028 0.594028 0.594028 0.594028 0.594028 0.594028 0.594027 0.594027 0.594027 0.594026 0.594026 0.594026 0.594025 0.594025 0.594024 0.594024 0.594024 0.594023 0.594023 0.594022 0.594022 0.594021 0.594021 0.594021 0.59402 0.59402 0.59402 0.59402 0.59402 0.59402 0.594019 0.594019 0.59402 0.59402 0.59402 0.59402 0.59402 0.59402 0.594021 0.594021 0.594021 0.594022 
0.529519 0.529519 0.529519 0.52952 0.52952 0.52952 0.52952 0.52952 0.529521 0.529521 0.529521 0.529521 0.529521 0.529521 0.529521 0.529521 0.529521 0.529521 0.529521 0.529521 0.529521 0.52952 0.52952 0.52952 0.52952 0.52952 0.529519 0.529519 0.529519 0.529518 0.529518 0.529518 0.529518 0.529517 0.529517 0.529517 0.529517 0.529516 0.529516 0.529516 0.529516 0.529516 0.529516 0.529516 0.529516 0.529516 0.529516 0.529516 0.529516 0.529516 0.529516 0.529516 0.529516 0.529516 0.529517 0.529517 0.529517 0.529517 0.529518 0.529518 0.529518 0.529519 
0.459054 0.459054 0.459054 0.459054 0.459054 0.459054 0.459054 0.459054 0.459054 0.459054 0.459054 0.459054 0.459054 0.459054 0.459054 0.459054 0.459054 0.459054 0.459054 0.459054 0.459054 0.459053 0.459053 0.459053 0.459053 0.459053 0.459053 0.459052 0.459052 0.459052 0.459052 0.459052 0.459052 0.459052 0.459052 0.459052 0.459052 0.459051 0.459051 0.459051 0.459051 0.459051 0.459052 0.459052 0.459052 0.459052 0.459052 0.459052 0.459052 0.459052 0.459052 0.459052 0.459053 0.459053 0.459053 0.459053 0.459053 0.459053 0.459053 0.459054 0.459054 0.459054 
0.383298 0.383298 0.383298 0.383298 0.383298 0.383298 0.383298 0.383298 0.383298 0.383298 0.383298 0.383298 0.383298 0.383297 0.383297 0.383297 0.383297 0.383297 0.383297 0.383297 0.383297 0.383297 0.383297 0.383297 0.383297 0.383297 0.383297 0.383297 0.383297 0.383297 0.383297 0.383297 0.383297 0.383296 0.383296 0.383296 0.383296 0.383297 0.383297 0.383297 0.383297 0.383297 0.383297 0.383297 0.383297 0.383297 0.383297 0.383297 0.383297 0.383297 0.383297 0.383297 0.383297 0.383297 0.383297 0.383297 0.383297 0.383297 0.383298 0.383298 0.383298 0.383298 
0.303029 0.303029 0.303029 0.303029 0.303029 0.303029 0.303029 0.303029 0.303029 0.303029 0.303029 0.303029 0.303029 0.303029 0.303029 0.303029 0.303029 0.303029 0.303029 0.303029 0.303029 0.303029 0.303029 0.303029 0.303029 0.303029 0.303029 0.303029 0.303029 0.303029 0.303029 0.303029 0.303029 0.303029 0.303029 0.303029 0.303029 0.303029 0.303029 0.303029 0.303029 0.303029 0.303029 0.303029 0.303029 0.303029 0.303029 0.303029 0.303029 0.303029 0.303029 0.303029 0.303029 0.303029 0.303029 0.303029 0.303029 0.303029 0.303029 0.303029 0.303029 0.303029 
0.219128 0.219128 0.219128 0.219128 0.219128 0.219128 0.219128 0.219128 0.219128 0.219128 0.219128 0.219128 0.219128 0.219128 0.219128 0.219128 0.219128 0.219128 0.219128 0.219128 0.219128 0.219128 0.219128 0.219128 0.219128 0.219128 0.219128 0.219128 0.219128 0.219128 0.219128 0.219128 0.219128 0.219128 0.219128 0.219128 0.219128 0.219128 0.219128 0.219128 0.219128 0.219128 0.219128 0.219128 0.219128 0.219128 0.219128 0.219128 0.219128 0.219128 0.219128 0.219128 0.219128 0.219128 0.219128 0.219128 0.219128 0.219128 0.219128 0.219128 0.219128 0.219128 
0.132563 0.132563 0.132563 0.132563 0.132563 0.132563 0.132563 0.132563 0.132563 0.132563 0.132563 0.132563 0.132563 0.132563 0.132563 0.132563 0.132563 0.132563 0.132563 0.132563 0.132563 0.132563 0.132563 0.132563 0.132563 0.132563 0.132563 0.132563 0.132563 0.132563 0.132563 0.132563 0.132563 0.132563 0.132563 0.132563 0.132563 0.132563 0.132563 0.132563 0.132563 0.132563 0.132563 0.132563 0.132563 0.132563 0.132563 0.132563 0.132563 0.132563 0.132563 0.132563 0.132563 0.132563 0.132563 0.132563 0.132563 0.132563 0.132563 0.132563 0.132563 0.132563 
0.0443701 0.0443701 0.0443701 0.0443702 0.0443702 0.0443702 0.0443702 0.0443702 0.0443702 0.0443702 0.0443702 0.0443702 0.0443702 0.0443702 0.0443702 0.0443703 0.0443703 0.0443703 0.0443703 0.0443703 0.0443703 0.0443703 0.0443703 0.0443703 0.0443703 0.0443703 0.0443703 0.0443702 0.0443702 0.0443702 0.0443702 0.0443702 0.0443702 0.0443702 0.0443702 0.0443702 0.0443702 0.0443702 0.0443701 0.0443701 0.0443701 0.0443701 0.0443701 0.0443701 0.0443701 0.0443701 0.0443701 0.0443701 0.0443701 0.0443701 0.0443701 0.0443701 0.0443701 0.0443701 0.0443701 0.0443701 0.0443701 0.0443701 0.0443701 0.0443701 0.0443701 0.0443701 
