0.0423694 0.0423694 0.0423693 0.0423693 0.0423693 0.0423693 0.0423693 0.0423693 0.0423693 0.0423693 0.0423693 0.0423693 0.0423693 0.0423693 0.0423693 0.0423693 0.0423693 0.0423693 0.0423693 0.0423693 0.0423693 0.0423693 0.0423693 0.0423693 0.0423693 0.0423693 0.0423693 0.0423693 0.0423693 0.0423693 0.0423693 0.0423693 0.0423693 0.0423693 0.0423693 0.0423693 0.0423693 0.0423693 0.0423693 0.0423693 0.0423693 0.0423693 0.0423693 0.0423693 0.0423694 0.0423694 0.0423694 0.0423694 0.0423694 0.0423694 0.0423694 0.0423694 0.0423694 0.0423694 0.0423694 0.0423694 0.0423694 0.0423694 0.0423694 0.0423694 0.0423694 0.0423694 
0.12661 0.12661 0.12661 0.12661 0.12661 0.12661 0.12661 0.12661 0.12661 0.12661 0.12661 0.12661 0.12661 0.12661 0.12661 0.12661 0.12661 0.12661 0.12661 0.12661 0.12661 0.12661 0.12661 0.12661 0.12661 0.12661 0.12661 0.12661 0.12661 0.12661 0.12661 0.12661 0.12661 0.12661 0.12661 0.12661 0.12661 0.12661 0.12661 0.12661 0.12661 0.12661 0.12661 0.12661 0.12661 0.12661 0.12661 0.12661 0.12661 0.12661 0.12661 0.12661 0.12661 0.12661 0.12661 0.12661 0.12661 0.12661 0.12661 0.12661 0.12661 0.12661 
0.209368 0.209368 0.209368 0.209368 0.209368 0.209368 0.209368 0.209368 0.209368 0.209368 0.209368 0.209368 0.209368 0.209368 0.209368 0.209368 0.209368 0.209368 0.209368 0.209368 0.209368 0.209368 0.209368 0.209368 0.209368 0.209368 0.209368 0.209368 0.209368 0.209368 0.209368 0.209368 0.209368 0.209368 0.209368 0.209368 0.209368 0.209368 0.209368 0.209368 0.209368 0.209368 0.209368 0.209368 0.209368 0.209368 0.209368 0.209368 0.209368 0.209368 0.209368 0.209368 0.209368 0.209368 0.209368 0.209368 0.209368 0.209368 0.209368 0.209368 0.209368 0.209368 
0.289691 0.289691 0.289691 0.289691 0.289691 0.289691 0.289691 0.289691 0.289691 0.289691 0.289691 0.289691 0.289691 0.289691 0.289691 0.289691 0.289691 0.289691 0.289691 0.289691 0.289691 0.289691 0.289691 0.289691 0.289691 0.289691 0.289691 0.289691 0.289691 0.289691 0.289691 0.289691 0.289691 0.289691 0.289691 0.289691 0.289691 0.289691 0.289691 0.289691 0.289691 0.289691 0.289691 0.289691 0.289691 0.289691 0.289691 0.289691 0.289691 0.289691 0.289691 0.289691 0.289691 0.289691 0.289691 0.289691 0.289691 0.289691 0.289691 0.289691 0.289691 0.289691 
0.366679 0.366679 0.366679 0.366679 0.366679 0.366679 0.366679 0.366679 0.366679 0.366679 0.366679 0.366679 0.366679 0.366679 0.366679 0.366679 0.366679 0.366679 0.366679 0.366679 0.366679 0.366679 0.366679 0.366679 0.366679 0.366679 0.366679 0.366679 0.366679 0.366679 0.366679 0.366679 0.366679 0.366679 0.366679 0.366679 0.36668 0.36668 0.36668 0.36668 0.36668 0.36668 0.36668 0.36668 0.36668 0.366679 0.366679 0.366679 0.366679 0.366679 0.366679 0.366679 0.366679 0.366679 0.366679 0.366679 0.366679 0.366679 0.366679 0.366679 0.366679 0.366679 
0.439503 0.439503 0.439503 0.439503 0.439503 0.439503 0.439503 0.439503 0.439503 0.439503 0.439503 0.439503 0.439503 0.439503 0.439503 0.439503 0.439503 0.439503 0.439503 0.439503 0.439503 0.439503 0.439503 0.439503 0.439503 0.439503 0.439503 0.439503 0.439503 0.439503 0.439503 0.439503 0.439503 0.439503 0.439503 0.439503 0.439503 0.439503 0.439503 0.439503 0.439503 0.439503 0.439503 0.439503 0.439503 0.439503 0.439503 0.439503 0.439503 0.439503 0.439503 0.439503 0.439503 0.439503 0.439503 0.439503 0.439503 0.439503 0.439503 0.439503 0.439503 0.439503 
0.50741 0.50741 0.50741 0.50741 0.50741 0.50741 0.50741 0.50741 0.50741 0.50741 0.50741 0.50741 0.50741 0.50741 0.50741 0.50741 0.50741 0.50741 0.50741 0.50741 0.507411 0.507411 0.507411 0.507411 0.507411 0.507411 0.507411 0.507411 0.507411 0.507411 0.507411 0.507411 0.507411 0.507411 0.507411 0.507411 0.507411 0.507411 0.507411 0.507411 0.507411 0.507411 0.507411 0.507411 0.507411 0.507411 0.507411 0.507411 0.507411 0.507411 0.507411 0.507411 0.507411 0.507411 0.507411 0.507411 0.507411 0.50741 0.50741 0.50741 0.50741 0.50741 
0.56974 0.56974 0.56974 0.56974 0.569739 0.569739 0.569739 0.569739 0.569739 0.569739 0.569739 0.569739 0.569739 0.569739 0.569739 0.569739 0.569739 0.569739 0.569739 0.569739 0.56974 0.56974 0.56974 0.56974 0.56974 0.56974 0.56974 0.569741 0.569741 0.569741 0.569741 0.569741 0.569741 0.569741 0.569741 0.569742 0.569742 0.569742 0.569742 0.569742 0.569742 0.569742 0.569742 0.569742 0.569742 0.569742 0.569742 0.569742 0.569742 0.569742 0.569742 0.569741 0.569741 0.569741 0.569741 0.569741 0.569741 0.569741 0.56974 0.56974 0.56974 0.56974 
0.625921 0.625921 0.625921 0.62592 0.62592 0.62592 0.62592 0.62592 0.625919 0.625919 0.625919 0.625919 0.625919 0.625919 0.625919 0.625919 0.625919 0.625919 0.625919 0.625919 0.625919 0.625919 0.625919 0.625919 0.62592 0.62592 0.62592 0.62592 0.62592 0.625921 0.625921 0.625921 0.625921 0.625922 0.625922 0.625922 0.625922 0.625922 0.625923 0.625923 0.625923 0.625923 0.625923 0.625923 0.625923 0.625923 0.625923 0.625923 0.625923 0.625923 0.625923 0.625923 0.625923 0.625923 0.625923 0.625923 0.625922 0.625922 0.625922 0.625922 0.625922 0.625921 
0.675473 0.675472 0.675472 0.675472 0.675471 0.675471 0.675471 0.67547 0.67547 0.67547 0.675469 0.675469 0.675469 0.675469 0.675469 0.675468 0.675468 0.675468 0.675468 0.675468 0.675468 0.675468 0.675468 0.675468 0.675468 0.675469 0.675469 0.675469 0.675469 0.675469 0.67547 0.67547 0.67547 0.675471 0.675471 0.675471 0.675472 0.675472 0.675472 0.675473 0.675473 0.675473 0.675473 0.675474 0.675474 0.675474 0.675474 0.675474 0.675475 0.675475 0.675475 0.675475 0.675475 0.675475 0.675474 0.675474 0.675474 0.675474 0.675474 0.675473 0.675473 0.675473 
0.717999 0.717999 0.717998 0.717998 0.717998 0.717997 0.717997 0.717996 0.717996 0.717996 0.717995 0.717995 0.717994 0.717994 0.717994 0.717993 0.717993 0.717993 0.717993 0.717993 0.717992 0.717992 0.717992 0.717992 0.717992 0.717992 0.717992 0.717993 0.717993 0.717993 0.717993 0.717994 0.717994 0.717994 0.717995 0.717995 0.717995 0.717996 0.717996 0.717996 0.717997 0.717997 0.717998 0.717998 0.717998 0.717999 0.717999 0.717999 0.717999 0.718 0.718 0.718 0.718 0.718 0.718 0.718 0.718 0.718 0.718 0.718 0.717999 0.717999 
0.753184 0.753183 0.753183 0.753183 0.753182 0.753182 0.753182 0.753181 0.753181 0.753181 0.75318 0.75318 0.753179 0.753179 0.753179 0.753178 0.753178 0.753177 0.753177 0.753177 0.753177 0.753176 0.753176 0.753176 0.753176 0.753176 0.753176 0.753176 0.753176 0.753176 0.753176 0.753177 0.753177 0.753177 0.753177 0.753178 0.753178 0.753178 0.753179 0.753179 0.75318 0.75318 0.75318 0.753181 0.753181 0.753182 0.753182 0.753182 0.753183 0.753183 0.753183 0.753184 0.753184 0.753184 0.753184 0.753184 0.753184 0.753184 0.753184 0.753184 0.753184 0.753184 
0.780783 0.780782 0.780782 0.780782 0.780782 0.780782 0.780781 0.780781 0.780781 0.78078 0.78078 0.78078 0.780779 0.780779 0.780779 0.780778 0.780778 0.780778 0.780777 0.780777 0.780777 0.780777 0.780776 0.780776 0.780776 0.780776 0.780776 0.780776 0.780776 0.780776 0.780776 0.780776 0.780776 0.780776 0.780777 0.780777 0.780777 0.780777 0.780778 0.780778 0.780778 0.780779 0.780779 0.780779 0.78078 0.78078 0.78078 0.780781 0.780781 0.780781 0.780782 0.780782 0.780782 0.780782 0.780782 0.780783 0.780783 0.780783 0.780783 0.780783 0.780783 0.780783 
0.800616 0.800616 0.800616 0.800616 0.800616 0.800616 0.800616 0.800615 0.800615 0.800615 0.800615 0.800615 0.800614 0.800614 0.800614 0.800614 0.800614 0.800613 0.800613 0.800613 0.800613 0.800613 0.800613 0.800613 0.800612 0.800612 0.800612 0.800612 0.800612 0.800612 0.800612 0.800613 0.800613 0.800613 0.800613 0.800613 0.800613 0.800613 0.800614 0.800614 0.800614 0.800614 0.800614 0.800615 0.800615 0.800615 0.800615 0.800615 0.800616 0.800616 0.800616 0.800616 0.800616 0.800616 0.800616 0.800616 0.800616 0.800616 0.800616 0.800616 0.800616 0.800616 
0.812563 0.812563 0.812563 0.812563 0.812562 0.812562 0.812562 0.812562 0.812562 0.812562 0.812562 0.812562 0.812562 0.812562 0.812562 0.812562 0.812562 0.812562 0.812562 0.812562 0.812562 0.812562 0.812562 0.812562 0.812562 0.812563 0.812563 0.812563 0.812563 0.812563 0.812563 0.812563 0.812563 0.812563 0.812563 0.812563 0.812563 0.812563 0.812563 0.812563 0.812564 0.812564 0.812564 0.812564 0.812564 0.812564 0.812564 0.812564 0.812564 0.812564 0.812564 0.812563 0.812563 0.812563 0.812563 0.812563 0.812563 0.812563 0.812563 0.812563 0.812563 0.812563 
0.816551 0.816551 0.816551 0.816551 0.816551 0.816551 0.816551 0.816551 0.816551 0.816552 0.816552 0.816552 0.816552 0.816552 0.816552 0.816553 0.816553 0.816553 0.816553 0.816554 0.816554 0.816554 0.816554 0.816555 0.816555 0.816555 0.816555 0.816555 0.816555 0.816556 0.816556 0.816556 0.816556 0.816556 0.816556 0.816556 0.816556 0.816556 0.816556 0.816556 0.816555 0.816555 0.816555 0.816555 0.816555 0.816555 0.816554 0.816554 0.816554 0.816554 0.816553 0.816553 0.816553 0.816553 0.816552 0.816552 0.816552 0.816552 0.816552 0.816551 0.816551 0.816551 
0.812559 0.812559 0.812559 0.812559 0.812559 0.812559 0.81256 0.81256 0.81256 0.81256 0.812561 0.812561 0.812561 0.812562 0.812562 0.812563 0.812563 0.812564 0.812564 0.812564 0.812565 0.812565 0.812566 0.812566 0.812566 0.812566 0.812567 0.812567 0.812567 0.812567 0.812567 0.812567 0.812567 0.812567 0.812567 0.812567 0.812567 0.812566 0.812566 0.812566 0.812566 0.812565 0.812565 0.812565 0.812564 0.812564 0.812563 0.812563 0.812562 0.812562 0.812562 0.812561 0.812561 0.812561 0.81256 0.81256 0.81256 0.812559 0.812559 0.812559 0.812559 0.812559 
0.80061 0.80061 0.80061 0.80061 0.800611 0.800611 0.800611 0.800612 0.800612 0.800613 0.800613 0.800614 0.800614 0.800615 0.800615 0.800616 0.800616 0.800617 0.800617 0.800618 0.800618 0.800619 0.800619 0.800619 0.80062 0.80062 0.80062 0.80062 0.80062 0.80062 0.80062 0.80062 0.80062 0.800619 0.800619 0.800619 0.800619 0.800618 0.800618 0.800617 0.800617 0.800616 0.800616 0.800615 0.800615 0.800614 0.800614 0.800613 0.800613 0.800612 0.800612 0.800611 0.800611 0.800611 0.80061 0.80061 0.80061 0.80061 0.80061 0.800609 0.800609 0.80061 
0.780775 0.780775 0.780776 0.780776 0.780777 0.780777 0.780778 0.780778 0.780779 0.780779 0.78078 0.780781 0.780781 0.780782 0.780782 0.780783 0.780783 0.780784 0.780784 0.780784 0.780785 0.780785 0.780785 0.780785 0.780785 0.780785 0.780785 0.780785 0.780785 0.780785 0.780785 0.780784 0.780784 0.780784 0.780783 0.780783 0.780782 0.780782 0.780781 0.780781 0.78078 0.780779 0.780779 0.780778 0.780778 0.780777 0.780777 0.780776 0.780776 0.780775 0.780775 0.780775 0.780775 0.780774 0.780774 0.780774 0.780774 0.780774 0.780774 0.780774 0.780775 0.780775 
0.753178 0.753178 0.753179 0.753179 0.75318 0.75318 0.753181 0.753182 0.753182 0.753183 0.753183 0.753184 0.753184 0.753184 0.753185 0.753185 0.753185 0.753186 0.753186 0.753186 0.753186 0.753186 0.753186 0.753186 0.753186 0.753186 0.753185 0.753185 0.753185 0.753184 0.753184 0.753183 0.753183 0.753182 0.753182 0.753181 0.753181 0.75318 0.75318 0.753179 0.753179 0.753178 0.753178 0.753177 0.753177 0.753176 0.753176 0.753176 0.753176 0.753175 0.753175 0.753175 0.753175 0.753175 0.753175 0.753176 0.753176 0.753176 0.753176 0.753177 0.753177 0.753177 
0.717997 0.717997 0.717998 0.717998 0.717999 0.717999 0.717999 0.718 0.718 0.718001 0.718001 0.718001 0.718001 0.718001 0.718002 0.718002 0.718002 0.718002 0.718001 0.718001 0.718001 0.718001 0.718001 0.718 0.718 0.718 0.717999 0.717999 0.717998 0.717998 0.717997 0.717997 0.717996 0.717996 0.717996 0.717995 0.717995 0.717994 0.717994 0.717993 0.717993 0.717993 0.717993 0.717992 0.717992 0.717992 0.717992 0.717992 0.717992 0.717992 0.717992 0.717993 0.717993 0.717993 0.717993 0.717994 0.717994 0.717994 0.717995 0.717995 0.717996 0.717996 
0.675474 0.675474 0.675475 0.675475 0.675475 0.675475 0.675476 0.675476 0.675476 0.675476 0.675476 0.675476 0.675476 0.675476 0.675476 0.675475 0.675475 0.675475 0.675475 0.675474 0.675474 0.675474 0.675473 0.675473 0.675473 0.675472 0.675472 0.675471 0.675471 0.675471 0.67547 0.67547 0.67547 0.675469 0.675469 0.675469 0.675469 0.675468 0.675468 0.675468 0.675468 0.675468 0.675468 0.675468 0.675468 0.675468 0.675469 0.675469 0.675469 0.675469 0.67547 0.67547 0.67547 0.675471 0.675471 0.675471 0.675472 0.675472 0.675473 0.675473 0.675473 0.675474 
0.625924 0.625925 0.625925 0.625925 0.625925 0.625925 0.625925 0.625925 0.625925 0.625924 0.625924 0.625924 0.625924 0.625924 0.625923 0.625923 0.625923 0.625923 0.625922 0.625922 0.625922 0.625921 0.625921 0.625921 0.625921 0.62592 0.62592 0.62592 0.62592 0.625919 0.625919 0.625919 0.625919 0.625919 0.625919 0.625919 0.625919 0.625919 0.625919 0.625919 0.625919 0.625919 0.625919 0.62592 0.62592 0.62592 0.62592 0.625921 0.625921 0.625921 0.625922 0.625922 0.625922 0.625922 0.625923 0.625923 0.625923 0.625924 0.625924 0.625924 0.625924 0.625924 
0.569743 0.569743 0.569743 0.569743 0.569743 0.569743 0.569743 0.569743 0.569742 0.569742 0.569742 0.569742 0.569742 0.569741 0.569741 0.569741 0.569741 0.569741 0.56974 0.56974 0.56974 0.56974 0.56974 0.56974 0.569739 0.569739 0.569739 0.569739 0.569739 0.569739 0.569739 0.569739 0.569739 0.569739 0.569739 0.569739 0.56974 0.56974 0.56974 0.56974 0.56974 0.56974 0.569741 0.569741 0.569741 0.569741 0.569741 0.569742 0.569742 0.569742 0.569742 0.569742 0.569743 0.569743 0.569743 0.569743 0.569743 0.569743 0.569743 0.569743 0.569743 0.569743 
0.507412 0.507412 0.507412 0.507412 0.507412 0.507412 0.507412 0.507411 0.507411 0.507411 0.507411 0.507411 0.507411 0.507411 0.507411 0.50741 0.50741 0.50741 0.50741 0.50741 0.50741 0.50741 0.50741 0.50741 0.50741 0.50741 0.50741 0.50741 0.50741 0.50741 0.50741 0.50741 0.507411 0.507411 0.507411 0.507411 0.507411 0.507411 0.507411 0.507411 0.507412 0.507412 0.507412 0.507412 0.507412 0.507412 0.507412 0.507412 0.507412 0.507412 0.507413 0.507413 0.507413 0.507413 0.507413 0.507413 0.507413 0.507413 0.507413 0.507413 0.507412 0.507412 
0.439504 0.439504 0.439504 0.439503 0.439503 0.439503 0.439503 0.439503 0.439503 0.439503 0.439503 0.439503 0.439503 0.439503 0.439503 0.439503 0.439503 0.439503 0.439503 0.439503 0.439503 0.439503 0.439503 0.439503 0.439503 0.439503 0.439503 0.439503 0.439503 0.439503 0.439503 0.439503 0.439503 0.439503 0.439504 0.439504 0.439504 0.439504 0.439504 0.439504 0.439504 0.439504 0.439504 0.439504 0.439504 0.439504 0.439504 0.439504 0.439504 0.439504 0.439504 0.439504 0.439504 0.439504 0.439504 0.439504 0.439504 0.439504 0.439504 0.439504 0.439504 0.439504 
0.36668 0.36668 0.36668 0.36668 0.36668 0.36668 0.36668 0.36668 0.36668 0.36668 0.36668 0.36668 0.36668 0.36668 0.36668 0.36668 0.36668 0.36668 0.36668 0.36668 0.36668 0.36668 0.36668 0.36668 0.36668 0.36668 0.36668 0.36668 0.36668 0.36668 0.36668 0.36668 0.36668 0.36668 0.36668 0.36668 0.36668 0.36668 0.36668 0.36668 0.36668 0.36668 0.36668 0.36668 0.36668 0.36668 0.36668 0.36668 0.36668 0.36668 0.36668 0.36668 0.36668 0.36668 0.36668 0.36668 0.36668 0.36668 0.36668 0.36668 0.36668 0.36668 
0.289691 0.289691 0.289691 0.289691 0.289691 0.289691 0.289691 0.289691 0.289691 0.289691 0.289691 0.289691 0.289691 0.289691 0.289691 0.289691 0.289691 0.289691 0.289691 0.289691 0.289691 0.289691 0.289691 0.289691 0.289691 0.289691 0.289691 0.289691 0.289691 0.289691 0.289691 0.289691 0.289691 0.289691 0.289691 0.289691 0.289691 0.289691 0.289691 0.289691 0.289691 0.289691 0.289691 0.289691 0.289691 0.289691 0.289691 0.289691 0.289691 0.289691 0.289691 0.289691 0.289691 0.289691 0.289691 0.289691 0.289691 0.289691 0.289691 0.289691 0.289691 0.289691 
0.209368 0.209368 0.209368 0.209368 0.209368 0.209368 0.209368 0.209368 0.209368 0.209368 0.209368 0.209368 0.209368 0.209368 0.209368 0.209368 0.209368 0.209368 0.209368 0.209368 0.209368 0.209368 0.209368 0.209368 0.209368 0.209368 0.209368 0.209368 0.209368 0.209368 0.209368 0.209368 0.209368 0.209368 0.209368 0.209368 0.209368 0.209368 0.209368 0.209368 0.209368 0.209368 0.209368 0.209368 0.209368 0.209368 0.209368 0.209368 0.209368 0.209368 0.209368 0.209368 0.209368 0.209368 0.209368 0.209368 0.209368 0.209368 0.209368 0.209368 0.209368 0.209368 
0.12661 0.12661 0.12661 0.12661 0.12661 0.12661 0.12661 0.12661 0.12661 0.12661 0.12661 0.12661 0.12661 0.12661 0.12661 0.12661 0.12661 0.12661 0.12661 0.12661 0.12661 0.12661 0.12661 0.12661 0.12661 0.12661 0.12661 0.12661 0.12661 0.12661 0.12661 0.12661 0.12661 0.12661 0.12661 0.12661 0.12661 0.12661 0.12661 0.12661 0.12661 0.12661 0.12661 0.12661 0.12661 0.12661 0.12661 0.12661 0.12661 0.12661 0.12661 0.12661 0.12661 0.12661 0.12661 0.12661 0.12661 0.12661 0.12661 0.12661 0.12661 0.12661 
0.0423694 0.0423694 0.0423694 0.0423694 0.0423694 0.0423694 0.0423694 0.0423694 0.0423694 0.0423694 0.0423694 0.0423694 0.0423694 0.0423694 0.0423694 0.0423694 0.0423694 0.0423694 0.0423694 0.0423694 0.0423694 0.0423694 0.0423694 0.0423693 0.0423693 0.0423693 0.0423693 0.0423693 0.0423693 0.0423693 0.0423693 0.0423693 0.0423693 0.0423693 0.0423693 0.0423694 0.0423694 0.0423694 0.0423694 0.0423694 0.0423694 0.0423694 0.0423694 0.0423694 0.0423694 0.0423694 0.0423694 0.0423694 0.0423694 0.0423694 0.0423694 0.0423694 0.0423694 0.0423694 0.0423694 0.0423694 0.0423694 0.0423694 0.0423694 0.0423694 0.0423694 0.0423694 
