0.0416642 0.0416642 0.0416642 0.0416642 0.0416642 0.0416642 0.0416642 0.0416642 0.0416642 0.0416642 0.0416642 0.0416642 0.0416642 0.0416642 0.0416642 0.0416642 0.0416642 0.0416642 0.0416642 0.0416642 0.0416642 0.0416642 0.0416642 0.0416642 0.0416642 0.0416642 0.0416642 0.0416642 0.0416642 0.0416642 0.0416642 0.0416642 0.0416642 0.0416642 0.0416642 0.0416642 0.0416642 0.0416642 0.0416642 0.0416642 0.0416642 0.0416642 0.0416642 0.0416642 0.0416642 0.0416642 0.0416642 0.0416642 0.0416642 0.0416642 0.0416642 0.0416642 0.0416642 0.0416642 0.0416642 0.0416642 0.0416642 0.0416642 0.0416642 0.0416642 0.0416642 0.0416642 
0.12451 0.12451 0.12451 0.12451 0.12451 0.12451 0.12451 0.12451 0.12451 0.12451 0.12451 0.12451 0.12451 0.12451 0.12451 0.12451 0.12451 0.12451 0.12451 0.12451 0.12451 0.12451 0.12451 0.12451 0.12451 0.12451 0.12451 0.12451 0.12451 0.12451 0.12451 0.12451 0.12451 0.12451 0.12451 0.12451 0.12451 0.12451 0.12451 0.12451 0.12451 0.12451 0.12451 0.12451 0.12451 0.12451 0.12451 0.12451 0.12451 0.12451 0.12451 0.12451 0.12451 0.12451 0.12451 0.12451 0.12451 0.12451 0.12451 0.12451 0.12451 0.12451 
0.205918 0.205918 0.205918 0.205918 0.205918 0.205918 0.205918 0.205918 0.205918 0.205918 0.205918 0.205918 0.205918 0.205918 0.205918 0.205918 0.205918 0.205918 0.205918 0.205918 0.205918 0.205918 0.205918 0.205918 0.205918 0.205918 0.205918 0.205918 0.205918 0.205918 0.205918 0.205918 0.205918 0.205918 0.205918 0.205918 0.205918 0.205918 0.205918 0.205918 0.205918 0.205918 0.205918 0.205918 0.205918 0.205918 0.205918 0.205918 0.205918 0.205918 0.205918 0.205918 0.205918 0.205918 0.205918 0.205918 0.205918 0.205918 0.205918 0.205918 0.205918 0.205918 
0.284963 0.284963 0.284963 0.284963 0.284963 0.284963 0.284963 0.284963 0.284963 0.284964 0.284964 0.284964 0.284964 0.284964 0.284964 0.284964 0.284964 0.284964 0.284964 0.284964 0.284964 0.284964 0.284964 0.284964 0.284964 0.284964 0.284964 0.284964 0.284964 0.284964 0.284964 0.284964 0.284964 0.284964 0.284964 0.284964 0.284964 0.284964 0.284964 0.284964 0.284964 0.284964 0.284964 0.284964 0.284964 0.284964 0.284964 0.284964 0.284963 0.284963 0.284963 0.284963 0.284963 0.284963 0.284963 0.284963 0.284963 0.284963 0.284963 0.284963 0.284963 0.284963 
0.360769 0.360769 0.360769 0.360769 0.360769 0.360769 0.360769 0.360769 0.360769 0.360769 0.360769 0.360769 0.360769 0.360769 0.360769 0.360769 0.360769 0.360769 0.360769 0.360769 0.360769 0.360769 0.360769 0.360769 0.360769 0.360769 0.360769 0.360769 0.360769 0.360769 0.360769 0.360769 0.360769 0.360769 0.360769 0.360769 0.360769 0.360769 0.360769 0.360769 0.360769 0.360769 0.360769 0.360769 0.360769 0.360769 0.360769 0.360769 0.360769 0.360769 0.360769 0.360769 0.360769 0.360769 0.360769 0.360769 0.360769 0.360769 0.360769 0.360769 0.360769 0.360769 
0.432521 0.432521 0.432521 0.432521 0.432521 0.432521 0.432521 0.432521 0.432521 0.432521 0.432521 0.432521 0.432521 0.432521 0.432521 0.432521 0.432521 0.432521 0.432521 0.432521 0.432521 0.432521 0.432521 0.432521 0.432521 0.432521 0.432521 0.432521 0.432521 0.432521 0.432521 0.432521 0.432521 0.432521 0.432521 0.432521 0.432521 0.432521 0.432521 0.432521 0.432521 0.432521 0.432521 0.432521 0.432521 0.432521 0.432521 0.432521 0.432521 0.432521 0.432521 0.432521 0.432521 0.432521 0.432521 0.432521 0.432521 0.432521 0.432521 0.432521 0.432521 0.432521 
0.49948 0.49948 0.49948 0.49948 0.49948 0.49948 0.49948 0.49948 0.49948 0.49948 0.49948 0.49948 0.49948 0.49948 0.49948 0.49948 0.49948 0.49948 0.49948 0.49948 0.49948 0.49948 0.49948 0.49948 0.49948 0.49948 0.49948 0.499479 0.499479 0.499479 0.499479 0.499479 0.499479 0.499479 0.499479 0.499479 0.499479 0.499479 0.499479 0.499479 0.499479 0.499479 0.499479 0.499479 0.499479 0.499479 0.499479 0.499479 0.499479 0.499479 0.499479 0.499479 0.499479 0.499479 0.499479 0.499479 0.499479 0.499479 0.499479 0.499479 0.49948 0.49948 
0.560987 0.560987 0.560987 0.560987 0.560987 0.560987 0.560987 0.560988 0.560988 0.560988 0.560988 0.560988 0.560988 0.560988 0.560988 0.560988 0.560988 0.560988 0.560988 0.560988 0.560988 0.560988 0.560988 0.560988 0.560988 0.560988 0.560988 0.560988 0.560987 0.560987 0.560987 0.560987 0.560987 0.560987 0.560987 0.560987 0.560986 0.560986 0.560986 0.560986 0.560986 0.560986 0.560986 0.560986 0.560986 0.560986 0.560986 0.560986 0.560986 0.560986 0.560986 0.560986 0.560986 0.560986 0.560986 0.560986 0.560986 0.560986 0.560986 0.560986 0.560987 0.560987 
0.616471 0.616471 0.616471 0.616471 0.616471 0.616472 0.616472 0.616472 0.616472 0.616472 0.616472 0.616473 0.616473 0.616473 0.616473 0.616473 0.616473 0.616473 0.616473 0.616473 0.616474 0.616474 0.616474 0.616473 0.616473 0.616473 0.616473 0.616473 0.616473 0.616473 0.616473 0.616473 0.616472 0.616472 0.616472 0.616472 0.616472 0.616472 0.616471 0.616471 0.616471 0.616471 0.616471 0.61647 0.61647 0.61647 0.61647 0.61647 0.61647 0.61647 0.61647 0.61647 0.61647 0.61647 0.61647 0.61647 0.61647 0.61647 0.61647 0.61647 0.61647 0.61647 
0.665445 0.665445 0.665446 0.665446 0.665446 0.665446 0.665446 0.665447 0.665447 0.665447 0.665448 0.665448 0.665448 0.665448 0.665449 0.665449 0.665449 0.665449 0.665449 0.66545 0.66545 0.66545 0.66545 0.66545 0.66545 0.66545 0.66545 0.66545 0.66545 0.66545 0.66545 0.66545 0.665449 0.665449 0.665449 0.665449 0.665449 0.665448 0.665448 0.665448 0.665448 0.665447 0.665447 0.665447 0.665447 0.665446 0.665446 0.665446 0.665446 0.665445 0.665445 0.665445 0.665445 0.665445 0.665445 0.665445 0.665445 0.665445 0.665445 0.665445 0.665445 0.665445 
0.707508 0.707508 0.707508 0.707508 0.707508 0.707509 0.707509 0.707509 0.707509 0.70751 0.70751 0.70751 0.707511 0.707511 0.707511 0.707512 0.707512 0.707512 0.707513 0.707513 0.707513 0.707513 0.707513 0.707514 0.707514 0.707514 0.707514 0.707514 0.707514 0.707514 0.707514 0.707514 0.707514 0.707514 0.707514 0.707514 0.707513 0.707513 0.707513 0.707513 0.707512 0.707512 0.707512 0.707511 0.707511 0.707511 0.70751 0.70751 0.70751 0.707509 0.707509 0.707509 0.707509 0.707508 0.707508 0.707508 0.707508 0.707508 0.707508 0.707508 0.707508 0.707508 
0.742333 0.742333 0.742333 0.742334 0.742334 0.742334 0.742334 0.742334 0.742334 0.742335 0.742335 0.742335 0.742335 0.742336 0.742336 0.742336 0.742337 0.742337 0.742337 0.742338 0.742338 0.742338 0.742339 0.742339 0.742339 0.742339 0.74234 0.74234 0.74234 0.74234 0.74234 0.74234 0.74234 0.74234 0.74234 0.74234 0.74234 0.74234 0.742339 0.742339 0.742339 0.742339 0.742338 0.742338 0.742338 0.742337 0.742337 0.742337 0.742336 0.742336 0.742336 0.742335 0.742335 0.742335 0.742334 0.742334 0.742334 0.742334 0.742334 0.742334 0.742333 0.742333 
0.769668 0.769668 0.769668 0.769668 0.769668 0.769668 0.769668 0.769668 0.769668 0.769669 0.769669 0.769669 0.769669 0.769669 0.76967 0.76967 0.76967 0.769671 0.769671 0.769671 0.769671 0.769672 0.769672 0.769672 0.769672 0.769673 0.769673 0.769673 0.769673 0.769673 0.769674 0.769674 0.769674 0.769674 0.769674 0.769674 0.769674 0.769673 0.769673 0.769673 0.769673 0.769673 0.769673 0.769672 0.769672 0.769672 0.769672 0.769671 0.769671 0.769671 0.76967 0.76967 0.76967 0.76967 0.769669 0.769669 0.769669 0.769669 0.769668 0.769668 0.769668 0.769668 
0.789322 0.789322 0.789322 0.789322 0.789322 0.789322 0.789322 0.789322 0.789323 0.789323 0.789323 0.789323 0.789323 0.789323 0.789323 0.789324 0.789324 0.789324 0.789324 0.789324 0.789324 0.789325 0.789325 0.789325 0.789325 0.789325 0.789325 0.789326 0.789326 0.789326 0.789326 0.789326 0.789326 0.789326 0.789326 0.789326 0.789326 0.789326 0.789326 0.789326 0.789325 0.789325 0.789325 0.789325 0.789325 0.789325 0.789325 0.789324 0.789324 0.789324 0.789324 0.789324 0.789324 0.789323 0.789323 0.789323 0.789323 0.789323 0.789323 0.789323 0.789322 0.789322 
0.801166 0.801166 0.801166 0.801166 0.801166 0.801167 0.801167 0.801167 0.801167 0.801167 0.801167 0.801167 0.801167 0.801167 0.801167 0.801167 0.801167 0.801167 0.801167 0.801167 0.801167 0.801167 0.801167 0.801167 0.801167 0.801167 0.801167 0.801167 0.801167 0.801167 0.801167 0.801167 0.801167 0.801167 0.801167 0.801167 0.801167 0.801167 0.801167 0.801167 0.801167 0.801167 0.801167 0.801166 0.801166 0.801166 0.801166 0.801166 0.801166 0.801166 0.801166 0.801166 0.801166 0.801166 0.801166 0.801166 0.801166 0.801166 0.801166 0.801166 0.801166 0.801166 
0.805124 0.805124 0.805124 0.805124 0.805124 0.805124 0.805124 0.805124 0.805124 0.805124 0.805124 0.805124 0.805124 0.805124 0.805124 0.805124 0.805124 0.805124 0.805124 0.805123 0.805123 0.805123 0.805123 0.805123 0.805123 0.805122 0.805122 0.805122 0.805122 0.805122 0.805122 0.805121 0.805121 0.805121 0.805121 0.805121 0.805121 0.805121 0.805121 0.805121 0.805121 0.805121 0.805121 0.805121 0.805121 0.805121 0.805121 0.805121 0.805121 0.805122 0.805122 0.805122 0.805122 0.805122 0.805122 0.805123 0.805123 0.805123 0.805123 0.805123 0.805123 0.805124 
0.801169 0.80117 0.80117 0.80117 0.80117 0.80117 0.80117 0.80117 0.80117 0.80117 0.80117 0.80117 0.801169 0.801169 0.801169 0.801169 0.801169 0.801168 0.801168 0.801168 0.801167 0.801167 0.801167 0.801166 0.801166 0.801166 0.801165 0.801165 0.801165 0.801165 0.801164 0.801164 0.801164 0.801164 0.801164 0.801164 0.801164 0.801164 0.801164 0.801164 0.801164 0.801164 0.801164 0.801164 0.801164 0.801165 0.801165 0.801165 0.801165 0.801166 0.801166 0.801166 0.801167 0.801167 0.801167 0.801168 0.801168 0.801168 0.801169 0.801169 0.801169 0.801169 
0.789328 0.789328 0.789328 0.789328 0.789328 0.789328 0.789328 0.789328 0.789328 0.789328 0.789328 0.789327 0.789327 0.789327 0.789326 0.789326 0.789326 0.789325 0.789325 0.789324 0.789324 0.789324 0.789323 0.789323 0.789322 0.789322 0.789322 0.789321 0.789321 0.789321 0.789321 0.78932 0.78932 0.78932 0.78932 0.78932 0.78932 0.78932 0.789321 0.789321 0.789321 0.789321 0.789321 0.789322 0.789322 0.789322 0.789323 0.789323 0.789324 0.789324 0.789324 0.789325 0.789325 0.789326 0.789326 0.789326 0.789327 0.789327 0.789327 0.789328 0.789328 0.789328 
0.769676 0.769676 0.769676 0.769675 0.769675 0.769675 0.769675 0.769675 0.769674 0.769674 0.769674 0.769673 0.769673 0.769672 0.769672 0.769671 0.769671 0.769671 0.76967 0.76967 0.769669 0.769669 0.769668 0.769668 0.769668 0.769668 0.769667 0.769667 0.769667 0.769667 0.769667 0.769667 0.769667 0.769667 0.769667 0.769667 0.769667 0.769667 0.769668 0.769668 0.769668 0.769669 0.769669 0.76967 0.76967 0.76967 0.769671 0.769671 0.769672 0.769672 0.769673 0.769673 0.769673 0.769674 0.769674 0.769675 0.769675 0.769675 0.769675 0.769675 0.769676 0.769676 
0.742341 0.742341 0.742341 0.74234 0.74234 0.74234 0.74234 0.742339 0.742339 0.742338 0.742338 0.742337 0.742337 0.742337 0.742336 0.742336 0.742335 0.742335 0.742335 0.742334 0.742334 0.742334 0.742334 0.742333 0.742333 0.742333 0.742333 0.742333 0.742333 0.742333 0.742333 0.742333 0.742333 0.742334 0.742334 0.742334 0.742335 0.742335 0.742335 0.742336 0.742336 0.742337 0.742337 0.742337 0.742338 0.742338 0.742339 0.742339 0.742339 0.74234 0.74234 0.74234 0.742341 0.742341 0.742341 0.742341 0.742341 0.742341 0.742341 0.742341 0.742341 0.742341 
0.707514 0.707514 0.707513 0.707513 0.707513 0.707512 0.707512 0.707511 0.707511 0.707511 0.70751 0.70751 0.70751 0.707509 0.707509 0.707509 0.707509 0.707508 0.707508 0.707508 0.707508 0.707508 0.707508 0.707508 0.707508 0.707508 0.707508 0.707508 0.707508 0.707509 0.707509 0.707509 0.70751 0.70751 0.70751 0.707511 0.707511 0.707511 0.707512 0.707512 0.707512 0.707513 0.707513 0.707513 0.707514 0.707514 0.707514 0.707515 0.707515 0.707515 0.707515 0.707515 0.707515 0.707515 0.707515 0.707515 0.707515 0.707515 0.707515 0.707515 0.707514 0.707514 
0.665448 0.665448 0.665448 0.665448 0.665447 0.665447 0.665447 0.665446 0.665446 0.665446 0.665446 0.665446 0.665445 0.665445 0.665445 0.665445 0.665445 0.665445 0.665445 0.665445 0.665445 0.665445 0.665445 0.665446 0.665446 0.665446 0.665446 0.665447 0.665447 0.665447 0.665447 0.665448 0.665448 0.665448 0.665449 0.665449 0.665449 0.665449 0.66545 0.66545 0.66545 0.66545 0.665451 0.665451 0.665451 0.665451 0.665451 0.665451 0.665451 0.665451 0.665451 0.665451 0.665451 0.665451 0.66545 0.66545 0.66545 0.66545 0.66545 0.665449 0.665449 0.665449 
0.616471 0.616471 0.616471 0.616471 0.616471 0.61647 0.61647 0.61647 0.61647 0.61647 0.61647 0.61647 0.61647 0.61647 0.61647 0.61647 0.61647 0.61647 0.616471 0.616471 0.616471 0.616471 0.616471 0.616472 0.616472 0.616472 0.616472 0.616472 0.616473 0.616473 0.616473 0.616473 0.616474 0.616474 0.616474 0.616474 0.616474 0.616474 0.616474 0.616474 0.616475 0.616475 0.616475 0.616475 0.616475 0.616474 0.616474 0.616474 0.616474 0.616474 0.616474 0.616474 0.616473 0.616473 0.616473 0.616473 0.616473 0.616472 0.616472 0.616472 0.616472 0.616471 
0.560986 0.560986 0.560986 0.560986 0.560986 0.560986 0.560986 0.560986 0.560986 0.560986 0.560986 0.560986 0.560986 0.560986 0.560987 0.560987 0.560987 0.560987 0.560987 0.560987 0.560988 0.560988 0.560988 0.560988 0.560988 0.560988 0.560988 0.560989 0.560989 0.560989 0.560989 0.560989 0.560989 0.560989 0.560989 0.560989 0.560989 0.560989 0.560989 0.560989 0.560989 0.560989 0.560989 0.560989 0.560989 0.560989 0.560988 0.560988 0.560988 0.560988 0.560988 0.560988 0.560987 0.560987 0.560987 0.560987 0.560987 0.560987 0.560987 0.560986 0.560986 0.560986 
0.499479 0.499479 0.499479 0.499479 0.499479 0.499479 0.499479 0.499479 0.499479 0.49948 0.49948 0.49948 0.49948 0.49948 0.49948 0.49948 0.49948 0.49948 0.49948 0.499481 0.499481 0.499481 0.499481 0.499481 0.499481 0.499481 0.499481 0.499481 0.499481 0.499481 0.499481 0.499481 0.499481 0.499481 0.499481 0.499481 0.499481 0.499481 0.499481 0.499481 0.499481 0.49948 0.49948 0.49948 0.49948 0.49948 0.49948 0.49948 0.49948 0.49948 0.49948 0.49948 0.499479 0.499479 0.499479 0.499479 0.499479 0.499479 0.499479 0.499479 0.499479 0.499479 
0.432521 0.432521 0.432521 0.432521 0.432521 0.432521 0.432521 0.432521 0.432522 0.432522 0.432522 0.432522 0.432522 0.432522 0.432522 0.432522 0.432522 0.432522 0.432522 0.432522 0.432522 0.432522 0.432522 0.432522 0.432522 0.432522 0.432522 0.432522 0.432522 0.432522 0.432522 0.432522 0.432522 0.432522 0.432522 0.432522 0.432522 0.432522 0.432522 0.432522 0.432522 0.432522 0.432521 0.432521 0.432521 0.432521 0.432521 0.432521 0.432521 0.432521 0.432521 0.432521 0.432521 0.432521 0.432521 0.432521 0.432521 0.432521 0.432521 0.432521 0.432521 0.432521 
0.36077 0.36077 0.36077 0.36077 0.36077 0.36077 0.36077 0.36077 0.36077 0.36077 0.36077 0.36077 0.36077 0.36077 0.36077 0.36077 0.36077 0.36077 0.36077 0.36077 0.36077 0.36077 0.36077 0.36077 0.36077 0.36077 0.36077 0.36077 0.36077 0.36077 0.36077 0.36077 0.36077 0.36077 0.36077 0.36077 0.36077 0.36077 0.36077 0.36077 0.36077 0.36077 0.36077 0.360769 0.360769 0.360769 0.360769 0.360769 0.360769 0.360769 0.360769 0.360769 0.360769 0.360769 0.360769 0.360769 0.360769 0.360769 0.360769 0.36077 0.36077 0.36077 
0.284964 0.284964 0.284964 0.284964 0.284964 0.284964 0.284964 0.284964 0.284964 0.284964 0.284964 0.284964 0.284964 0.284964 0.284964 0.284964 0.284964 0.284964 0.284964 0.284964 0.284964 0.284964 0.284964 0.284964 0.284964 0.284964 0.284964 0.284964 0.284964 0.284964 0.284964 0.284964 0.284964 0.284964 0.284964 0.284964 0.284964 0.284964 0.284964 0.284964 0.284964 0.284964 0.284964 0.284964 0.284964 0.284964 0.284964 0.284964 0.284964 0.284964 0.284964 0.284964 0.284964 0.284964 0.284964 0.284964 0.284964 0.284964 0.284964 0.284964 0.284964 0.284964 
0.205918 0.205918 0.205918 0.205918 0.205918 0.205918 0.205918 0.205918 0.205918 0.205918 0.205918 0.205918 0.205918 0.205918 0.205918 0.205918 0.205918 0.205918 0.205918 0.205918 0.205918 0.205918 0.205918 0.205918 0.205918 0.205918 0.205918 0.205918 0.205918 0.205918 0.205918 0.205918 0.205918 0.205918 0.205918 0.205918 0.205918 0.205918 0.205918 0.205918 0.205918 0.205918 0.205918 0.205918 0.205918 0.205918 0.205918 0.205918 0.205918 0.205918 0.205918 0.205918 0.205918 0.205918 0.205918 0.205918 0.205918 0.205918 0.205918 0.205918 0.205918 0.205918 
0.12451 0.12451 0.12451 0.12451 0.12451 0.12451 0.12451 0.12451 0.12451 0.12451 0.12451 0.12451 0.12451 0.12451 0.12451 0.12451 0.12451 0.12451 0.12451 0.12451 0.12451 0.12451 0.12451 0.12451 0.12451 0.12451 0.12451 0.12451 0.12451 0.12451 0.12451 0.12451 0.12451 0.12451 0.12451 0.12451 0.12451 0.12451 0.12451 0.12451 0.12451 0.12451 0.12451 0.12451 0.12451 0.12451 0.12451 0.12451 0.12451 0.12451 0.12451 0.12451 0.12451 0.12451 0.12451 0.12451 0.12451 0.12451 0.12451 0.12451 0.12451 0.12451 
0.0416642 0.0416642 0.0416642 0.0416642 0.0416642 0.0416642 0.0416642 0.0416642 0.0416642 0.0416642 0.0416642 0.0416642 0.0416642 0.0416642 0.0416642 0.0416642 0.0416643 0.0416643 0.0416643 0.0416643 0.0416643 0.0416643 0.0416643 0.0416643 0.0416643 0.0416643 0.0416643 0.0416643 0.0416643 0.0416643 0.0416643 0.0416643 0.0416643 0.0416643 0.0416643 0.0416643 0.0416643 0.0416643 0.0416643 0.0416643 0.0416643 0.0416643 0.0416643 0.0416643 0.0416643 0.0416643 0.0416643 0.0416643 0.0416643 0.0416643 0.0416643 0.0416643 0.0416643 0.0416642 0.0416642 0.0416642 0.0416642 0.0416642 0.0416642 0.0416642 0.0416642 0.0416642 
