0.0413767 0.0413767 0.0413767 0.0413767 0.0413767 0.0413767 0.0413767 0.0413767 0.0413767 0.0413767 0.0413767 0.0413767 0.0413767 0.0413767 0.0413767 0.0413767 0.0413767 0.0413767 0.0413767 0.0413767 0.0413767 0.0413767 0.0413767 0.0413767 0.0413767 0.0413767 0.0413767 0.0413767 0.0413768 0.0413768 0.0413768 0.0413768 0.0413768 0.0413768 0.0413768 0.0413768 0.0413768 0.0413768 0.0413768 0.0413768 0.0413768 0.0413768 0.0413768 0.0413768 0.0413768 0.0413768 0.0413768 0.0413768 0.0413768 0.0413768 0.0413768 0.0413768 0.0413768 0.0413768 0.0413768 0.0413768 0.0413768 0.0413768 0.0413768 0.0413768 0.0413767 0.0413767 
0.123654 0.123654 0.123654 0.123654 0.123654 0.123654 0.123654 0.123654 0.123654 0.123654 0.123654 0.123654 0.123654 0.123654 0.123654 0.123654 0.123654 0.123654 0.123654 0.123654 0.123654 0.123654 0.123654 0.123654 0.123654 0.123654 0.123654 0.123654 0.123654 0.123654 0.123654 0.123654 0.123654 0.123654 0.123654 0.123654 0.123654 0.123654 0.123654 0.123654 0.123654 0.123654 0.123654 0.123654 0.123654 0.123654 0.123654 0.123654 0.123654 0.123654 0.123654 0.123654 0.123654 0.123654 0.123654 0.123654 0.123654 0.123654 0.123654 0.123654 0.123654 0.123654 
0.20451 0.20451 0.20451 0.20451 0.20451 0.20451 0.20451 0.20451 0.20451 0.20451 0.20451 0.20451 0.20451 0.20451 0.20451 0.20451 0.20451 0.20451 0.20451 0.20451 0.20451 0.20451 0.204511 0.204511 0.204511 0.204511 0.204511 0.204511 0.204511 0.204511 0.204511 0.204511 0.204511 0.204511 0.204511 0.204511 0.204511 0.204511 0.204511 0.204511 0.204511 0.204511 0.204511 0.204511 0.204511 0.204511 0.204511 0.204511 0.204511 0.204511 0.204511 0.204511 0.204511 0.204511 0.204511 0.204511 0.204511 0.204511 0.204511 0.204511 0.204511 0.20451 
0.283033 0.283033 0.283033 0.283033 0.283033 0.283033 0.283033 0.283033 0.283033 0.283033 0.283033 0.283033 0.283033 0.283033 0.283033 0.283033 0.283033 0.283033 0.283033 0.283033 0.283033 0.283033 0.283033 0.283033 0.283033 0.283033 0.283033 0.283033 0.283033 0.283033 0.283033 0.283033 0.283033 0.283033 0.283033 0.283033 0.283033 0.283033 0.283033 0.283033 0.283033 0.283033 0.283033 0.283033 0.283033 0.283033 0.283033 0.283033 0.283033 0.283033 0.283033 0.283033 0.283033 0.283033 0.283033 0.283033 0.283033 0.283033 0.283033 0.283033 0.283033 0.283033 
0.358353 0.358353 0.358353 0.358353 0.358353 0.358353 0.358353 0.358353 0.358353 0.358353 0.358353 0.358353 0.358353 0.358353 0.358353 0.358353 0.358353 0.358353 0.358353 0.358353 0.358353 0.358353 0.358353 0.358353 0.358353 0.358353 0.358353 0.358353 0.358353 0.358353 0.358353 0.358353 0.358353 0.358353 0.358353 0.358353 0.358353 0.358353 0.358353 0.358353 0.358353 0.358353 0.358353 0.358353 0.358353 0.358353 0.358353 0.358353 0.358353 0.358353 0.358353 0.358353 0.358353 0.358353 0.358353 0.358353 0.358353 0.358353 0.358353 0.358353 0.358353 0.358353 
0.429663 0.429663 0.429663 0.429663 0.429663 0.429663 0.429663 0.429663 0.429663 0.429663 0.429663 0.429663 0.429663 0.429663 0.429663 0.429663 0.429663 0.429663 0.429663 0.429663 0.429663 0.429663 0.429663 0.429663 0.429663 0.429663 0.429663 0.429663 0.429663 0.429663 0.429663 0.429663 0.429663 0.429663 0.429663 0.429663 0.429663 0.429663 0.429663 0.429663 0.429663 0.429663 0.429663 0.429663 0.429663 0.429663 0.429663 0.429663 0.429663 0.429663 0.429663 0.429663 0.429663 0.429663 0.429663 0.429663 0.429663 0.429663 0.429663 0.429663 0.429663 0.429663 
0.496227 0.496227 0.496227 0.496227 0.496227 0.496227 0.496227 0.496227 0.496227 0.496228 0.496228 0.496228 0.496228 0.496228 0.496228 0.496228 0.496228 0.496228 0.496228 0.496228 0.496228 0.496228 0.496228 0.496228 0.496228 0.496228 0.496228 0.496228 0.496228 0.496228 0.496228 0.496228 0.496228 0.496228 0.496228 0.496228 0.496228 0.496228 0.496228 0.496228 0.496228 0.496228 0.496228 0.496228 0.496228 0.496228 0.496228 0.496227 0.496227 0.496227 0.496227 0.496227 0.496227 0.496227 0.496227 0.496227 0.496227 0.496227 0.496227 0.496227 0.496227 0.496227 
0.557391 0.557391 0.557391 0.557391 0.557391 0.557392 0.557392 0.557392 0.557392 0.557392 0.557392 0.557392 0.557392 0.557392 0.557392 0.557392 0.557392 0.557393 0.557393 0.557393 0.557393 0.557393 0.557393 0.557393 0.557393 0.557393 0.557393 0.557393 0.557393 0.557393 0.557393 0.557394 0.557394 0.557394 0.557393 0.557393 0.557393 0.557393 0.557393 0.557393 0.557393 0.557393 0.557393 0.557393 0.557393 0.557393 0.557393 0.557392 0.557392 0.557392 0.557392 0.557392 0.557392 0.557392 0.557392 0.557392 0.557392 0.557392 0.557392 0.557392 0.557391 0.557391 
0.612584 0.612584 0.612584 0.612584 0.612584 0.612584 0.612584 0.612584 0.612584 0.612584 0.612584 0.612584 0.612584 0.612584 0.612584 0.612584 0.612585 0.612585 0.612585 0.612585 0.612585 0.612585 0.612586 0.612586 0.612586 0.612586 0.612586 0.612586 0.612586 0.612587 0.612587 0.612587 0.612587 0.612587 0.612587 0.612587 0.612587 0.612587 0.612587 0.612587 0.612587 0.612587 0.612587 0.612587 0.612587 0.612586 0.612586 0.612586 0.612586 0.612586 0.612586 0.612585 0.612585 0.612585 0.612585 0.612585 0.612585 0.612584 0.612584 0.612584 0.612584 0.612584 
0.661317 0.661317 0.661317 0.661317 0.661316 0.661316 0.661316 0.661316 0.661316 0.661316 0.661316 0.661316 0.661316 0.661316 0.661316 0.661317 0.661317 0.661317 0.661317 0.661317 0.661317 0.661318 0.661318 0.661318 0.661318 0.661319 0.661319 0.661319 0.661319 0.66132 0.66132 0.66132 0.66132 0.66132 0.66132 0.661321 0.661321 0.661321 0.661321 0.661321 0.661321 0.661321 0.661321 0.661321 0.661321 0.661321 0.66132 0.66132 0.66132 0.66132 0.66132 0.66132 0.661319 0.661319 0.661319 0.661319 0.661318 0.661318 0.661318 0.661318 0.661317 0.661317 
0.703185 0.703185 0.703184 0.703184 0.703184 0.703184 0.703184 0.703183 0.703183 0.703183 0.703183 0.703183 0.703183 0.703183 0.703183 0.703183 0.703183 0.703183 0.703183 0.703183 0.703184 0.703184 0.703184 0.703184 0.703185 0.703185 0.703185 0.703186 0.703186 0.703186 0.703186 0.703187 0.703187 0.703187 0.703187 0.703188 0.703188 0.703188 0.703188 0.703188 0.703189 0.703189 0.703189 0.703189 0.703189 0.703189 0.703189 0.703189 0.703189 0.703188 0.703188 0.703188 0.703188 0.703188 0.703187 0.703187 0.703187 0.703186 0.703186 0.703186 0.703186 0.703185 
0.737858 0.737858 0.737858 0.737857 0.737857 0.737857 0.737857 0.737856 0.737856 0.737856 0.737856 0.737855 0.737855 0.737855 0.737855 0.737855 0.737855 0.737855 0.737855 0.737855 0.737855 0.737856 0.737856 0.737856 0.737856 0.737857 0.737857 0.737857 0.737857 0.737858 0.737858 0.737858 0.737859 0.737859 0.737859 0.737859 0.73786 0.73786 0.73786 0.73786 0.737861 0.737861 0.737861 0.737861 0.737861 0.737861 0.737861 0.737861 0.737861 0.737861 0.737861 0.737861 0.737861 0.737861 0.73786 0.73786 0.73786 0.73786 0.737859 0.737859 0.737859 0.737859 
0.765078 0.765078 0.765078 0.765078 0.765077 0.765077 0.765077 0.765077 0.765076 0.765076 0.765076 0.765076 0.765076 0.765076 0.765075 0.765075 0.765075 0.765075 0.765075 0.765075 0.765075 0.765075 0.765076 0.765076 0.765076 0.765076 0.765076 0.765076 0.765077 0.765077 0.765077 0.765077 0.765078 0.765078 0.765078 0.765079 0.765079 0.765079 0.765079 0.76508 0.76508 0.76508 0.76508 0.76508 0.76508 0.76508 0.765081 0.765081 0.765081 0.765081 0.765081 0.765081 0.76508 0.76508 0.76508 0.76508 0.76508 0.76508 0.765079 0.765079 0.765079 0.765079 
0.784653 0.784653 0.784653 0.784652 0.784652 0.784652 0.784652 0.784652 0.784652 0.784651 0.784651 0.784651 0.784651 0.784651 0.784651 0.784651 0.784651 0.784651 0.784651 0.784651 0.784651 0.784651 0.784651 0.784651 0.784651 0.784651 0.784651 0.784652 0.784652 0.784652 0.784652 0.784652 0.784652 0.784652 0.784653 0.784653 0.784653 0.784653 0.784653 0.784653 0.784654 0.784654 0.784654 0.784654 0.784654 0.784654 0.784654 0.784654 0.784654 0.784654 0.784654 0.784654 0.784654 0.784654 0.784654 0.784654 0.784654 0.784654 0.784654 0.784653 0.784653 0.784653 
0.796449 0.796449 0.796449 0.796449 0.796449 0.796449 0.796449 0.796449 0.796449 0.796449 0.796449 0.796449 0.796449 0.796449 0.796449 0.796449 0.796449 0.796449 0.796449 0.796449 0.796449 0.796449 0.796449 0.796449 0.796449 0.796449 0.796449 0.796449 0.796449 0.796449 0.796449 0.796449 0.796449 0.796449 0.796449 0.796449 0.796449 0.796449 0.796449 0.79645 0.796449 0.796449 0.796449 0.79645 0.796449 0.796449 0.796449 0.796449 0.796449 0.796449 0.796449 0.796449 0.796449 0.796449 0.796449 0.796449 0.796449 0.796449 0.796449 0.796449 0.796449 0.796449 
0.800389 0.800389 0.800389 0.800389 0.800389 0.800389 0.800389 0.80039 0.80039 0.80039 0.80039 0.80039 0.80039 0.80039 0.800391 0.800391 0.800391 0.800391 0.800391 0.800391 0.800391 0.800391 0.800391 0.800391 0.800391 0.800391 0.800391 0.800391 0.800391 0.800391 0.800391 0.800391 0.800391 0.800391 0.80039 0.80039 0.80039 0.80039 0.80039 0.80039 0.80039 0.800389 0.800389 0.800389 0.800389 0.800389 0.800389 0.800389 0.800389 0.800388 0.800388 0.800388 0.800388 0.800388 0.800388 0.800388 0.800388 0.800388 0.800388 0.800388 0.800389 0.800389 
0.796448 0.796448 0.796448 0.796448 0.796449 0.796449 0.796449 0.79645 0.79645 0.79645 0.79645 0.796451 0.796451 0.796451 0.796451 0.796451 0.796452 0.796452 0.796452 0.796452 0.796452 0.796452 0.796452 0.796452 0.796452 0.796452 0.796452 0.796452 0.796451 0.796451 0.796451 0.796451 0.79645 0.79645 0.79645 0.79645 0.796449 0.796449 0.796449 0.796449 0.796448 0.796448 0.796448 0.796447 0.796447 0.796447 0.796447 0.796447 0.796447 0.796446 0.796446 0.796446 0.796446 0.796446 0.796446 0.796446 0.796447 0.796447 0.796447 0.796447 0.796447 0.796447 
0.784652 0.784652 0.784652 0.784653 0.784653 0.784653 0.784654 0.784654 0.784655 0.784655 0.784655 0.784655 0.784656 0.784656 0.784656 0.784656 0.784656 0.784656 0.784656 0.784657 0.784656 0.784656 0.784656 0.784656 0.784656 0.784656 0.784656 0.784655 0.784655 0.784655 0.784654 0.784654 0.784654 0.784653 0.784653 0.784652 0.784652 0.784652 0.784651 0.784651 0.784651 0.78465 0.78465 0.78465 0.78465 0.784649 0.784649 0.784649 0.784649 0.784649 0.784649 0.784649 0.784649 0.784649 0.784649 0.78465 0.78465 0.78465 0.78465 0.784651 0.784651 0.784651 
0.765078 0.765079 0.765079 0.76508 0.76508 0.76508 0.765081 0.765081 0.765081 0.765082 0.765082 0.765082 0.765082 0.765082 0.765082 0.765082 0.765082 0.765082 0.765082 0.765082 0.765082 0.765082 0.765082 0.765081 0.765081 0.765081 0.76508 0.76508 0.76508 0.765079 0.765079 0.765078 0.765078 0.765078 0.765077 0.765077 0.765076 0.765076 0.765076 0.765075 0.765075 0.765075 0.765075 0.765075 0.765074 0.765074 0.765074 0.765074 0.765074 0.765074 0.765075 0.765075 0.765075 0.765075 0.765075 0.765076 0.765076 0.765076 0.765077 0.765077 0.765078 0.765078 
0.73786 0.737861 0.737861 0.737861 0.737862 0.737862 0.737862 0.737862 0.737862 0.737862 0.737863 0.737863 0.737863 0.737863 0.737862 0.737862 0.737862 0.737862 0.737862 0.737862 0.737861 0.737861 0.737861 0.73786 0.73786 0.73786 0.737859 0.737859 0.737858 0.737858 0.737858 0.737857 0.737857 0.737857 0.737856 0.737856 0.737856 0.737855 0.737855 0.737855 0.737855 0.737855 0.737855 0.737855 0.737855 0.737855 0.737855 0.737855 0.737855 0.737856 0.737856 0.737856 0.737857 0.737857 0.737857 0.737858 0.737858 0.737858 0.737859 0.737859 0.73786 0.73786 
0.703189 0.703189 0.703189 0.70319 0.70319 0.70319 0.70319 0.70319 0.70319 0.70319 0.70319 0.703189 0.703189 0.703189 0.703189 0.703189 0.703188 0.703188 0.703188 0.703187 0.703187 0.703187 0.703186 0.703186 0.703186 0.703185 0.703185 0.703185 0.703185 0.703184 0.703184 0.703184 0.703184 0.703183 0.703183 0.703183 0.703183 0.703183 0.703183 0.703183 0.703183 0.703183 0.703183 0.703184 0.703184 0.703184 0.703184 0.703184 0.703185 0.703185 0.703185 0.703186 0.703186 0.703186 0.703187 0.703187 0.703187 0.703188 0.703188 0.703188 0.703189 0.703189 
0.661322 0.661322 0.661322 0.661322 0.661322 0.661322 0.661322 0.661321 0.661321 0.661321 0.661321 0.661321 0.66132 0.66132 0.66132 0.66132 0.661319 0.661319 0.661319 0.661318 0.661318 0.661318 0.661318 0.661317 0.661317 0.661317 0.661317 0.661317 0.661317 0.661317 0.661316 0.661316 0.661316 0.661316 0.661316 0.661316 0.661317 0.661317 0.661317 0.661317 0.661317 0.661317 0.661318 0.661318 0.661318 0.661318 0.661319 0.661319 0.661319 0.661319 0.66132 0.66132 0.66132 0.661321 0.661321 0.661321 0.661321 0.661321 0.661321 0.661322 0.661322 0.661322 
0.612588 0.612588 0.612588 0.612587 0.612587 0.612587 0.612587 0.612587 0.612587 0.612586 0.612586 0.612586 0.612586 0.612586 0.612585 0.612585 0.612585 0.612585 0.612585 0.612584 0.612584 0.612584 0.612584 0.612584 0.612584 0.612584 0.612584 0.612584 0.612584 0.612584 0.612584 0.612584 0.612584 0.612584 0.612584 0.612585 0.612585 0.612585 0.612585 0.612585 0.612586 0.612586 0.612586 0.612586 0.612586 0.612587 0.612587 0.612587 0.612587 0.612587 0.612587 0.612588 0.612588 0.612588 0.612588 0.612588 0.612588 0.612588 0.612588 0.612588 0.612588 0.612588 
0.557394 0.557394 0.557394 0.557393 0.557393 0.557393 0.557393 0.557393 0.557393 0.557393 0.557392 0.557392 0.557392 0.557392 0.557392 0.557392 0.557392 0.557392 0.557392 0.557392 0.557392 0.557392 0.557392 0.557392 0.557392 0.557392 0.557392 0.557392 0.557392 0.557392 0.557392 0.557392 0.557393 0.557393 0.557393 0.557393 0.557393 0.557393 0.557393 0.557394 0.557394 0.557394 0.557394 0.557394 0.557394 0.557394 0.557394 0.557394 0.557394 0.557395 0.557395 0.557395 0.557395 0.557395 0.557394 0.557394 0.557394 0.557394 0.557394 0.557394 0.557394 0.557394 
0.496228 0.496228 0.496228 0.496228 0.496228 0.496228 0.496228 0.496228 0.496228 0.496228 0.496227 0.496227 0.496227 0.496227 0.496227 0.496227 0.496227 0.496227 0.496227 0.496227 0.496228 0.496228 0.496228 0.496228 0.496228 0.496228 0.496228 0.496228 0.496228 0.496228 0.496228 0.496228 0.496228 0.496229 0.496229 0.496229 0.496229 0.496229 0.496229 0.496229 0.496229 0.496229 0.496229 0.496229 0.496229 0.496229 0.496229 0.496229 0.496229 0.496229 0.496229 0.496229 0.496229 0.496229 0.496229 0.496229 0.496229 0.496229 0.496229 0.496228 0.496228 0.496228 
0.429663 0.429663 0.429663 0.429663 0.429663 0.429663 0.429663 0.429663 0.429663 0.429663 0.429663 0.429663 0.429663 0.429663 0.429663 0.429663 0.429663 0.429663 0.429663 0.429663 0.429663 0.429663 0.429663 0.429663 0.429663 0.429663 0.429663 0.429663 0.429663 0.429663 0.429664 0.429664 0.429664 0.429664 0.429664 0.429664 0.429664 0.429664 0.429664 0.429664 0.429664 0.429664 0.429664 0.429664 0.429664 0.429664 0.429664 0.429664 0.429664 0.429664 0.429663 0.429663 0.429663 0.429663 0.429663 0.429663 0.429663 0.429663 0.429663 0.429663 0.429663 0.429663 
0.358353 0.358353 0.358353 0.358353 0.358353 0.358353 0.358353 0.358353 0.358353 0.358353 0.358353 0.358353 0.358353 0.358353 0.358353 0.358353 0.358353 0.358353 0.358353 0.358353 0.358353 0.358353 0.358353 0.358353 0.358353 0.358353 0.358353 0.358353 0.358353 0.358353 0.358353 0.358353 0.358353 0.358353 0.358353 0.358353 0.358353 0.358353 0.358353 0.358353 0.358353 0.358353 0.358353 0.358353 0.358353 0.358353 0.358353 0.358353 0.358353 0.358353 0.358353 0.358353 0.358353 0.358353 0.358353 0.358353 0.358353 0.358353 0.358353 0.358353 0.358353 0.358353 
0.283033 0.283033 0.283033 0.283033 0.283033 0.283033 0.283033 0.283033 0.283033 0.283033 0.283033 0.283033 0.283033 0.283033 0.283033 0.283033 0.283033 0.283033 0.283033 0.283033 0.283033 0.283033 0.283033 0.283033 0.283033 0.283033 0.283033 0.283033 0.283033 0.283033 0.283033 0.283033 0.283033 0.283033 0.283033 0.283033 0.283033 0.283033 0.283033 0.283033 0.283033 0.283033 0.283033 0.283033 0.283033 0.283033 0.283033 0.283033 0.283033 0.283033 0.283033 0.283033 0.283033 0.283033 0.283033 0.283033 0.283033 0.283033 0.283033 0.283033 0.283033 0.283033 
0.204511 0.204511 0.204511 0.204511 0.204511 0.204511 0.204511 0.204511 0.204511 0.204511 0.204511 0.204511 0.204511 0.204511 0.204511 0.204511 0.204511 0.204511 0.204511 0.204511 0.204511 0.204511 0.204511 0.204511 0.204511 0.204511 0.204511 0.204511 0.204511 0.204511 0.204511 0.204511 0.204511 0.204511 0.204511 0.204511 0.204511 0.204511 0.204511 0.204511 0.204511 0.204511 0.204511 0.204511 0.204511 0.204511 0.204511 0.204511 0.204511 0.204511 0.204511 0.204511 0.204511 0.204511 0.204511 0.204511 0.204511 0.204511 0.204511 0.204511 0.204511 0.204511 
0.123654 0.123654 0.123654 0.123654 0.123654 0.123654 0.123654 0.123654 0.123654 0.123654 0.123654 0.123654 0.123654 0.123654 0.123654 0.123654 0.123654 0.123654 0.123654 0.123654 0.123654 0.123654 0.123654 0.123654 0.123654 0.123654 0.123654 0.123654 0.123654 0.123654 0.123654 0.123654 0.123654 0.123654 0.123654 0.123654 0.123654 0.123654 0.123654 0.123654 0.123654 0.123654 0.123654 0.123654 0.123654 0.123654 0.123654 0.123654 0.123654 0.123654 0.123654 0.123654 0.123654 0.123654 0.123654 0.123654 0.123654 0.123654 0.123654 0.123654 0.123654 0.123654 
0.0413768 0.0413768 0.0413768 0.0413768 0.0413768 0.0413768 0.0413768 0.0413768 0.0413768 0.0413768 0.0413768 0.0413768 0.0413768 0.0413768 0.0413768 0.0413768 0.0413768 0.0413768 0.0413768 0.0413768 0.0413768 0.0413768 0.0413768 0.0413768 0.0413768 0.0413768 0.0413768 0.0413768 0.0413768 0.0413768 0.0413768 0.0413768 0.0413768 0.0413768 0.0413768 0.0413768 0.0413768 0.0413768 0.0413768 0.0413768 0.0413768 0.0413768 0.0413768 0.0413768 0.0413768 0.0413768 0.0413768 0.0413768 0.0413768 0.0413768 0.0413768 0.0413768 0.0413768 0.0413768 0.0413768 0.0413768 0.0413768 0.0413768 0.0413768 0.0413768 0.0413768 0.0413768 
