0.0567267 0.0567289 0.0567311 0.0567332 0.0567354 0.0567374 0.0567393 0.056741 0.0567426 0.0567441 0.0567453 0.0567463 0.0567471 0.0567477 0.0567481 0.0567482 0.0567481 0.0567478 0.0567472 0.0567465 0.0567455 0.0567443 0.056743 0.0567414 0.0567398 0.0567379 0.056736 0.0567339 0.0567318 0.0567296 0.0567274 0.0567251 0.0567229 0.0567207 0.0567185 0.0567164 0.0567145 0.0567126 0.0567109 0.0567093 0.056708 0.0567068 0.0567057 0.056705 0.0567044 0.056704 0.0567039 0.056704 0.0567043 0.0567049 0.0567056 0.0567066 0.0567078 0.0567092 0.0567107 0.0567124 0.0567142 0.0567162 0.0567182 0.0567203 0.0567224 0.0567245 
0.168725 0.168729 0.168735 0.16874 0.168746 0.168751 0.168757 0.168763 0.168769 0.168775 0.168781 0.168786 0.168791 0.168796 0.168801 0.168805 0.168808 0.168811 0.168814 0.168816 0.168817 0.168818 0.168818 0.168818 0.168817 0.168815 0.168813 0.16881 0.168807 0.168803 0.168799 0.168795 0.16879 0.168785 0.168779 0.168774 0.168768 0.168762 0.168756 0.16875 0.168745 0.168739 0.168734 0.168728 0.168724 0.168719 0.168715 0.168712 0.168709 0.168706 0.168704 0.168703 0.168702 0.168702 0.168702 0.168703 0.168705 0.168707 0.16871 0.168713 0.168717 0.16872 
0.276701 0.276702 0.276704 0.276707 0.27671 0.276715 0.276721 0.276727 0.276734 0.276742 0.27675 0.276759 0.276769 0.276778 0.276788 0.276798 0.276808 0.276818 0.276828 0.276837 0.276846 0.276855 0.276863 0.27687 0.276876 0.276882 0.276887 0.276891 0.276894 0.276896 0.276897 0.276897 0.276896 0.276894 0.276892 0.276888 0.276883 0.276877 0.276871 0.276864 0.276856 0.276848 0.276839 0.276829 0.27682 0.27681 0.2768 0.27679 0.27678 0.276771 0.276761 0.276752 0.276744 0.276736 0.276729 0.276722 0.276716 0.276712 0.276708 0.276705 0.276703 0.276701 
0.3788 0.378789 0.378779 0.37877 0.378762 0.378756 0.378752 0.378749 0.378747 0.378747 0.378749 0.378753 0.378758 0.378764 0.378772 0.378781 0.378792 0.378804 0.378816 0.37883 0.378844 0.378859 0.378875 0.37889 0.378906 0.378922 0.378937 0.378953 0.378967 0.378981 0.378994 0.379007 0.379018 0.379028 0.379037 0.379044 0.37905 0.379054 0.379057 0.379059 0.379058 0.379056 0.379053 0.379048 0.379041 0.379034 0.379024 0.379014 0.379002 0.378989 0.378976 0.378962 0.378947 0.378931 0.378916 0.3789 0.378884 0.378869 0.378853 0.378839 0.378825 0.378812 
0.473859 0.473836 0.473813 0.473791 0.473769 0.473747 0.473727 0.473708 0.47369 0.473674 0.473659 0.473647 0.473637 0.473628 0.473622 0.473618 0.473617 0.473618 0.473621 0.473627 0.473634 0.473644 0.473656 0.47367 0.473686 0.473703 0.473722 0.473742 0.473763 0.473785 0.473807 0.47383 0.473853 0.473876 0.473899 0.473921 0.473942 0.473962 0.473981 0.473999 0.474015 0.474029 0.474041 0.474052 0.47406 0.474066 0.47407 0.474071 0.47407 0.474067 0.474061 0.474054 0.474044 0.474032 0.474018 0.474002 0.473985 0.473966 0.473946 0.473925 0.473903 0.473881 
0.561169 0.561147 0.561122 0.561096 0.561068 0.56104 0.56101 0.56098 0.56095 0.56092 0.56089 0.560861 0.560833 0.560807 0.560782 0.560759 0.560737 0.560719 0.560703 0.560689 0.560678 0.56067 0.560666 0.560664 0.560665 0.560669 0.560677 0.560687 0.5607 0.560716 0.560734 0.560755 0.560777 0.560802 0.560828 0.560856 0.560884 0.560914 0.560944 0.560974 0.561004 0.561033 0.561062 0.56109 0.561116 0.561141 0.561164 0.561185 0.561203 0.561219 0.561233 0.561244 0.561252 0.561256 0.561258 0.561257 0.561253 0.561246 0.561235 0.561222 0.561207 0.561189 
0.640293 0.640285 0.640275 0.640261 0.640244 0.640223 0.6402 0.640174 0.640146 0.640116 0.640084 0.640051 0.640016 0.639981 0.639945 0.63991 0.639874 0.63984 0.639806 0.639775 0.639744 0.639716 0.639691 0.639668 0.639647 0.63963 0.639617 0.639606 0.639599 0.639596 0.639596 0.6396 0.639607 0.639618 0.639633 0.63965 0.639671 0.639694 0.63972 0.639748 0.639778 0.63981 0.639843 0.639878 0.639913 0.639948 0.639983 0.640018 0.640053 0.640086 0.640118 0.640148 0.640175 0.640201 0.640224 0.640244 0.640261 0.640275 0.640285 0.640293 0.640296 0.640296 
0.711012 0.711026 0.711037 0.711044 0.711048 0.711047 0.711043 0.711035 0.711023 0.711008 0.710989 0.710967 0.710941 0.710913 0.710883 0.71085 0.710816 0.71078 0.710743 0.710705 0.710667 0.710628 0.710591 0.710554 0.710518 0.710485 0.710453 0.710423 0.710396 0.710372 0.71035 0.710333 0.710318 0.710308 0.710301 0.710298 0.710299 0.710303 0.710312 0.710324 0.71034 0.710359 0.710381 0.710407 0.710435 0.710465 0.710498 0.710532 0.710568 0.710605 0.710642 0.71068 0.710718 0.710756 0.710792 0.710827 0.710861 0.710893 0.710922 0.710949 0.710973 0.710994 
0.773294 0.773324 0.773351 0.773377 0.773399 0.773418 0.773434 0.773447 0.773456 0.773461 0.773462 0.77346 0.773454 0.773444 0.773431 0.773414 0.773394 0.773371 0.773345 0.773316 0.773286 0.773253 0.773218 0.773182 0.773146 0.773109 0.773071 0.773034 0.772998 0.772963 0.772929 0.772897 0.772866 0.772839 0.772814 0.772791 0.772772 0.772757 0.772745 0.772736 0.772731 0.77273 0.772733 0.772739 0.772749 0.772763 0.77278 0.7728 0.772823 0.772849 0.772878 0.772909 0.772942 0.772976 0.773011 0.773048 0.773085 0.773122 0.773158 0.773194 0.773229 0.773263 
0.82721 0.827243 0.827275 0.827307 0.827337 0.827366 0.827394 0.82742 0.827443 0.827464 0.827482 0.827497 0.82751 0.827519 0.827525 0.827527 0.827527 0.827522 0.827515 0.827504 0.82749 0.827473 0.827454 0.827431 0.827407 0.82738 0.827351 0.827321 0.82729 0.827257 0.827224 0.827191 0.827158 0.827126 0.827094 0.827063 0.827034 0.827006 0.826981 0.826957 0.826937 0.826919 0.826904 0.826892 0.826883 0.826877 0.826875 0.826876 0.826881 0.826888 0.826899 0.826913 0.826931 0.82695 0.826973 0.826997 0.827024 0.827052 0.827083 0.827114 0.827146 0.827178 
0.872845 0.872869 0.872893 0.872919 0.872946 0.872972 0.872999 0.873026 0.873053 0.873079 0.873103 0.873127 0.873149 0.873169 0.873188 0.873204 0.873218 0.87323 0.87324 0.873246 0.87325 0.873251 0.87325 0.873245 0.873238 0.873228 0.873216 0.873201 0.873185 0.873166 0.873145 0.873122 0.873098 0.873073 0.873047 0.87302 0.872993 0.872966 0.872939 0.872913 0.872887 0.872862 0.872838 0.872816 0.872796 0.872778 0.872761 0.872747 0.872736 0.872727 0.872721 0.872717 0.872716 0.872718 0.872723 0.87273 0.87274 0.872752 0.872767 0.872784 0.872802 0.872823 
0.91024 0.910248 0.910259 0.910271 0.910286 0.910301 0.910319 0.910337 0.910357 0.910377 0.910398 0.91042 0.910441 0.910463 0.910485 0.910506 0.910526 0.910546 0.910565 0.910582 0.910598 0.910612 0.910625 0.910636 0.910644 0.910651 0.910656 0.910658 0.910658 0.910656 0.910651 0.910645 0.910636 0.910625 0.910613 0.910599 0.910583 0.910565 0.910547 0.910527 0.910507 0.910485 0.910464 0.910442 0.91042 0.910398 0.910377 0.910357 0.910337 0.910318 0.910301 0.910285 0.910271 0.910259 0.910248 0.91024 0.910233 0.910229 0.910227 0.910227 0.910229 0.910233 
0.939387 0.939381 0.939376 0.939373 0.939373 0.939374 0.939378 0.939383 0.939391 0.9394 0.939412 0.939425 0.939439 0.939455 0.939472 0.93949 0.93951 0.939529 0.93955 0.93957 0.939591 0.939612 0.939632 0.939652 0.939671 0.939689 0.939705 0.939721 0.939735 0.939747 0.939758 0.939767 0.939773 0.939778 0.939781 0.939781 0.93978 0.939776 0.939771 0.939763 0.939753 0.939742 0.939729 0.939714 0.939698 0.939681 0.939663 0.939643 0.939623 0.939603 0.939582 0.939561 0.939541 0.939521 0.939501 0.939482 0.939464 0.939448 0.939432 0.939418 0.939406 0.939396 
0.96025 0.960231 0.960215 0.960199 0.960186 0.960175 0.960166 0.960159 0.960155 0.960153 0.960153 0.960156 0.960161 0.960169 0.960178 0.96019 0.960204 0.96022 0.960237 0.960256 0.960277 0.960298 0.960321 0.960344 0.960368 0.960391 0.960415 0.960439 0.960462 0.960484 0.960505 0.960525 0.960544 0.960561 0.960576 0.960589 0.960601 0.96061 0.960616 0.960621 0.960623 0.960622 0.960619 0.960614 0.960607 0.960597 0.960585 0.960571 0.960555 0.960537 0.960518 0.960498 0.960476 0.960453 0.96043 0.960407 0.960383 0.960359 0.960336 0.960313 0.960291 0.96027 
0.972786 0.972761 0.972737 0.972713 0.972692 0.972672 0.972655 0.97264 0.972627 0.972616 0.972609 0.972604 0.972602 0.972602 0.972606 0.972612 0.972621 0.972632 0.972646 0.972662 0.972681 0.972701 0.972724 0.972747 0.972772 0.972799 0.972825 0.972853 0.972881 0.972908 0.972935 0.972962 0.972988 0.973012 0.973035 0.973057 0.973076 0.973094 0.973109 0.973122 0.973132 0.97314 0.973145 0.973147 0.973146 0.973143 0.973137 0.973128 0.973116 0.973102 0.973086 0.973067 0.973046 0.973024 0.973 0.972975 0.972949 0.972922 0.972895 0.972867 0.97284 0.972813 
0.976967 0.976939 0.976912 0.976886 0.976861 0.976839 0.976818 0.9768 0.976784 0.97677 0.97676 0.976752 0.976747 0.976745 0.976746 0.97675 0.976757 0.976767 0.97678 0.976795 0.976813 0.976833 0.976855 0.976879 0.976905 0.976932 0.97696 0.976989 0.977018 0.977048 0.977077 0.977106 0.977135 0.977162 0.977188 0.977213 0.977235 0.977256 0.977274 0.97729 0.977303 0.977314 0.977322 0.977326 0.977328 0.977327 0.977323 0.977316 0.977306 0.977293 0.977278 0.97726 0.97724 0.977217 0.977193 0.977168 0.97714 0.977112 0.977083 0.977054 0.977025 0.976995 
0.97278 0.972753 0.972728 0.972704 0.972682 0.972662 0.972644 0.972628 0.972615 0.972605 0.972597 0.972592 0.972591 0.972592 0.972595 0.972602 0.972612 0.972624 0.972639 0.972656 0.972676 0.972697 0.972721 0.972746 0.972772 0.972799 0.972828 0.972856 0.972885 0.972914 0.972942 0.97297 0.972996 0.973022 0.973046 0.973068 0.973088 0.973106 0.973121 0.973134 0.973145 0.973152 0.973157 0.973159 0.973158 0.973154 0.973147 0.973137 0.973125 0.97311 0.973093 0.973073 0.973052 0.973028 0.973003 0.972977 0.972949 0.972921 0.972892 0.972864 0.972835 0.972807 
0.960233 0.960213 0.960194 0.960178 0.960163 0.960151 0.960141 0.960134 0.96013 0.960128 0.960129 0.960132 0.960138 0.960147 0.960158 0.960171 0.960187 0.960205 0.960225 0.960246 0.960269 0.960293 0.960318 0.960344 0.96037 0.960397 0.960423 0.960449 0.960474 0.960499 0.960522 0.960544 0.960565 0.960583 0.9606 0.960614 0.960626 0.960636 0.960643 0.960648 0.96065 0.960649 0.960645 0.960639 0.96063 0.960619 0.960606 0.96059 0.960572 0.960552 0.960531 0.960508 0.960484 0.960459 0.960433 0.960406 0.96038 0.960354 0.960328 0.960302 0.960278 0.960255 
0.939353 0.939344 0.939337 0.939333 0.939332 0.939332 0.939336 0.939342 0.93935 0.93936 0.939373 0.939388 0.939405 0.939424 0.939444 0.939466 0.939488 0.939512 0.939536 0.939561 0.939586 0.939611 0.939636 0.93966 0.939683 0.939705 0.939726 0.939745 0.939763 0.939779 0.939792 0.939804 0.939813 0.939819 0.939824 0.939825 0.939824 0.939821 0.939815 0.939807 0.939796 0.939783 0.939768 0.939751 0.939733 0.939712 0.93969 0.939668 0.939644 0.939619 0.939594 0.939569 0.939544 0.93952 0.939496 0.939473 0.939451 0.93943 0.939411 0.939393 0.939378 0.939364 
0.910181 0.910188 0.910198 0.910209 0.910224 0.91024 0.910259 0.910279 0.910302 0.910325 0.91035 0.910376 0.910402 0.910429 0.910457 0.910484 0.91051 0.910536 0.910561 0.910585 0.910607 0.910628 0.910647 0.910663 0.910678 0.91069 0.910699 0.910706 0.91071 0.910712 0.91071 0.910706 0.910699 0.91069 0.910678 0.910664 0.910647 0.910628 0.910608 0.910585 0.910562 0.910537 0.910511 0.910484 0.910457 0.91043 0.910403 0.910376 0.91035 0.910325 0.910302 0.910279 0.910259 0.91024 0.910224 0.910209 0.910197 0.910188 0.910181 0.910177 0.910176 0.910177 
0.872761 0.872785 0.872811 0.872839 0.872869 0.872899 0.872931 0.872963 0.872995 0.873027 0.873059 0.87309 0.87312 0.873149 0.873176 0.873201 0.873224 0.873244 0.873262 0.873277 0.873288 0.873297 0.873303 0.873305 0.873304 0.8733 0.873292 0.873281 0.873267 0.873251 0.873231 0.873209 0.873185 0.873159 0.87313 0.873101 0.87307 0.873038 0.873006 0.872974 0.872942 0.87291 0.872879 0.872849 0.87282 0.872793 0.872768 0.872746 0.872725 0.872708 0.872693 0.872682 0.872673 0.872668 0.872666 0.872667 0.872671 0.872679 0.87269 0.872704 0.87272 0.87274 
0.827114 0.827151 0.827188 0.827226 0.827264 0.827301 0.827337 0.827372 0.827405 0.827436 0.827465 0.827491 0.827514 0.827534 0.82755 0.827563 0.827572 0.827577 0.827579 0.827576 0.82757 0.82756 0.827546 0.827529 0.827508 0.827484 0.827458 0.827428 0.827397 0.827363 0.827328 0.827291 0.827254 0.827216 0.827177 0.82714 0.827102 0.827066 0.827031 0.826998 0.826968 0.826939 0.826913 0.826891 0.826871 0.826855 0.826842 0.826833 0.826828 0.826827 0.82683 0.826836 0.826846 0.82686 0.826878 0.826898 0.826922 0.826949 0.826978 0.82701 0.827043 0.827078 
0.773214 0.773253 0.773291 0.773327 0.77336 0.773391 0.773419 0.773444 0.773465 0.773483 0.773496 0.773506 0.773511 0.773512 0.773508 0.773501 0.773489 0.773473 0.773454 0.77343 0.773403 0.773373 0.773341 0.773305 0.773268 0.773229 0.773188 0.773147 0.773105 0.773063 0.773021 0.77298 0.772941 0.772903 0.772867 0.772833 0.772802 0.772774 0.77275 0.772729 0.772712 0.772698 0.772689 0.772685 0.772684 0.772687 0.772695 0.772707 0.772723 0.772743 0.772767 0.772793 0.772823 0.772856 0.772891 0.772929 0.772968 0.773008 0.773049 0.773091 0.773133 0.773174 
0.710984 0.711011 0.711035 0.711055 0.711071 0.711084 0.711092 0.711096 0.711095 0.71109 0.711081 0.711068 0.71105 0.711029 0.711004 0.710976 0.710944 0.71091 0.710873 0.710834 0.710794 0.710752 0.71071 0.710667 0.710624 0.710582 0.710541 0.710501 0.710463 0.710427 0.710394 0.710363 0.710336 0.710312 0.710292 0.710276 0.710264 0.710256 0.710253 0.710253 0.710259 0.710268 0.710282 0.710299 0.710321 0.710346 0.710374 0.710406 0.71044 0.710476 0.710515 0.710555 0.710597 0.710639 0.710682 0.710725 0.710767 0.710808 0.710847 0.710885 0.710921 0.710954 
0.640337 0.640342 0.640343 0.640339 0.640332 0.640321 0.640306 0.640287 0.640264 0.640239 0.64021 0.640179 0.640145 0.640109 0.640072 0.640033 0.639994 0.639953 0.639913 0.639873 0.639834 0.639797 0.63976 0.639726 0.639694 0.639664 0.639638 0.639614 0.639594 0.639578 0.639566 0.639557 0.639552 0.639552 0.639555 0.639563 0.639574 0.63959 0.639609 0.639631 0.639657 0.639685 0.639717 0.63975 0.639786 0.639823 0.639862 0.639901 0.639941 0.639981 0.640021 0.64006 0.640098 0.640134 0.640168 0.6402 0.64023 0.640256 0.640279 0.640299 0.640316 0.640328 
0.561267 0.561251 0.561232 0.561209 0.561184 0.561157 0.561128 0.561097 0.561065 0.561032 0.560998 0.560963 0.560929 0.560895 0.560861 0.560829 0.560798 0.560769 0.560741 0.560716 0.560694 0.560674 0.560657 0.560644 0.560633 0.560627 0.560623 0.560623 0.560627 0.560633 0.560644 0.560657 0.560674 0.560694 0.560716 0.560741 0.560768 0.560797 0.560828 0.56086 0.560893 0.560927 0.560962 0.560996 0.56103 0.561063 0.561095 0.561126 0.561155 0.561183 0.561208 0.56123 0.56125 0.561266 0.56128 0.56129 0.561297 0.561301 0.561301 0.561297 0.56129 0.56128 
0.473957 0.473933 0.473907 0.473881 0.473854 0.473827 0.473801 0.473775 0.473749 0.473725 0.473702 0.47368 0.47366 0.473642 0.473626 0.473612 0.4736 0.473592 0.473585 0.473582 0.473581 0.473583 0.473587 0.473594 0.473604 0.473616 0.473631 0.473648 0.473667 0.473687 0.473709 0.473733 0.473758 0.473783 0.47381 0.473836 0.473863 0.473889 0.473915 0.473941 0.473965 0.473988 0.47401 0.47403 0.474048 0.474064 0.474078 0.474089 0.474098 0.474104 0.474107 0.474108 0.474106 0.474102 0.474095 0.474085 0.474073 0.474058 0.474041 0.474023 0.474002 0.47398 
0.378847 0.37883 0.378813 0.378797 0.378783 0.378769 0.378757 0.378746 0.378737 0.37873 0.378724 0.378721 0.378719 0.378719 0.378721 0.378725 0.378731 0.378738 0.378747 0.378758 0.37877 0.378784 0.378799 0.378815 0.378832 0.37885 0.378868 0.378886 0.378905 0.378924 0.378942 0.37896 0.378977 0.378994 0.37901 0.379025 0.379038 0.37905 0.379061 0.37907 0.379077 0.379082 0.379086 0.379088 0.379088 0.379086 0.379082 0.379076 0.379068 0.379059 0.379048 0.379036 0.379022 0.379007 0.378991 0.378974 0.378957 0.378939 0.37892 0.378902 0.378883 0.378865 
0.276693 0.276689 0.276685 0.276683 0.276682 0.276682 0.276684 0.276686 0.27669 0.276695 0.276701 0.276708 0.276716 0.276725 0.276734 0.276744 0.276755 0.276767 0.276778 0.27679 0.276802 0.276814 0.276826 0.276837 0.276848 0.276859 0.276869 0.276878 0.276886 0.276894 0.2769 0.276906 0.27691 0.276914 0.276916 0.276917 0.276916 0.276915 0.276912 0.276908 0.276904 0.276897 0.27689 0.276882 0.276874 0.276864 0.276854 0.276843 0.276832 0.27682 0.276808 0.276796 0.276785 0.276773 0.276761 0.27675 0.27674 0.27673 0.276721 0.276713 0.276705 0.276699 
0.168698 0.1687 0.168704 0.168708 0.168712 0.168717 0.168723 0.168729 0.168735 0.168742 0.168748 0.168755 0.168762 0.168769 0.168776 0.168782 0.168789 0.168795 0.1688 0.168806 0.16881 0.168815 0.168818 0.168821 0.168824 0.168826 0.168827 0.168827 0.168827 0.168826 0.168825 0.168822 0.16882 0.168816 0.168812 0.168807 0.168802 0.168797 0.168791 0.168784 0.168778 0.168771 0.168765 0.168758 0.168751 0.168744 0.168738 0.168731 0.168725 0.16872 0.168714 0.16871 0.168705 0.168702 0.168699 0.168696 0.168694 0.168693 0.168693 0.168693 0.168694 0.168696 
0.056714 0.0567161 0.0567183 0.0567207 0.056723 0.0567255 0.0567279 0.0567303 0.0567326 0.0567349 0.0567371 0.0567391 0.0567411 0.0567428 0.0567444 0.0567458 0.056747 0.056748 0.0567488 0.0567493 0.0567496 0.0567496 0.0567494 0.056749 0.0567483 0.0567474 0.0567462 0.0567449 0.0567434 0.0567417 0.0567398 0.0567378 0.0567357 0.0567335 0.0567312 0.0567288 0.0567264 0.056724 0.0567217 0.0567193 0.0567171 0.0567149 0.0567129 0.056711 0.0567092 0.0567076 0.0567062 0.056705 0.0567041 0.0567033 0.0567028 0.0567026 0.0567025 0.0567028 0.0567032 0.0567039 0.0567049 0.056706 0.0567074 0.0567088 0.0567105 0.0567122 
