0.055825 0.0558259 0.055827 0.0558282 0.0558295 0.055831 0.0558325 0.0558342 0.055836 0.0558378 0.0558396 0.0558415 0.0558434 0.0558452 0.0558471 0.0558488 0.0558505 0.0558521 0.0558536 0.055855 0.0558562 0.0558573 0.0558582 0.0558589 0.0558595 0.0558598 0.05586 0.05586 0.0558598 0.0558594 0.0558589 0.0558581 0.0558572 0.0558561 0.0558549 0.0558536 0.0558521 0.0558505 0.0558488 0.055847 0.0558452 0.0558434 0.0558415 0.0558396 0.0558378 0.055836 0.0558342 0.0558325 0.0558309 0.0558295 0.0558281 0.0558269 0.0558258 0.0558249 0.0558242 0.0558237 0.0558233 0.0558231 0.0558232 0.0558234 0.0558238 0.0558243 
0.166208 0.166208 0.166208 0.166209 0.16621 0.166211 0.166213 0.166215 0.166218 0.166221 0.166225 0.166228 0.166232 0.166236 0.166241 0.166245 0.16625 0.166254 0.166259 0.166263 0.166267 0.166271 0.166275 0.166279 0.166282 0.166286 0.166288 0.166291 0.166293 0.166294 0.166295 0.166296 0.166296 0.166296 0.166295 0.166294 0.166292 0.16629 0.166288 0.166285 0.166282 0.166279 0.166275 0.166271 0.166267 0.166263 0.166258 0.166254 0.166249 0.166245 0.16624 0.166236 0.166232 0.166228 0.166224 0.166221 0.166218 0.166215 0.166213 0.166211 0.16621 0.166209 
0.272997 0.272991 0.272986 0.272981 0.272977 0.272973 0.27297 0.272967 0.272965 0.272964 0.272963 0.272964 0.272964 0.272966 0.272968 0.272971 0.272975 0.272979 0.272983 0.272989 0.272994 0.273 0.273006 0.273013 0.27302 0.273026 0.273033 0.27304 0.273047 0.273053 0.27306 0.273066 0.273071 0.273077 0.273082 0.273086 0.27309 0.273093 0.273095 0.273097 0.273098 0.273099 0.273098 0.273097 0.273096 0.273094 0.273091 0.273087 0.273083 0.273078 0.273073 0.273068 0.273062 0.273056 0.273049 0.273042 0.273036 0.273029 0.273022 0.273015 0.273009 0.273003 
0.37435 0.37434 0.37433 0.37432 0.37431 0.374299 0.374288 0.374278 0.374268 0.374258 0.374248 0.374239 0.374231 0.374223 0.374216 0.37421 0.374205 0.374201 0.374198 0.374196 0.374195 0.374196 0.374197 0.374199 0.374203 0.374207 0.374212 0.374219 0.374226 0.374234 0.374242 0.374251 0.374261 0.374271 0.374281 0.374292 0.374303 0.374313 0.374324 0.374334 0.374344 0.374353 0.374362 0.37437 0.374378 0.374385 0.37439 0.374395 0.374399 0.374402 0.374404 0.374405 0.374405 0.374404 0.374401 0.374398 0.374393 0.374388 0.374382 0.374375 0.374367 0.374359 
0.468921 0.468918 0.468913 0.468907 0.468899 0.46889 0.46888 0.468868 0.468855 0.468842 0.468827 0.468812 0.468797 0.468781 0.468764 0.468748 0.468732 0.468717 0.468701 0.468687 0.468673 0.46866 0.468649 0.468638 0.468629 0.468621 0.468615 0.46861 0.468607 0.468605 0.468605 0.468607 0.46861 0.468615 0.468622 0.46863 0.468639 0.468649 0.468661 0.468674 0.468688 0.468702 0.468717 0.468733 0.468749 0.468765 0.468781 0.468797 0.468812 0.468827 0.468842 0.468855 0.468868 0.46888 0.46889 0.468899 0.468907 0.468913 0.468918 0.468921 0.468923 0.468923 
0.555814 0.555827 0.555838 0.555848 0.555855 0.55586 0.555862 0.555863 0.555861 0.555857 0.555851 0.555842 0.555832 0.55582 0.555805 0.555789 0.555772 0.555753 0.555733 0.555712 0.555691 0.555668 0.555646 0.555624 0.555601 0.555579 0.555558 0.555538 0.555519 0.555501 0.555484 0.55547 0.555456 0.555445 0.555436 0.555429 0.555425 0.555422 0.555422 0.555424 0.555428 0.555434 0.555443 0.555454 0.555466 0.555481 0.555497 0.555514 0.555533 0.555553 0.555574 0.555595 0.555617 0.55564 0.555662 0.555684 0.555706 0.555727 0.555747 0.555766 0.555783 0.5558 
0.634563 0.63459 0.634616 0.634642 0.634667 0.63469 0.634711 0.63473 0.634748 0.634763 0.634775 0.634785 0.634792 0.634797 0.634798 0.634797 0.634793 0.634786 0.634777 0.634764 0.63475 0.634732 0.634713 0.634692 0.634669 0.634644 0.634618 0.634591 0.634564 0.634536 0.634508 0.63448 0.634452 0.634425 0.634399 0.634375 0.634352 0.63433 0.634311 0.634294 0.634279 0.634267 0.634257 0.63425 0.634246 0.634245 0.634246 0.634251 0.634258 0.634268 0.63428 0.634295 0.634312 0.634331 0.634353 0.634376 0.6344 0.634426 0.634453 0.63448 0.634508 0.634535 
0.705048 0.705076 0.705105 0.705136 0.705167 0.705199 0.705231 0.705262 0.705293 0.705323 0.705352 0.705379 0.705405 0.705428 0.70545 0.705469 0.705485 0.705498 0.705508 0.705516 0.70552 0.70552 0.705518 0.705512 0.705504 0.705492 0.705477 0.705459 0.705439 0.705417 0.705392 0.705365 0.705337 0.705307 0.705276 0.705245 0.705213 0.705181 0.705149 0.705118 0.705088 0.705059 0.705032 0.705006 0.704983 0.704962 0.704943 0.704927 0.704914 0.704904 0.704897 0.704893 0.704893 0.704896 0.704902 0.70491 0.704923 0.704937 0.704955 0.704975 0.704998 0.705022 
0.767321 0.767335 0.767353 0.767373 0.767396 0.767421 0.767447 0.767476 0.767506 0.767537 0.767569 0.767602 0.767634 0.767667 0.767698 0.767729 0.767759 0.767787 0.767814 0.767839 0.767861 0.767881 0.767898 0.767912 0.767923 0.767931 0.767935 0.767937 0.767935 0.76793 0.767921 0.76791 0.767895 0.767877 0.767857 0.767834 0.767809 0.767782 0.767753 0.767723 0.767692 0.76766 0.767627 0.767594 0.767562 0.76753 0.767499 0.767469 0.76744 0.767414 0.767389 0.767367 0.767348 0.767331 0.767317 0.767306 0.767299 0.767294 0.767293 0.767295 0.767301 0.767309 
0.821422 0.821419 0.821418 0.82142 0.821426 0.821434 0.821445 0.821459 0.821476 0.821495 0.821516 0.821539 0.821565 0.821591 0.821619 0.821648 0.821678 0.821708 0.821738 0.821767 0.821797 0.821825 0.821853 0.821878 0.821903 0.821925 0.821945 0.821963 0.821978 0.821991 0.822001 0.822008 0.822011 0.822012 0.82201 0.822005 0.821996 0.821985 0.821971 0.821955 0.821935 0.821914 0.821891 0.821865 0.821838 0.82181 0.821781 0.821751 0.821721 0.821691 0.821661 0.821632 0.821603 0.821576 0.82155 0.821526 0.821504 0.821483 0.821466 0.821451 0.821438 0.821429 
0.86732 0.867303 0.867289 0.867276 0.867266 0.867258 0.867253 0.86725 0.86725 0.867252 0.867256 0.867263 0.867273 0.867285 0.867299 0.867314 0.867332 0.867352 0.867373 0.867395 0.867418 0.867442 0.867467 0.867492 0.867517 0.867541 0.867566 0.867589 0.867612 0.867633 0.867653 0.867672 0.867688 0.867703 0.867716 0.867726 0.867734 0.867739 0.867742 0.867743 0.867741 0.867736 0.867729 0.86772 0.867708 0.867694 0.867678 0.86766 0.86764 0.867619 0.867597 0.867573 0.867549 0.867524 0.867499 0.867474 0.867449 0.867425 0.867401 0.867379 0.867358 0.867338 
0.904935 0.904916 0.904897 0.904879 0.904862 0.904845 0.90483 0.904815 0.904803 0.904792 0.904782 0.904774 0.904769 0.904765 0.904763 0.904763 0.904765 0.904769 0.904774 0.904782 0.904792 0.904803 0.904815 0.904829 0.904845 0.904861 0.904879 0.904897 0.904916 0.904935 0.904954 0.904974 0.904993 0.905012 0.90503 0.905047 0.905064 0.905079 0.905093 0.905106 0.905117 0.905127 0.905134 0.90514 0.905144 0.905146 0.905146 0.905144 0.90514 0.905135 0.905127 0.905117 0.905106 0.905093 0.905079 0.905064 0.905047 0.90503 0.905011 0.904993 0.904973 0.904954 
0.934202 0.934188 0.934174 0.934158 0.934142 0.934126 0.934108 0.934091 0.934074 0.934057 0.93404 0.934024 0.934008 0.933993 0.933979 0.933967 0.933955 0.933945 0.933937 0.93393 0.933924 0.933921 0.933919 0.933919 0.93392 0.933924 0.933929 0.933935 0.933943 0.933953 0.933964 0.933977 0.93399 0.934005 0.93402 0.934036 0.934053 0.93407 0.934087 0.934104 0.934122 0.934138 0.934155 0.93417 0.934185 0.934199 0.934212 0.934223 0.934233 0.934242 0.934249 0.934254 0.934258 0.93426 0.93426 0.934258 0.934255 0.93425 0.934243 0.934235 0.934225 0.934214 
0.955094 0.95509 0.955083 0.955075 0.955065 0.955053 0.955039 0.955024 0.955008 0.954991 0.954972 0.954953 0.954934 0.954914 0.954894 0.954874 0.954854 0.954835 0.954816 0.954799 0.954782 0.954767 0.954752 0.95474 0.954729 0.95472 0.954712 0.954707 0.954704 0.954702 0.954703 0.954705 0.95471 0.954717 0.954725 0.954735 0.954747 0.954761 0.954776 0.954792 0.954809 0.954827 0.954846 0.954866 0.954886 0.954906 0.954926 0.954946 0.954965 0.954983 0.955001 0.955018 0.955033 0.955047 0.95506 0.955071 0.95508 0.955087 0.955093 0.955096 0.955098 0.955097 
0.96762 0.967623 0.967623 0.967621 0.967617 0.96761 0.967601 0.967589 0.967576 0.967561 0.967543 0.967525 0.967504 0.967483 0.96746 0.967437 0.967414 0.96739 0.967365 0.967342 0.967318 0.967296 0.967274 0.967253 0.967234 0.967216 0.9672 0.967186 0.967175 0.967165 0.967157 0.967152 0.96715 0.967149 0.967151 0.967156 0.967163 0.967172 0.967184 0.967197 0.967213 0.96723 0.967249 0.967269 0.96729 0.967313 0.967336 0.96736 0.967384 0.967408 0.967432 0.967455 0.967478 0.967499 0.96752 0.967539 0.967557 0.967573 0.967587 0.967598 0.967608 0.967615 
0.971798 0.971803 0.971806 0.971806 0.971804 0.971799 0.971791 0.971781 0.971769 0.971754 0.971737 0.971718 0.971698 0.971676 0.971652 0.971628 0.971603 0.971577 0.971551 0.971524 0.971498 0.971473 0.971448 0.971425 0.971402 0.971382 0.971363 0.971345 0.97133 0.971318 0.971307 0.971299 0.971294 0.971291 0.971291 0.971293 0.971299 0.971306 0.971317 0.971329 0.971344 0.971361 0.97138 0.9714 0.971423 0.971446 0.971471 0.971496 0.971522 0.971548 0.971574 0.9716 0.971625 0.97165 0.971673 0.971696 0.971716 0.971735 0.971752 0.971767 0.97178 0.97179 
0.967636 0.967639 0.967638 0.967635 0.96763 0.967622 0.967612 0.967599 0.967585 0.967568 0.967549 0.967529 0.967507 0.967484 0.96746 0.967435 0.96741 0.967384 0.967359 0.967333 0.967309 0.967285 0.967262 0.96724 0.96722 0.967202 0.967186 0.967171 0.967159 0.967149 0.967142 0.967137 0.967135 0.967135 0.967138 0.967144 0.967152 0.967162 0.967175 0.96719 0.967207 0.967225 0.967246 0.967268 0.967291 0.967315 0.96734 0.967365 0.96739 0.967416 0.967441 0.967466 0.96749 0.967512 0.967534 0.967554 0.967572 0.967588 0.967603 0.967615 0.967624 0.967632 
0.955127 0.955121 0.955113 0.955102 0.95509 0.955075 0.955059 0.955041 0.955022 0.955002 0.95498 0.954958 0.954935 0.954911 0.954888 0.954864 0.954842 0.954819 0.954798 0.954777 0.954758 0.95474 0.954724 0.95471 0.954698 0.954688 0.95468 0.954674 0.954671 0.95467 0.954671 0.954675 0.954681 0.954689 0.9547 0.954712 0.954727 0.954743 0.954761 0.95478 0.954801 0.954822 0.954845 0.954868 0.954891 0.954915 0.954938 0.954961 0.954983 0.955005 0.955025 0.955044 0.955062 0.955078 0.955092 0.955104 0.955114 0.955122 0.955128 0.955131 0.955132 0.955131 
0.934249 0.934232 0.934213 0.934194 0.934173 0.934152 0.93413 0.934107 0.934084 0.934062 0.934039 0.934017 0.933996 0.933976 0.933957 0.93394 0.933924 0.933909 0.933897 0.933886 0.933878 0.933872 0.933868 0.933866 0.933867 0.93387 0.933875 0.933883 0.933892 0.933904 0.933918 0.933933 0.93395 0.933968 0.933988 0.934008 0.93403 0.934052 0.934075 0.934097 0.93412 0.934142 0.934164 0.934185 0.934205 0.934224 0.934242 0.934258 0.934272 0.934284 0.934295 0.934303 0.934309 0.934313 0.934315 0.934314 0.934311 0.934306 0.934298 0.934289 0.934277 0.934264 
0.904985 0.90496 0.904934 0.904909 0.904884 0.904859 0.904836 0.904814 0.904793 0.904774 0.904757 0.904742 0.90473 0.904719 0.904711 0.904705 0.904703 0.904702 0.904704 0.904709 0.904717 0.904727 0.904739 0.904753 0.90477 0.904788 0.904808 0.90483 0.904853 0.904877 0.904902 0.904927 0.904953 0.904978 0.905004 0.905029 0.905053 0.905076 0.905098 0.905119 0.905138 0.905155 0.90517 0.905183 0.905193 0.905201 0.905207 0.90521 0.90521 0.905208 0.905203 0.905195 0.905185 0.905173 0.905159 0.905142 0.905124 0.905103 0.905082 0.905059 0.905035 0.90501 
0.867351 0.867324 0.8673 0.867277 0.867257 0.867239 0.867223 0.867211 0.867201 0.867194 0.867191 0.867191 0.867193 0.867199 0.867209 0.867221 0.867235 0.867253 0.867273 0.867296 0.86732 0.867346 0.867374 0.867403 0.867433 0.867464 0.867495 0.867526 0.867557 0.867587 0.867617 0.867645 0.867671 0.867696 0.867719 0.867739 0.867757 0.867773 0.867785 0.867795 0.867801 0.867805 0.867805 0.867802 0.867796 0.867787 0.867775 0.86776 0.867742 0.867722 0.867699 0.867675 0.867649 0.867621 0.867591 0.867561 0.86753 0.867499 0.867468 0.867438 0.867407 0.867378 
0.821405 0.821389 0.821377 0.821368 0.821363 0.821361 0.821363 0.821369 0.821378 0.82139 0.821406 0.821425 0.821447 0.821472 0.8215 0.821529 0.821561 0.821594 0.821628 0.821664 0.8217 0.821736 0.821772 0.821807 0.821841 0.821874 0.821906 0.821935 0.821963 0.821987 0.822009 0.822028 0.822044 0.822057 0.822065 0.822071 0.822073 0.822071 0.822065 0.822056 0.822043 0.822027 0.822008 0.821986 0.821961 0.821933 0.821903 0.821872 0.821838 0.821804 0.821768 0.821732 0.821696 0.82166 0.821625 0.821591 0.821558 0.821526 0.821497 0.82147 0.821445 0.821423 
0.767238 0.767243 0.767251 0.767263 0.767279 0.767298 0.76732 0.767346 0.767374 0.767405 0.767438 0.767473 0.767509 0.767546 0.767584 0.767623 0.767661 0.767699 0.767736 0.767772 0.767806 0.767838 0.767868 0.767896 0.76792 0.767942 0.76796 0.767974 0.767985 0.767992 0.767996 0.767995 0.76799 0.767982 0.76797 0.767954 0.767935 0.767912 0.767886 0.767858 0.767827 0.767794 0.767759 0.767722 0.767685 0.767647 0.767608 0.76757 0.767532 0.767495 0.767459 0.767425 0.767393 0.767363 0.767336 0.767311 0.76729 0.767272 0.767258 0.767247 0.76724 0.767237 
0.704918 0.704943 0.70497 0.705 0.705032 0.705066 0.705101 0.705138 0.705175 0.705212 0.70525 0.705287 0.705323 0.705358 0.705391 0.705423 0.705452 0.705479 0.705503 0.705525 0.705542 0.705557 0.705568 0.705575 0.705578 0.705578 0.705573 0.705565 0.705553 0.705538 0.705519 0.705497 0.705473 0.705445 0.705415 0.705382 0.705348 0.705313 0.705276 0.705239 0.705201 0.705164 0.705127 0.705091 0.705056 0.705022 0.704991 0.704961 0.704935 0.704911 0.70489 0.704872 0.704858 0.704848 0.704841 0.704838 0.704839 0.704843 0.704851 0.704863 0.704878 0.704897 
0.634442 0.634474 0.634507 0.634541 0.634574 0.634607 0.634639 0.634669 0.634698 0.634726 0.634751 0.634774 0.634795 0.634812 0.634827 0.634838 0.634847 0.634852 0.634853 0.634851 0.634846 0.634837 0.634825 0.634811 0.634793 0.634772 0.634749 0.634723 0.634695 0.634666 0.634635 0.634603 0.63457 0.634536 0.634503 0.634469 0.634436 0.634404 0.634374 0.634345 0.634317 0.634292 0.634269 0.634249 0.634232 0.634217 0.634206 0.634198 0.634194 0.634192 0.634194 0.6342 0.634209 0.634221 0.634236 0.634254 0.634275 0.634298 0.634324 0.634351 0.63438 0.634411 
0.555763 0.555786 0.555808 0.555829 0.555847 0.555864 0.555878 0.55589 0.555899 0.555906 0.55591 0.555911 0.55591 0.555906 0.555899 0.555889 0.555877 0.555863 0.555846 0.555827 0.555806 0.555784 0.55576 0.555734 0.555708 0.555682 0.555654 0.555627 0.5556 0.555573 0.555547 0.555522 0.555499 0.555477 0.555456 0.555438 0.555421 0.555407 0.555395 0.555386 0.55538 0.555376 0.555375 0.555377 0.555381 0.555388 0.555398 0.55541 0.555425 0.555442 0.555461 0.555481 0.555504 0.555528 0.555553 0.555579 0.555606 0.555632 0.55566 0.555686 0.555713 0.555738 
0.468951 0.468956 0.46896 0.468961 0.468961 0.468958 0.468954 0.468948 0.46894 0.46893 0.468918 0.468904 0.46889 0.468874 0.468856 0.468838 0.468819 0.4688 0.46878 0.46876 0.46874 0.46872 0.468701 0.468682 0.468665 0.468648 0.468632 0.468618 0.468606 0.468595 0.468585 0.468578 0.468573 0.468569 0.468568 0.468568 0.468571 0.468575 0.468582 0.46859 0.4686 0.468612 0.468626 0.468641 0.468657 0.468674 0.468692 0.468711 0.46873 0.46875 0.46877 0.46879 0.468809 0.468829 0.468847 0.468865 0.468881 0.468897 0.468911 0.468923 0.468934 0.468943 
0.374413 0.374406 0.374398 0.374389 0.374378 0.374367 0.374356 0.374343 0.374331 0.374318 0.374305 0.374291 0.374278 0.374265 0.374253 0.37424 0.374229 0.374218 0.374208 0.374199 0.374192 0.374185 0.374179 0.374175 0.374172 0.37417 0.37417 0.374171 0.374173 0.374177 0.374182 0.374188 0.374196 0.374204 0.374213 0.374224 0.374235 0.374246 0.374259 0.374271 0.374285 0.374298 0.374311 0.374324 0.374337 0.374349 0.374361 0.374373 0.374383 0.374393 0.374402 0.37441 0.374417 0.374422 0.374426 0.374429 0.374431 0.374431 0.37443 0.374428 0.374424 0.374419 
0.273038 0.27303 0.273022 0.273014 0.273006 0.272998 0.272991 0.272984 0.272978 0.272972 0.272966 0.272962 0.272958 0.272955 0.272952 0.272951 0.27295 0.27295 0.272951 0.272953 0.272955 0.272959 0.272963 0.272968 0.272973 0.272979 0.272986 0.272993 0.273001 0.273008 0.273017 0.273025 0.273033 0.273041 0.273049 0.273057 0.273065 0.273072 0.273079 0.273085 0.273091 0.273096 0.273101 0.273105 0.273108 0.27311 0.273112 0.273112 0.273112 0.273111 0.273109 0.273107 0.273103 0.273099 0.273094 0.273089 0.273083 0.273076 0.273069 0.273062 0.273054 0.273046 
0.166215 0.166212 0.166209 0.166207 0.166205 0.166204 0.166203 0.166202 0.166203 0.166203 0.166204 0.166206 0.166208 0.16621 0.166213 0.166217 0.166221 0.166225 0.166229 0.166234 0.166238 0.166243 0.166248 0.166253 0.166258 0.166263 0.166268 0.166273 0.166277 0.166281 0.166285 0.166289 0.166292 0.166295 0.166297 0.166299 0.1663 0.166301 0.166302 0.166301 0.166301 0.1663 0.166298 0.166296 0.166293 0.16629 0.166287 0.166283 0.166279 0.166275 0.16627 0.166265 0.16626 0.166255 0.16625 0.166245 0.16624 0.166235 0.166231 0.166226 0.166222 0.166219 
0.0558221 0.055822 0.0558221 0.0558224 0.0558228 0.0558234 0.0558243 0.0558253 0.0558265 0.0558278 0.0558293 0.0558309 0.0558326 0.0558345 0.0558364 0.0558383 0.0558403 0.0558423 0.0558443 0.0558463 0.0558482 0.05585 0.0558518 0.0558535 0.055855 0.0558564 0.0558576 0.0558587 0.0558596 0.0558603 0.0558608 0.0558611 0.0558613 0.0558612 0.0558609 0.0558604 0.0558597 0.0558589 0.0558578 0.0558566 0.0558553 0.0558538 0.0558521 0.0558504 0.0558486 0.0558467 0.0558447 0.0558427 0.0558407 0.0558387 0.0558368 0.0558349 0.055833 0.0558313 0.0558296 0.0558281 0.0558267 0.0558255 0.0558245 0.0558237 0.055823 0.0558225 
