0.053373 0.0533731 0.0533732 0.0533733 0.0533734 0.0533734 0.0533735 0.0533735 0.0533735 0.0533735 0.0533735 0.0533734 0.0533734 0.0533733 0.0533732 0.0533731 0.0533729 0.0533728 0.0533726 0.0533725 0.0533723 0.0533721 0.0533719 0.0533717 0.0533715 0.0533713 0.0533711 0.053371 0.0533708 0.0533706 0.0533704 0.0533703 0.0533702 0.05337 0.0533699 0.0533699 0.0533698 0.0533697 0.0533697 0.0533697 0.0533697 0.0533697 0.0533698 0.0533699 0.05337 0.0533701 0.0533702 0.0533703 0.0533705 0.0533706 0.0533708 0.053371 0.0533711 0.0533713 0.0533715 0.0533717 0.0533719 0.0533721 0.0533723 0.0533725 0.0533727 0.0533728 
0.159127 0.159128 0.159129 0.15913 0.15913 0.159131 0.159131 0.159132 0.159132 0.159132 0.159133 0.159133 0.159133 0.159133 0.159133 0.159133 0.159132 0.159132 0.159132 0.159131 0.159131 0.15913 0.159129 0.159129 0.159128 0.159127 0.159126 0.159125 0.159124 0.159124 0.159123 0.159122 0.159121 0.15912 0.15912 0.159119 0.159119 0.159118 0.159118 0.159117 0.159117 0.159117 0.159117 0.159116 0.159116 0.159117 0.159117 0.159117 0.159117 0.159118 0.159118 0.159119 0.15912 0.15912 0.159121 0.159122 0.159123 0.159123 0.159124 0.159125 0.159126 0.159127 
0.261988 0.26199 0.261991 0.261993 0.261994 0.261996 0.261997 0.261998 0.262 0.262001 0.262003 0.262004 0.262005 0.262006 0.262007 0.262008 0.262008 0.262009 0.262009 0.26201 0.26201 0.26201 0.26201 0.26201 0.262009 0.262009 0.262008 0.262007 0.262006 0.262005 0.262004 0.262003 0.262001 0.262 0.261998 0.261997 0.261995 0.261994 0.261992 0.261991 0.26199 0.261988 0.261987 0.261986 0.261985 0.261984 0.261983 0.261982 0.261982 0.261981 0.261981 0.261981 0.261981 0.261981 0.261981 0.261982 0.261982 0.261983 0.261984 0.261985 0.261986 0.261987 
0.360313 0.360313 0.360313 0.360314 0.360315 0.360316 0.360317 0.360318 0.36032 0.360321 0.360323 0.360325 0.360327 0.360328 0.36033 0.360332 0.360334 0.360336 0.360338 0.36034 0.360342 0.360344 0.360345 0.360347 0.360348 0.360349 0.36035 0.360351 0.360351 0.360352 0.360352 0.360352 0.360352 0.360352 0.360351 0.36035 0.360349 0.360348 0.360347 0.360345 0.360344 0.360342 0.36034 0.360338 0.360336 0.360334 0.360332 0.36033 0.360328 0.360326 0.360325 0.360323 0.360321 0.36032 0.360318 0.360317 0.360316 0.360315 0.360314 0.360313 0.360313 0.360313 
0.45281 0.452808 0.452806 0.452804 0.452802 0.452801 0.452799 0.452798 0.452797 0.452797 0.452796 0.452796 0.452796 0.452796 0.452796 0.452797 0.452797 0.452798 0.4528 0.452801 0.452802 0.452804 0.452806 0.452808 0.45281 0.452812 0.452814 0.452816 0.452819 0.452821 0.452823 0.452825 0.452827 0.452829 0.452831 0.452833 0.452834 0.452836 0.452837 0.452838 0.452839 0.452839 0.452839 0.452839 0.452839 0.452839 0.452838 0.452838 0.452837 0.452835 0.452834 0.452832 0.452831 0.452829 0.452827 0.452825 0.452823 0.45282 0.452818 0.452816 0.452814 0.452812 
0.538515 0.538513 0.538512 0.53851 0.538508 0.538505 0.538503 0.5385 0.538497 0.538494 0.538491 0.538488 0.538485 0.538482 0.538479 0.538476 0.538473 0.53847 0.538468 0.538465 0.538463 0.538461 0.538459 0.538458 0.538457 0.538456 0.538456 0.538455 0.538456 0.538456 0.538457 0.538458 0.538459 0.538461 0.538463 0.538465 0.538467 0.53847 0.538472 0.538475 0.538478 0.538481 0.538485 0.538488 0.538491 0.538494 0.538497 0.5385 0.538502 0.538505 0.538507 0.53851 0.538511 0.538513 0.538514 0.538516 0.538516 0.538517 0.538517 0.538517 0.538516 0.538516 
0.61673 0.616734 0.616737 0.616741 0.616743 0.616745 0.616747 0.616748 0.616749 0.616748 0.616748 0.616746 0.616745 0.616742 0.616739 0.616736 0.616732 0.616728 0.616723 0.616718 0.616713 0.616707 0.616701 0.616695 0.61669 0.616684 0.616678 0.616672 0.616667 0.616662 0.616657 0.616652 0.616648 0.616644 0.616641 0.616639 0.616636 0.616635 0.616634 0.616633 0.616633 0.616634 0.616636 0.616637 0.61664 0.616643 0.616646 0.61665 0.616655 0.616659 0.616664 0.61667 0.616675 0.616681 0.616687 0.616693 0.616698 0.616704 0.61671 0.616715 0.61672 0.616725 
0.687014 0.687023 0.687033 0.687042 0.687052 0.687061 0.68707 0.687078 0.687086 0.687094 0.6871 0.687106 0.687112 0.687116 0.68712 0.687122 0.687124 0.687125 0.687124 0.687123 0.687121 0.687118 0.687114 0.687109 0.687103 0.687097 0.68709 0.687082 0.687074 0.687065 0.687056 0.687047 0.687037 0.687028 0.687018 0.687009 0.687 0.686991 0.686982 0.686974 0.686967 0.68696 0.686954 0.686949 0.686945 0.686941 0.686939 0.686937 0.686936 0.686937 0.686938 0.68694 0.686943 0.686947 0.686952 0.686958 0.686964 0.686971 0.686979 0.686987 0.686996 0.687005 
0.749174 0.749182 0.749191 0.749201 0.749212 0.749223 0.749235 0.749247 0.74926 0.749273 0.749286 0.749298 0.749311 0.749323 0.749335 0.749346 0.749356 0.749365 0.749374 0.749381 0.749388 0.749393 0.749397 0.7494 0.749402 0.749402 0.749401 0.749398 0.749395 0.74939 0.749384 0.749377 0.749368 0.749359 0.749349 0.749338 0.749327 0.749315 0.749303 0.74929 0.749277 0.749264 0.749251 0.749239 0.749227 0.749215 0.749204 0.749194 0.749184 0.749176 0.749168 0.749162 0.749157 0.749153 0.74915 0.749149 0.749149 0.74915 0.749152 0.749156 0.749161 0.749167 
0.803161 0.803162 0.803163 0.803167 0.803171 0.803177 0.803185 0.803193 0.803203 0.803213 0.803225 0.803237 0.80325 0.803264 0.803278 0.803292 0.803307 0.803321 0.803335 0.803349 0.803362 0.803375 0.803387 0.803398 0.803408 0.803417 0.803425 0.803432 0.803437 0.803441 0.803444 0.803445 0.803445 0.803443 0.80344 0.803435 0.803429 0.803422 0.803413 0.803403 0.803393 0.803381 0.803369 0.803356 0.803342 0.803328 0.803314 0.803299 0.803285 0.803271 0.803257 0.803243 0.803231 0.803219 0.803208 0.803197 0.803188 0.80318 0.803174 0.803169 0.803165 0.803162 
0.84895 0.848942 0.848936 0.84893 0.848927 0.848924 0.848923 0.848923 0.848924 0.848927 0.848931 0.848936 0.848943 0.84895 0.848959 0.848969 0.84898 0.848991 0.849003 0.849015 0.849028 0.849042 0.849055 0.849068 0.849082 0.849095 0.849107 0.849119 0.84913 0.849141 0.849151 0.849159 0.849167 0.849173 0.849178 0.849182 0.849185 0.849186 0.849186 0.849185 0.849182 0.849178 0.849173 0.849166 0.849158 0.849149 0.84914 0.849129 0.849118 0.849106 0.849093 0.84908 0.849067 0.849053 0.84904 0.849027 0.849014 0.849001 0.848989 0.848978 0.848968 0.848958 
0.886479 0.886469 0.88646 0.886451 0.886442 0.886434 0.886427 0.886421 0.886415 0.88641 0.886407 0.886404 0.886402 0.886401 0.886401 0.886403 0.886405 0.886408 0.886413 0.886418 0.886424 0.88643 0.886438 0.886446 0.886455 0.886464 0.886474 0.886483 0.886494 0.886504 0.886514 0.886524 0.886533 0.886543 0.886552 0.88656 0.886568 0.886575 0.886582 0.886587 0.886592 0.886596 0.886599 0.8866 0.886601 0.886601 0.8866 0.886597 0.886594 0.88659 0.886585 0.886579 0.886572 0.886564 0.886556 0.886547 0.886538 0.886529 0.886519 0.886509 0.886499 0.886489 
0.915684 0.915679 0.915673 0.915667 0.91566 0.915653 0.915646 0.915638 0.915631 0.915623 0.915616 0.915609 0.915602 0.915595 0.915589 0.915583 0.915578 0.915573 0.915569 0.915566 0.915563 0.915561 0.915559 0.915559 0.915559 0.91556 0.915561 0.915564 0.915567 0.91557 0.915574 0.915579 0.915585 0.915591 0.915597 0.915604 0.915611 0.915618 0.915625 0.915633 0.91564 0.915647 0.915654 0.915661 0.915668 0.915674 0.91568 0.915685 0.91569 0.915694 0.915698 0.915701 0.915703 0.915704 0.915705 0.915705 0.915704 0.915702 0.9157 0.915697 0.915693 0.915689 
0.936534 0.936536 0.936537 0.936537 0.936536 0.936534 0.936531 0.936527 0.936522 0.936517 0.93651 0.936503 0.936496 0.936487 0.936479 0.93647 0.93646 0.93645 0.936441 0.936431 0.936421 0.936412 0.936403 0.936394 0.936386 0.936378 0.936371 0.936365 0.936359 0.936355 0.936351 0.936348 0.936346 0.936345 0.936345 0.936346 0.936348 0.936351 0.936355 0.936359 0.936365 0.936371 0.936378 0.936386 0.936394 0.936403 0.936412 0.936422 0.936431 0.936441 0.936451 0.936461 0.93647 0.936479 0.936488 0.936496 0.936504 0.936511 0.936517 0.936523 0.936527 0.936531 
0.949034 0.949043 0.949049 0.949055 0.94906 0.949063 0.949065 0.949065 0.949064 0.949061 0.949058 0.949052 0.949046 0.949038 0.949029 0.949019 0.949008 0.948997 0.948984 0.948971 0.948958 0.948944 0.94893 0.948916 0.948902 0.948888 0.948875 0.948862 0.94885 0.948839 0.948829 0.948819 0.948811 0.948804 0.948798 0.948794 0.948791 0.948789 0.948789 0.94879 0.948792 0.948796 0.948802 0.948808 0.948816 0.948825 0.948835 0.948846 0.948857 0.94887 0.948883 0.948897 0.94891 0.948924 0.948938 0.948952 0.948966 0.948979 0.948992 0.949004 0.949015 0.949025 
0.953206 0.953217 0.953226 0.953234 0.953241 0.953246 0.953249 0.953251 0.953251 0.95325 0.953246 0.953242 0.953235 0.953227 0.953218 0.953207 0.953195 0.953182 0.953168 0.953154 0.953138 0.953122 0.953106 0.95309 0.953073 0.953057 0.953041 0.953025 0.953011 0.952997 0.952984 0.952972 0.952961 0.952951 0.952943 0.952937 0.952932 0.952929 0.952927 0.952927 0.952929 0.952932 0.952937 0.952943 0.952951 0.952961 0.952971 0.952983 0.952996 0.95301 0.953025 0.953041 0.953056 0.953073 0.953089 0.953106 0.953122 0.953138 0.953153 0.953168 0.953182 0.953195 
0.949061 0.949069 0.949076 0.949081 0.949085 0.949087 0.949087 0.949086 0.949083 0.949079 0.949073 0.949066 0.949057 0.949047 0.949035 0.949023 0.949009 0.948995 0.94898 0.948964 0.948949 0.948932 0.948916 0.9489 0.948884 0.948869 0.948854 0.94884 0.948827 0.948815 0.948804 0.948794 0.948786 0.948779 0.948773 0.94877 0.948768 0.948767 0.948768 0.948771 0.948776 0.948782 0.948789 0.948798 0.948808 0.94882 0.948832 0.948846 0.94886 0.948875 0.948891 0.948907 0.948923 0.948939 0.948955 0.948971 0.948986 0.949001 0.949015 0.949028 0.94904 0.949051 
0.936585 0.936586 0.936586 0.936584 0.936581 0.936576 0.93657 0.936563 0.936554 0.936544 0.936534 0.936522 0.936509 0.936496 0.936482 0.936468 0.936453 0.936438 0.936424 0.936409 0.936395 0.936382 0.936368 0.936356 0.936345 0.936334 0.936325 0.936317 0.93631 0.936305 0.936301 0.936298 0.936297 0.936297 0.936299 0.936302 0.936307 0.936313 0.936321 0.93633 0.936339 0.93635 0.936362 0.936375 0.936388 0.936402 0.936416 0.936431 0.936445 0.93646 0.936475 0.936489 0.936502 0.936515 0.936528 0.936539 0.936549 0.936559 0.936567 0.936573 0.936579 0.936583 
0.915754 0.915745 0.915735 0.915724 0.915713 0.9157 0.915687 0.915673 0.915659 0.915644 0.91563 0.915615 0.915601 0.915587 0.915573 0.91556 0.915548 0.915537 0.915526 0.915517 0.915509 0.915502 0.915497 0.915493 0.91549 0.915489 0.915489 0.915491 0.915494 0.915499 0.915505 0.915513 0.915521 0.915531 0.915542 0.915554 0.915566 0.915579 0.915593 0.915607 0.915622 0.915637 0.915651 0.915665 0.915679 0.915693 0.915706 0.915718 0.915729 0.91574 0.915749 0.915757 0.915764 0.915769 0.915773 0.915776 0.915777 0.915777 0.915775 0.915771 0.915767 0.915761 
0.886546 0.886529 0.886512 0.886496 0.886479 0.886462 0.886446 0.88643 0.886415 0.886401 0.886388 0.886377 0.886366 0.886357 0.886349 0.886343 0.886339 0.886336 0.886335 0.886336 0.886339 0.886343 0.886349 0.886356 0.886365 0.886375 0.886387 0.8864 0.886414 0.886428 0.886444 0.88646 0.886477 0.886494 0.886511 0.886527 0.886544 0.88656 0.886576 0.886591 0.886605 0.886617 0.886629 0.88664 0.886649 0.886656 0.886662 0.886666 0.886669 0.88667 0.886669 0.886667 0.886662 0.886657 0.886649 0.88664 0.88663 0.886618 0.886605 0.886592 0.886577 0.886561 
0.848982 0.848965 0.848948 0.848933 0.848919 0.848906 0.848895 0.848885 0.848877 0.848871 0.848867 0.848865 0.848865 0.848866 0.84887 0.848876 0.848883 0.848893 0.848903 0.848916 0.84893 0.848945 0.848962 0.848979 0.848997 0.849016 0.849035 0.849054 0.849074 0.849093 0.849112 0.84913 0.849148 0.849164 0.84918 0.849194 0.849207 0.849218 0.849227 0.849235 0.849241 0.849245 0.849247 0.849247 0.849246 0.849242 0.849236 0.849228 0.849219 0.849208 0.849196 0.849182 0.849166 0.84915 0.849132 0.849114 0.849096 0.849076 0.849057 0.849038 0.849019 0.849 
0.803136 0.803126 0.803119 0.803113 0.80311 0.803108 0.803109 0.803111 0.803115 0.803122 0.80313 0.80314 0.803152 0.803165 0.803179 0.803195 0.803213 0.803231 0.803249 0.803269 0.803289 0.803309 0.803328 0.803348 0.803367 0.803386 0.803404 0.80342 0.803436 0.80345 0.803463 0.803474 0.803483 0.803491 0.803496 0.8035 0.803501 0.803501 0.803498 0.803494 0.803488 0.803479 0.803469 0.803458 0.803444 0.803429 0.803413 0.803396 0.803378 0.803359 0.80334 0.80332 0.8033 0.80328 0.803261 0.803241 0.803223 0.803205 0.803188 0.803173 0.803159 0.803146 
0.749101 0.749104 0.749109 0.749116 0.749125 0.749135 0.749146 0.749159 0.749173 0.749188 0.749204 0.74922 0.749238 0.749255 0.749273 0.749291 0.749309 0.749326 0.749343 0.74936 0.749375 0.74939 0.749403 0.749415 0.749425 0.749434 0.749442 0.749447 0.749451 0.749453 0.749454 0.749452 0.749449 0.749444 0.749437 0.749428 0.749418 0.749407 0.749394 0.74938 0.749365 0.749349 0.749332 0.749315 0.749297 0.749279 0.749261 0.749243 0.749226 0.749209 0.749193 0.749177 0.749163 0.74915 0.749138 0.749127 0.749119 0.749111 0.749106 0.749102 0.7491 0.7491 
0.686943 0.686954 0.686966 0.686979 0.686992 0.687006 0.68702 0.687034 0.687048 0.687062 0.687075 0.687088 0.687101 0.687113 0.687124 0.687134 0.687143 0.687151 0.687157 0.687163 0.687167 0.687169 0.68717 0.68717 0.687169 0.687166 0.687161 0.687155 0.687148 0.68714 0.687131 0.68712 0.687109 0.687097 0.687084 0.687071 0.687057 0.687043 0.687029 0.687015 0.687001 0.686988 0.686975 0.686962 0.68695 0.686939 0.686929 0.68692 0.686913 0.686906 0.686901 0.686897 0.686894 0.686893 0.686893 0.686895 0.686898 0.686903 0.686909 0.686916 0.686924 0.686933 
0.616707 0.616716 0.616725 0.616734 0.616742 0.61675 0.616757 0.616764 0.616769 0.616774 0.616778 0.616782 0.616784 0.616785 0.616786 0.616785 0.616784 0.616781 0.616778 0.616774 0.616769 0.616763 0.616756 0.616749 0.616741 0.616733 0.616724 0.616715 0.616705 0.616696 0.616686 0.616677 0.616668 0.616658 0.61665 0.616641 0.616634 0.616627 0.61662 0.616614 0.616609 0.616605 0.616602 0.6166 0.616598 0.616598 0.616599 0.6166 0.616603 0.616606 0.616611 0.616616 0.616622 0.616628 0.616636 0.616643 0.616652 0.616661 0.61667 0.616679 0.616688 0.616698 
0.538539 0.538541 0.538542 0.538543 0.538543 0.538542 0.538541 0.53854 0.538538 0.538535 0.538532 0.538528 0.538524 0.53852 0.538515 0.53851 0.538505 0.538499 0.538494 0.538488 0.538482 0.538477 0.538471 0.538466 0.538461 0.538456 0.538451 0.538447 0.538443 0.53844 0.538437 0.538435 0.538433 0.538432 0.538431 0.538431 0.538432 0.538433 0.538434 0.538436 0.538439 0.538442 0.538446 0.53845 0.538455 0.538459 0.538464 0.53847 0.538475 0.538481 0.538486 0.538492 0.538498 0.538503 0.538509 0.538514 0.538519 0.538523 0.538527 0.538531 0.538534 0.538537 
0.452839 0.452836 0.452833 0.45283 0.452826 0.452823 0.45282 0.452816 0.452813 0.452809 0.452806 0.452803 0.4528 0.452797 0.452795 0.452792 0.45279 0.452788 0.452787 0.452786 0.452785 0.452784 0.452784 0.452784 0.452785 0.452786 0.452787 0.452788 0.45279 0.452792 0.452795 0.452797 0.4528 0.452803 0.452806 0.45281 0.452813 0.452817 0.45282 0.452823 0.452827 0.45283 0.452833 0.452836 0.452839 0.452842 0.452844 0.452846 0.452848 0.452849 0.452851 0.452851 0.452852 0.452852 0.452852 0.452851 0.45285 0.452849 0.452847 0.452846 0.452843 0.452841 
0.360317 0.360315 0.360314 0.360312 0.360311 0.36031 0.360309 0.360308 0.360308 0.360308 0.360308 0.360309 0.360309 0.36031 0.360311 0.360313 0.360314 0.360316 0.360318 0.36032 0.360322 0.360325 0.360327 0.36033 0.360332 0.360335 0.360337 0.36034 0.360342 0.360344 0.360346 0.360349 0.36035 0.360352 0.360354 0.360355 0.360356 0.360357 0.360357 0.360358 0.360358 0.360358 0.360357 0.360357 0.360356 0.360354 0.360353 0.360351 0.36035 0.360348 0.360346 0.360343 0.360341 0.360339 0.360336 0.360333 0.360331 0.360328 0.360326 0.360324 0.360321 0.360319 
0.261977 0.261978 0.261978 0.261979 0.26198 0.261982 0.261983 0.261985 0.261986 0.261988 0.26199 0.261992 0.261994 0.261996 0.261998 0.261999 0.262001 0.262003 0.262005 0.262007 0.262008 0.26201 0.262011 0.262012 0.262013 0.262014 0.262014 0.262015 0.262015 0.262015 0.262015 0.262014 0.262014 0.262013 0.262012 0.262011 0.26201 0.262008 0.262007 0.262005 0.262003 0.262002 0.262 0.261998 0.261996 0.261994 0.261992 0.26199 0.261988 0.261986 0.261985 0.261983 0.261982 0.261981 0.261979 0.261978 0.261978 0.261977 0.261977 0.261976 0.261976 0.261977 
0.159119 0.15912 0.159122 0.159123 0.159124 0.159125 0.159127 0.159128 0.159129 0.15913 0.159132 0.159133 0.159134 0.159134 0.159135 0.159136 0.159137 0.159137 0.159137 0.159138 0.159138 0.159138 0.159137 0.159137 0.159137 0.159136 0.159135 0.159135 0.159134 0.159133 0.159132 0.159131 0.159129 0.159128 0.159127 0.159126 0.159124 0.159123 0.159122 0.15912 0.159119 0.159118 0.159117 0.159116 0.159115 0.159114 0.159114 0.159113 0.159113 0.159112 0.159112 0.159112 0.159112 0.159112 0.159113 0.159113 0.159114 0.159114 0.159115 0.159116 0.159117 0.159118 
0.0533713 0.0533717 0.0533722 0.0533726 0.053373 0.0533734 0.0533738 0.0533742 0.0533745 0.0533748 0.0533751 0.0533754 0.0533756 0.0533757 0.0533759 0.053376 0.053376 0.053376 0.053376 0.0533759 0.0533757 0.0533756 0.0533753 0.0533751 0.0533748 0.0533745 0.0533741 0.0533738 0.0533734 0.0533729 0.0533725 0.0533721 0.0533716 0.0533712 0.0533708 0.0533703 0.0533699 0.0533695 0.0533691 0.0533688 0.0533685 0.0533682 0.0533679 0.0533677 0.0533676 0.0533674 0.0533674 0.0533673 0.0533673 0.0533674 0.0533675 0.0533676 0.0533678 0.053368 0.0533682 0.0533685 0.0533689 0.0533692 0.0533696 0.05337 0.0533704 0.0533709 
